track type=wiggle_0 name="Brain Amygd" description="Brain Amygdala"
#bedGraph section chr20:4187633-4686467
chr20	4686074	4686116	0
chr20	4686116	4686192	2
chr20	4686192	4686381	0
chr20	4686381	4686405	2
chr20	4686405	4686413	3
chr20	4686413	4686432	4
chr20	4686432	4686433	6
chr20	4686433	4686434	7
chr20	4686434	4686435	9
chr20	4686435	4686436	10
chr20	4686436	4686437	13
chr20	4686437	4686441	14
chr20	4686441	4686445	15
chr20	4686445	4686448	16
chr20	4686448	4686449	17
chr20	4686449	4686451	23
chr20	4686451	4686452	27
chr20	4686452	4686453	29
chr20	4686453	4686457	32
chr20	4686457	4686459	31
chr20	4686459	4686461	37
chr20	4686461	4686463	38
chr20	4686463	4686464	48
chr20	4686464	4686465	51
chr20	4686465	4686467	56
#bedGraph section chr20:4686467-4700099
chr20	4686467	4686468	58
chr20	4686468	4686469	60
chr20	4686469	4686470	69
chr20	4686470	4686471	80
chr20	4686471	4686472	111
chr20	4686472	4686473	117
chr20	4686473	4686474	127
chr20	4686474	4686475	139
chr20	4686475	4686476	143
chr20	4686476	4686477	152
chr20	4686477	4686478	155
chr20	4686478	4686479	180
chr20	4686479	4686480	192
chr20	4686480	4686481	204
chr20	4686481	4686482	215
chr20	4686482	4686483	216
chr20	4686483	4686484	217
chr20	4686484	4686485	218
chr20	4686485	4686486	220
chr20	4686486	4686488	223
chr20	4686488	4686489	229
chr20	4686489	4686490	228
chr20	4686490	4686491	241
chr20	4686491	4686493	243
chr20	4686493	4686496	244
chr20	4686496	4686497	245
chr20	4686497	4686498	248
chr20	4686498	4686499	254
chr20	4686499	4686500	256
chr20	4686500	4686501	258
chr20	4686501	4686502	261
chr20	4686502	4686503	262
chr20	4686503	4686504	274
chr20	4686504	4686505	282
chr20	4686505	4686506	284
chr20	4686506	4686508	285
chr20	4686508	4686511	178
chr20	4686511	4686512	180
chr20	4686512	4686689	0
chr20	4686689	4686735	1
chr20	4686735	4686736	3
chr20	4686736	4687604	0
chr20	4687604	4687663	1
chr20	4687663	4687680	2
chr20	4687680	4687739	1
chr20	4687739	4688400	0
chr20	4688400	4688476	1
chr20	4688476	4688645	0
chr20	4688645	4688721	1
chr20	4688721	4688865	0
chr20	4688865	4688941	1
chr20	4688941	4692946	0
chr20	4692946	4693021	2
chr20	4693021	4693022	1
chr20	4693022	4693097	0
chr20	4693097	4693173	2
chr20	4693173	4695280	0
chr20	4695280	4695307	1
chr20	4695307	4695345	2
chr20	4695345	4695356	3
chr20	4695356	4695382	2
chr20	4695382	4695413	1
chr20	4695413	4695421	2
chr20	4695421	4695439	1
chr20	4695439	4695454	2
chr20	4695454	4695489	3
chr20	4695489	4695512	2
chr20	4695512	4695514	1
chr20	4695514	4695869	0
chr20	4695869	4695943	1
chr20	4695943	4695947	0
chr20	4695947	4696018	1
chr20	4696018	4696023	2
chr20	4696023	4696089	1
chr20	4696089	4696094	2
chr20	4696094	4696165	1
chr20	4696165	4696180	0
chr20	4696180	4696186	1
chr20	4696186	4696256	2
chr20	4696256	4696261	1
chr20	4696261	4696564	0
chr20	4696564	4696640	1
chr20	4696640	4696649	0
chr20	4696649	4696679	1
chr20	4696679	4696722	2
chr20	4696722	4696755	1
chr20	4696755	4696761	0
chr20	4696761	4696770	1
chr20	4696770	4696795	2
chr20	4696795	4696830	3
chr20	4696830	4696834	4
chr20	4696834	4696836	5
chr20	4696836	4696846	4
chr20	4696846	4696863	3
chr20	4696863	4696871	4
chr20	4696871	4696906	3
chr20	4696906	4696910	2
chr20	4696910	4696939	1
chr20	4696939	4696955	0
chr20	4696955	4696986	1
chr20	4696986	4696991	2
chr20	4696991	4697031	3
chr20	4697031	4697062	2
chr20	4697062	4697067	1
chr20	4697067	4697336	0
chr20	4697336	4697405	1
chr20	4697405	4697412	2
chr20	4697412	4697450	1
chr20	4697450	4697481	2
chr20	4697481	4697526	1
chr20	4697526	4697537	0
chr20	4697537	4697613	1
chr20	4697613	4697790	0
chr20	4697790	4697866	1
chr20	4697866	4697914	0
chr20	4697914	4697932	1
chr20	4697932	4697933	2
chr20	4697933	4697970	3
chr20	4697970	4697985	4
chr20	4697985	4697990	5
chr20	4697990	4698008	4
chr20	4698008	4698009	3
chr20	4698009	4698031	2
chr20	4698031	4698041	4
chr20	4698041	4698046	5
chr20	4698046	4698050	4
chr20	4698050	4698059	5
chr20	4698059	4698067	6
chr20	4698067	4698068	7
chr20	4698068	4698107	8
chr20	4698107	4698108	6
chr20	4698108	4698109	7
chr20	4698109	4698117	8
chr20	4698117	4698126	7
chr20	4698126	4698135	6
chr20	4698135	4698143	4
chr20	4698143	4698144	3
chr20	4698144	4698184	2
chr20	4698184	4698185	1
chr20	4698185	4698196	0
chr20	4698196	4698209	2
chr20	4698209	4698220	3
chr20	4698220	4698250	4
chr20	4698250	4698251	6
chr20	4698251	4698272	7
chr20	4698272	4698285	5
chr20	4698285	4698296	4
chr20	4698296	4698326	3
chr20	4698326	4698327	1
chr20	4698327	4698468	0
chr20	4698468	4698498	2
chr20	4698498	4698519	3
chr20	4698519	4698544	4
chr20	4698544	4698574	2
chr20	4698574	4698595	1
chr20	4698595	4698599	0
chr20	4698599	4698642	1
chr20	4698642	4698670	2
chr20	4698670	4698675	3
chr20	4698675	4698683	2
chr20	4698683	4698718	3
chr20	4698718	4698721	2
chr20	4698721	4698746	3
chr20	4698746	4698759	2
chr20	4698759	4698795	1
chr20	4698795	4698797	2
chr20	4698797	4698822	1
chr20	4698822	4698824	2
chr20	4698824	4698870	3
chr20	4698870	4698872	2
chr20	4698872	4698885	3
chr20	4698885	4698896	4
chr20	4698896	4698898	3
chr20	4698898	4698900	2
chr20	4698900	4698948	1
chr20	4698948	4699023	0
chr20	4699023	4699063	1
chr20	4699063	4699065	2
chr20	4699065	4699078	3
chr20	4699078	4699084	5
chr20	4699084	4699099	7
chr20	4699099	4699139	6
chr20	4699139	4699141	5
chr20	4699141	4699147	4
chr20	4699147	4699149	5
chr20	4699149	4699154	7
chr20	4699154	4699160	5
chr20	4699160	4699164	3
chr20	4699164	4699167	4
chr20	4699167	4699208	5
chr20	4699208	4699210	8
chr20	4699210	4699212	291
chr20	4699212	4699214	289
chr20	4699214	4699215	288
chr20	4699215	4699216	293
chr20	4699216	4699217	296
chr20	4699217	4699218	299
chr20	4699218	4699219	300
chr20	4699219	4699221	303
chr20	4699221	4699222	308
chr20	4699222	4699223	318
chr20	4699223	4699224	313
chr20	4699224	4699225	316
chr20	4699225	4699227	313
chr20	4699227	4699229	308
chr20	4699229	4699230	314
chr20	4699230	4699231	318
chr20	4699231	4699232	321
chr20	4699232	4699233	340
chr20	4699233	4699234	338
chr20	4699234	4699235	343
chr20	4699235	4699236	342
chr20	4699236	4699237	352
chr20	4699237	4699238	356
chr20	4699238	4699239	355
chr20	4699239	4699240	354
chr20	4699240	4699241	359
chr20	4699241	4699243	353
chr20	4699243	4699244	346
chr20	4699244	4699245	347
chr20	4699245	4699246	335
chr20	4699246	4699247	336
chr20	4699247	4699248	342
chr20	4699248	4699249	335
chr20	4699249	4699250	317
chr20	4699250	4699252	311
chr20	4699252	4699253	302
chr20	4699253	4699254	294
chr20	4699254	4699255	286
chr20	4699255	4699256	279
chr20	4699256	4699257	270
chr20	4699257	4699258	268
chr20	4699258	4699259	265
chr20	4699259	4699260	261
chr20	4699260	4699261	262
chr20	4699261	4699262	272
chr20	4699262	4699263	268
chr20	4699263	4699264	278
chr20	4699264	4699265	276
chr20	4699265	4699267	275
chr20	4699267	4699268	277
chr20	4699268	4699269	273
chr20	4699269	4699270	274
chr20	4699270	4699272	277
chr20	4699272	4699273	275
chr20	4699273	4699275	280
chr20	4699275	4699277	282
chr20	4699277	4699278	275
chr20	4699278	4699279	271
chr20	4699279	4699280	268
chr20	4699280	4699281	267
chr20	4699281	4699282	261
chr20	4699282	4699283	257
chr20	4699283	4699284	258
chr20	4699284	4699285	259
chr20	4699285	4699286	272
chr20	4699286	4699288	275
chr20	4699288	4699289	281
chr20	4699289	4699290	285
chr20	4699290	4699291	284
chr20	4699291	4699292	287
chr20	4699292	4699293	286
chr20	4699293	4699294	283
chr20	4699294	4699295	289
chr20	4699295	4699296	291
chr20	4699296	4699297	293
chr20	4699297	4699298	287
chr20	4699298	4699300	280
chr20	4699300	4699301	281
chr20	4699301	4699302	290
chr20	4699302	4699303	294
chr20	4699303	4699304	298
chr20	4699304	4699305	301
chr20	4699305	4699306	298
chr20	4699306	4699307	301
chr20	4699307	4699308	299
chr20	4699308	4699309	281
chr20	4699309	4699310	279
chr20	4699310	4699311	275
chr20	4699311	4699312	280
chr20	4699312	4699313	270
chr20	4699313	4699314	260
chr20	4699314	4699315	264
chr20	4699315	4699316	265
chr20	4699316	4699317	263
chr20	4699317	4699318	268
chr20	4699318	4699319	277
chr20	4699319	4699320	276
chr20	4699320	4699321	267
chr20	4699321	4699322	264
chr20	4699322	4699323	259
chr20	4699323	4699324	244
chr20	4699324	4699327	240
chr20	4699327	4699328	243
chr20	4699328	4699329	233
chr20	4699329	4699330	232
chr20	4699330	4699331	228
chr20	4699331	4699332	227
chr20	4699332	4699333	231
chr20	4699333	4699334	233
chr20	4699334	4699335	235
chr20	4699335	4699336	236
chr20	4699336	4699337	233
chr20	4699337	4699339	223
chr20	4699339	4699340	215
chr20	4699340	4699341	214
chr20	4699341	4699342	215
chr20	4699342	4699344	218
chr20	4699344	4699345	217
chr20	4699345	4699346	216
chr20	4699346	4699347	212
chr20	4699347	4699348	210
chr20	4699348	4699349	208
chr20	4699349	4699351	204
chr20	4699351	4699353	201
chr20	4699353	4699354	200
chr20	4699354	4699355	198
chr20	4699355	4699357	200
chr20	4699357	4699358	203
chr20	4699358	4699360	201
chr20	4699360	4699361	204
chr20	4699361	4699363	194
chr20	4699363	4699364	196
chr20	4699364	4699365	186
chr20	4699365	4699366	187
chr20	4699366	4699367	192
chr20	4699367	4699368	188
chr20	4699368	4699370	186
chr20	4699370	4699371	181
chr20	4699371	4699372	182
chr20	4699372	4699375	181
chr20	4699375	4699376	185
chr20	4699376	4699377	183
chr20	4699377	4699378	175
chr20	4699378	4699379	168
chr20	4699379	4699380	169
chr20	4699380	4699381	165
chr20	4699381	4699382	155
chr20	4699382	4699383	156
chr20	4699383	4699385	157
chr20	4699385	4699386	156
chr20	4699386	4699387	159
chr20	4699387	4699388	160
chr20	4699388	4699389	155
chr20	4699389	4699390	154
chr20	4699390	4699391	151
chr20	4699391	4699392	148
chr20	4699392	4699393	145
chr20	4699393	4699394	138
chr20	4699394	4699396	131
chr20	4699396	4699397	134
chr20	4699397	4699398	131
chr20	4699398	4699399	134
chr20	4699399	4699400	131
chr20	4699400	4699402	132
chr20	4699402	4699403	130
chr20	4699403	4699404	124
chr20	4699404	4699405	123
chr20	4699405	4699406	122
chr20	4699406	4699407	121
chr20	4699407	4699408	122
chr20	4699408	4699410	116
chr20	4699410	4699411	117
chr20	4699411	4699412	125
chr20	4699412	4699413	126
chr20	4699413	4699414	125
chr20	4699414	4699415	124
chr20	4699415	4699416	123
chr20	4699416	4699418	122
chr20	4699418	4699419	119
chr20	4699419	4699420	122
chr20	4699420	4699421	121
chr20	4699421	4699422	122
chr20	4699422	4699424	125
chr20	4699424	4699426	126
chr20	4699426	4699427	124
chr20	4699427	4699428	123
chr20	4699428	4699429	126
chr20	4699429	4699430	127
chr20	4699430	4699431	129
chr20	4699431	4699432	128
chr20	4699432	4699433	124
chr20	4699433	4699434	128
chr20	4699434	4699435	134
chr20	4699435	4699436	146
chr20	4699436	4699437	143
chr20	4699437	4699438	141
chr20	4699438	4699439	140
chr20	4699439	4699440	137
chr20	4699440	4699441	141
chr20	4699441	4699442	138
chr20	4699442	4699443	134
chr20	4699443	4699444	135
chr20	4699444	4699445	136
chr20	4699445	4699446	132
chr20	4699446	4699447	134
chr20	4699447	4699448	131
chr20	4699448	4699450	130
chr20	4699450	4699451	132
chr20	4699451	4699452	134
chr20	4699452	4699453	141
chr20	4699453	4699454	140
chr20	4699454	4699455	141
chr20	4699455	4699456	143
chr20	4699456	4699457	140
chr20	4699457	4699458	146
chr20	4699458	4699459	148
chr20	4699459	4699460	157
chr20	4699460	4699461	168
chr20	4699461	4699462	173
chr20	4699462	4699463	178
chr20	4699463	4699464	176
chr20	4699464	4699465	175
chr20	4699465	4699466	174
chr20	4699466	4699467	175
chr20	4699467	4699468	174
chr20	4699468	4699470	184
chr20	4699470	4699471	186
chr20	4699471	4699473	183
chr20	4699473	4699474	185
chr20	4699474	4699475	181
chr20	4699475	4699476	187
chr20	4699476	4699477	186
chr20	4699477	4699478	188
chr20	4699478	4699479	191
chr20	4699479	4699481	197
chr20	4699481	4699482	202
chr20	4699482	4699483	205
chr20	4699483	4699484	234
chr20	4699484	4699485	237
chr20	4699485	4699486	240
chr20	4699486	4699487	241
chr20	4699487	4699488	238
chr20	4699488	4699489	243
chr20	4699489	4699490	239
chr20	4699490	4699491	252
chr20	4699491	4699492	256
chr20	4699492	4699493	257
chr20	4699493	4699494	270
chr20	4699494	4699495	275
chr20	4699495	4699496	272
chr20	4699496	4699497	278
chr20	4699497	4699498	282
chr20	4699498	4699499	279
chr20	4699499	4699500	283
chr20	4699500	4699501	289
chr20	4699501	4699502	299
chr20	4699502	4699503	293
chr20	4699503	4699504	306
chr20	4699504	4699505	316
chr20	4699505	4699506	322
chr20	4699506	4699507	321
chr20	4699507	4699508	322
chr20	4699508	4699509	323
chr20	4699509	4699510	322
chr20	4699510	4699511	320
chr20	4699511	4699512	312
chr20	4699512	4699513	325
chr20	4699513	4699514	338
chr20	4699514	4699515	337
chr20	4699515	4699516	342
chr20	4699516	4699517	348
chr20	4699517	4699518	358
chr20	4699518	4699519	360
chr20	4699519	4699520	363
chr20	4699520	4699521	368
chr20	4699521	4699522	371
chr20	4699522	4699523	393
chr20	4699523	4699524	402
chr20	4699524	4699525	403
chr20	4699525	4699526	406
chr20	4699526	4699527	401
chr20	4699527	4699528	400
chr20	4699528	4699529	392
chr20	4699529	4699530	394
chr20	4699530	4699531	393
chr20	4699531	4699532	394
chr20	4699532	4699533	415
chr20	4699533	4699534	444
chr20	4699534	4699535	449
chr20	4699535	4699536	446
chr20	4699536	4699537	435
chr20	4699537	4699538	431
chr20	4699538	4699539	423
chr20	4699539	4699540	432
chr20	4699540	4699541	430
chr20	4699541	4699542	429
chr20	4699542	4699543	426
chr20	4699543	4699544	431
chr20	4699544	4699546	421
chr20	4699546	4699547	424
chr20	4699547	4699548	425
chr20	4699548	4699549	427
chr20	4699549	4699550	432
chr20	4699550	4699551	436
chr20	4699551	4699552	434
chr20	4699552	4699553	442
chr20	4699553	4699554	444
chr20	4699554	4699555	445
chr20	4699555	4699556	452
chr20	4699556	4699557	461
chr20	4699557	4699558	460
chr20	4699558	4699559	457
chr20	4699559	4699560	428
chr20	4699560	4699561	421
chr20	4699561	4699562	418
chr20	4699562	4699564	423
chr20	4699564	4699565	417
chr20	4699565	4699566	420
chr20	4699566	4699567	415
chr20	4699567	4699568	412
chr20	4699568	4699569	419
chr20	4699569	4699570	418
chr20	4699570	4699571	421
chr20	4699571	4699572	424
chr20	4699572	4699573	430
chr20	4699573	4699574	422
chr20	4699574	4699576	429
chr20	4699576	4699577	424
chr20	4699577	4699578	420
chr20	4699578	4699579	418
chr20	4699579	4699580	408
chr20	4699580	4699581	406
chr20	4699581	4699582	402
chr20	4699582	4699583	429
chr20	4699583	4699584	443
chr20	4699584	4699585	441
chr20	4699585	4699586	467
chr20	4699586	4699587	470
chr20	4699587	4699588	483
chr20	4699588	4699589	475
chr20	4699589	4699590	469
chr20	4699590	4699591	473
chr20	4699591	4699592	464
chr20	4699592	4699593	480
chr20	4699593	4699594	474
chr20	4699594	4699595	475
chr20	4699595	4699596	478
chr20	4699596	4699597	488
chr20	4699597	4699598	503
chr20	4699598	4699599	510
chr20	4699599	4699601	506
chr20	4699601	4699602	512
chr20	4699602	4699604	510
chr20	4699604	4699605	505
chr20	4699605	4699606	514
chr20	4699606	4699607	537
chr20	4699607	4699608	621
chr20	4699608	4699609	627
chr20	4699609	4699611	625
chr20	4699611	4699612	621
chr20	4699612	4699613	631
chr20	4699613	4699614	633
chr20	4699614	4699615	638
chr20	4699615	4699616	630
chr20	4699616	4699617	669
chr20	4699617	4699618	710
chr20	4699618	4699619	735
chr20	4699619	4699620	740
chr20	4699620	4699621	750
chr20	4699621	4699622	767
chr20	4699622	4699623	784
chr20	4699623	4699624	795
chr20	4699624	4699625	806
chr20	4699625	4699626	803
chr20	4699626	4699627	812
chr20	4699627	4699628	817
chr20	4699628	4699629	816
chr20	4699629	4699630	818
chr20	4699630	4699631	826
chr20	4699631	4699632	812
chr20	4699632	4699633	805
chr20	4699633	4699634	808
chr20	4699634	4699635	820
chr20	4699635	4699636	842
chr20	4699636	4699637	845
chr20	4699637	4699638	863
chr20	4699638	4699639	883
chr20	4699639	4699640	885
chr20	4699640	4699641	899
chr20	4699641	4699642	909
chr20	4699642	4699643	910
chr20	4699643	4699644	911
chr20	4699644	4699645	905
chr20	4699645	4699647	897
chr20	4699647	4699649	903
chr20	4699649	4699650	910
chr20	4699650	4699651	904
chr20	4699651	4699652	909
chr20	4699652	4699653	918
chr20	4699653	4699654	928
chr20	4699654	4699655	945
chr20	4699655	4699656	969
chr20	4699656	4699657	989
chr20	4699657	4699658	994
chr20	4699658	4699659	1003
chr20	4699659	4699660	995
chr20	4699660	4699661	1000
chr20	4699661	4699662	1036
chr20	4699662	4699663	1050
chr20	4699663	4699664	1047
chr20	4699664	4699665	1045
chr20	4699665	4699666	1040
chr20	4699666	4699667	1043
chr20	4699667	4699668	1039
chr20	4699668	4699669	1018
chr20	4699669	4699670	1016
chr20	4699670	4699671	1020
chr20	4699671	4699672	1049
chr20	4699672	4699673	1061
chr20	4699673	4699674	1037
chr20	4699674	4699675	1041
chr20	4699675	4699676	1044
chr20	4699676	4699677	1063
chr20	4699677	4699678	1055
chr20	4699678	4699679	1070
chr20	4699679	4699680	1063
chr20	4699680	4699681	1071
chr20	4699681	4699682	1074
chr20	4699682	4699683	1075
chr20	4699683	4699684	993
chr20	4699684	4699685	973
chr20	4699685	4699686	983
chr20	4699686	4699687	981
chr20	4699687	4699688	983
chr20	4699688	4699689	982
chr20	4699689	4699690	981
chr20	4699690	4699691	1009
chr20	4699691	4699692	1032
chr20	4699692	4699693	1007
chr20	4699693	4699694	967
chr20	4699694	4699695	963
chr20	4699695	4699696	967
chr20	4699696	4699697	959
chr20	4699697	4699698	958
chr20	4699698	4699699	944
chr20	4699699	4699700	952
chr20	4699700	4699702	985
chr20	4699702	4699703	980
chr20	4699703	4699704	976
chr20	4699704	4699705	980
chr20	4699705	4699706	1004
chr20	4699706	4699707	1008
chr20	4699707	4699708	1013
chr20	4699708	4699709	1023
chr20	4699709	4699710	1024
chr20	4699710	4699711	1033
chr20	4699711	4699712	1011
chr20	4699712	4699713	1019
chr20	4699713	4699714	1016
chr20	4699714	4699715	998
chr20	4699715	4699716	1000
chr20	4699716	4699717	1005
chr20	4699717	4699718	1006
chr20	4699718	4699719	1012
chr20	4699719	4699720	1029
chr20	4699720	4699721	1032
chr20	4699721	4699722	1031
chr20	4699722	4699724	1030
chr20	4699724	4699725	1021
chr20	4699725	4699726	1022
chr20	4699726	4699727	1107
chr20	4699727	4699728	1119
chr20	4699728	4699729	1121
chr20	4699729	4699730	1120
chr20	4699730	4699731	1131
chr20	4699731	4699732	1135
chr20	4699732	4699733	1148
chr20	4699733	4699734	1155
chr20	4699734	4699735	1124
chr20	4699735	4699736	1137
chr20	4699736	4699737	1126
chr20	4699737	4699738	1068
chr20	4699738	4699739	1062
chr20	4699739	4699740	1053
chr20	4699740	4699741	1077
chr20	4699741	4699742	1091
chr20	4699742	4699743	1089
chr20	4699743	4699744	1093
chr20	4699744	4699745	1109
chr20	4699745	4699746	1123
chr20	4699746	4699747	1137
chr20	4699747	4699748	1104
chr20	4699748	4699749	1083
chr20	4699749	4699750	1090
chr20	4699750	4699751	1109
chr20	4699751	4699752	1129
chr20	4699752	4699753	1110
chr20	4699753	4699754	1117
chr20	4699754	4699755	1100
chr20	4699755	4699756	1101
chr20	4699756	4699757	1128
chr20	4699757	4699758	1136
chr20	4699758	4699759	1112
chr20	4699759	4699760	1116
chr20	4699760	4699761	1117
chr20	4699761	4699762	1094
chr20	4699762	4699763	1097
chr20	4699763	4699764	1106
chr20	4699764	4699765	1117
chr20	4699765	4699766	1145
chr20	4699766	4699767	1123
chr20	4699767	4699768	1114
chr20	4699768	4699769	1115
chr20	4699769	4699770	1126
chr20	4699770	4699771	1122
chr20	4699771	4699772	1114
chr20	4699772	4699773	1131
chr20	4699773	4699774	1115
chr20	4699774	4699775	1114
chr20	4699775	4699776	1107
chr20	4699776	4699777	1059
chr20	4699777	4699778	1083
chr20	4699778	4699779	1091
chr20	4699779	4699780	1092
chr20	4699780	4699781	1115
chr20	4699781	4699782	1094
chr20	4699782	4699783	1095
chr20	4699783	4699784	1092
chr20	4699784	4699785	1093
chr20	4699785	4699786	1096
chr20	4699786	4699787	1085
chr20	4699787	4699788	1096
chr20	4699788	4699789	1103
chr20	4699789	4699791	1092
chr20	4699791	4699792	1117
chr20	4699792	4699793	1097
chr20	4699793	4699794	1115
chr20	4699794	4699795	1103
chr20	4699795	4699796	1091
chr20	4699796	4699797	1086
chr20	4699797	4699798	1085
chr20	4699798	4699799	1078
chr20	4699799	4699800	1066
chr20	4699800	4699801	1060
chr20	4699801	4699802	1086
chr20	4699802	4699803	1005
chr20	4699803	4699804	1004
chr20	4699804	4699805	1006
chr20	4699805	4699806	1013
chr20	4699806	4699807	985
chr20	4699807	4699808	967
chr20	4699808	4699809	930
chr20	4699809	4699810	925
chr20	4699810	4699811	936
chr20	4699811	4699812	939
chr20	4699812	4699813	964
chr20	4699813	4699814	1105
chr20	4699814	4699815	1122
chr20	4699815	4699816	1223
chr20	4699816	4699817	1208
chr20	4699817	4699818	1199
chr20	4699818	4699819	1196
chr20	4699819	4699820	1194
chr20	4699820	4699821	1168
chr20	4699821	4699822	1169
chr20	4699822	4699823	1156
chr20	4699823	4699824	1154
chr20	4699824	4699825	1141
chr20	4699825	4699826	1173
chr20	4699826	4699827	1161
chr20	4699827	4699828	1149
chr20	4699828	4699829	1150
chr20	4699829	4699830	1145
chr20	4699830	4699831	1164
chr20	4699831	4699832	1160
chr20	4699832	4699833	1124
chr20	4699833	4699834	1116
chr20	4699834	4699835	1121
chr20	4699835	4699836	1117
chr20	4699836	4699837	1147
chr20	4699837	4699838	1160
chr20	4699838	4699839	1155
chr20	4699839	4699840	1147
chr20	4699840	4699841	1139
chr20	4699841	4699843	1131
chr20	4699843	4699844	1128
chr20	4699844	4699845	1125
chr20	4699845	4699846	1110
chr20	4699846	4699847	1109
chr20	4699847	4699848	1106
chr20	4699848	4699849	1089
chr20	4699849	4699850	1098
chr20	4699850	4699851	1102
chr20	4699851	4699852	1099
chr20	4699852	4699853	1122
chr20	4699853	4699854	1149
chr20	4699854	4699855	1133
chr20	4699855	4699856	1149
chr20	4699856	4699857	1116
chr20	4699857	4699858	1118
chr20	4699858	4699859	1117
chr20	4699859	4699861	1119
chr20	4699861	4699862	1105
chr20	4699862	4699863	1115
chr20	4699863	4699864	1106
chr20	4699864	4699865	1098
chr20	4699865	4699866	1093
chr20	4699866	4699867	1107
chr20	4699867	4699868	1088
chr20	4699868	4699869	1100
chr20	4699869	4699870	1068
chr20	4699870	4699871	1078
chr20	4699871	4699872	1081
chr20	4699872	4699873	1090
chr20	4699873	4699874	1111
chr20	4699874	4699876	1113
chr20	4699876	4699877	1115
chr20	4699877	4699878	1096
chr20	4699878	4699879	1130
chr20	4699879	4699880	1137
chr20	4699880	4699881	1136
chr20	4699881	4699882	1119
chr20	4699882	4699883	1123
chr20	4699883	4699884	1132
chr20	4699884	4699885	1155
chr20	4699885	4699886	1153
chr20	4699886	4699887	1156
chr20	4699887	4699888	1131
chr20	4699888	4699889	1111
chr20	4699889	4699890	969
chr20	4699890	4699891	939
chr20	4699891	4699892	842
chr20	4699892	4699893	835
chr20	4699893	4699894	833
chr20	4699894	4699895	838
chr20	4699895	4699896	836
chr20	4699896	4699897	837
chr20	4699897	4699898	835
chr20	4699898	4699899	841
chr20	4699899	4699900	842
chr20	4699900	4699901	840
chr20	4699901	4699902	829
chr20	4699902	4699903	820
chr20	4699903	4699904	816
chr20	4699904	4699905	822
chr20	4699905	4699906	830
chr20	4699906	4699907	836
chr20	4699907	4699908	841
chr20	4699908	4699909	867
chr20	4699909	4699910	862
chr20	4699910	4699911	859
chr20	4699911	4699912	866
chr20	4699912	4699913	838
chr20	4699913	4699914	822
chr20	4699914	4699915	813
chr20	4699915	4699916	809
chr20	4699916	4699917	812
chr20	4699917	4699919	790
chr20	4699919	4699920	789
chr20	4699920	4699921	787
chr20	4699921	4699922	796
chr20	4699922	4699923	799
chr20	4699923	4699924	804
chr20	4699924	4699925	813
chr20	4699925	4699926	834
chr20	4699926	4699927	839
chr20	4699927	4699928	863
chr20	4699928	4699929	847
chr20	4699929	4699930	795
chr20	4699930	4699931	789
chr20	4699931	4699932	769
chr20	4699932	4699933	766
chr20	4699933	4699934	756
chr20	4699934	4699935	753
chr20	4699935	4699936	762
chr20	4699936	4699937	759
chr20	4699937	4699938	770
chr20	4699938	4699939	776
chr20	4699939	4699940	779
chr20	4699940	4699941	770
chr20	4699941	4699942	769
chr20	4699942	4699943	753
chr20	4699943	4699944	758
chr20	4699944	4699945	779
chr20	4699945	4699946	800
chr20	4699946	4699947	874
chr20	4699947	4699948	866
chr20	4699948	4699949	871
chr20	4699949	4699950	863
chr20	4699950	4699951	873
chr20	4699951	4699952	889
chr20	4699952	4699953	892
chr20	4699953	4699954	891
chr20	4699954	4699955	856
chr20	4699955	4699956	836
chr20	4699956	4699957	835
chr20	4699957	4699958	830
chr20	4699958	4699959	822
chr20	4699959	4699960	816
chr20	4699960	4699961	817
chr20	4699961	4699962	821
chr20	4699962	4699963	812
chr20	4699963	4699964	824
chr20	4699964	4699965	828
chr20	4699965	4699966	822
chr20	4699966	4699968	819
chr20	4699968	4699969	811
chr20	4699969	4699970	809
chr20	4699970	4699971	818
chr20	4699971	4699972	828
chr20	4699972	4699973	834
chr20	4699973	4699974	851
chr20	4699974	4699975	844
chr20	4699975	4699976	863
chr20	4699976	4699977	887
chr20	4699977	4699978	867
chr20	4699978	4699979	866
chr20	4699979	4699980	869
chr20	4699980	4699981	877
chr20	4699981	4699982	878
chr20	4699982	4699983	904
chr20	4699983	4699984	910
chr20	4699984	4699985	885
chr20	4699985	4699986	889
chr20	4699986	4699987	887
chr20	4699987	4699988	881
chr20	4699988	4699989	876
chr20	4699989	4699990	878
chr20	4699990	4699991	901
chr20	4699991	4699992	909
chr20	4699992	4699993	912
chr20	4699993	4699994	919
chr20	4699994	4699995	907
chr20	4699995	4699996	910
chr20	4699996	4699997	901
chr20	4699997	4699998	893
chr20	4699998	4699999	885
chr20	4699999	4700000	882
chr20	4700000	4700001	871
chr20	4700001	4700002	838
chr20	4700002	4700003	829
chr20	4700003	4700004	813
chr20	4700004	4700005	808
chr20	4700005	4700006	810
chr20	4700006	4700007	826
chr20	4700007	4700008	842
chr20	4700008	4700010	851
chr20	4700010	4700011	860
chr20	4700011	4700012	846
chr20	4700012	4700013	845
chr20	4700013	4700014	841
chr20	4700014	4700015	827
chr20	4700015	4700016	842
chr20	4700016	4700017	856
chr20	4700017	4700018	858
chr20	4700018	4700019	859
chr20	4700019	4700020	850
chr20	4700020	4700021	819
chr20	4700021	4700022	820
chr20	4700022	4700023	781
chr20	4700023	4700024	787
chr20	4700024	4700025	803
chr20	4700025	4700026	791
chr20	4700026	4700027	780
chr20	4700027	4700028	768
chr20	4700028	4700029	773
chr20	4700029	4700030	763
chr20	4700030	4700031	762
chr20	4700031	4700032	755
chr20	4700032	4700033	751
chr20	4700033	4700034	759
chr20	4700034	4700035	762
chr20	4700035	4700036	786
chr20	4700036	4700037	782
chr20	4700037	4700038	814
chr20	4700038	4700039	815
chr20	4700039	4700040	798
chr20	4700040	4700041	796
chr20	4700041	4700042	818
chr20	4700042	4700043	830
chr20	4700043	4700044	841
chr20	4700044	4700045	844
chr20	4700045	4700046	871
chr20	4700046	4700047	867
chr20	4700047	4700048	860
chr20	4700048	4700049	862
chr20	4700049	4700050	854
chr20	4700050	4700052	855
chr20	4700052	4700053	835
chr20	4700053	4700054	833
chr20	4700054	4700055	869
chr20	4700055	4700056	898
chr20	4700056	4700057	901
chr20	4700057	4700058	904
chr20	4700058	4700059	857
chr20	4700059	4700060	845
chr20	4700060	4700061	856
chr20	4700061	4700062	855
chr20	4700062	4700063	869
chr20	4700063	4700065	871
chr20	4700065	4700066	888
chr20	4700066	4700067	865
chr20	4700067	4700068	863
chr20	4700068	4700069	867
chr20	4700069	4700070	876
chr20	4700070	4700071	908
chr20	4700071	4700072	900
chr20	4700072	4700073	902
chr20	4700073	4700074	896
chr20	4700074	4700075	907
chr20	4700075	4700076	901
chr20	4700076	4700077	929
chr20	4700077	4700078	934
chr20	4700078	4700079	931
chr20	4700079	4700081	916
chr20	4700081	4700082	931
chr20	4700082	4700083	919
chr20	4700083	4700084	903
chr20	4700084	4700085	898
chr20	4700085	4700086	899
chr20	4700086	4700087	906
chr20	4700087	4700088	919
chr20	4700088	4700089	922
chr20	4700089	4700090	914
chr20	4700090	4700091	913
chr20	4700091	4700092	909
chr20	4700092	4700093	893
chr20	4700093	4700094	978
chr20	4700094	4700095	1012
chr20	4700095	4700096	1052
chr20	4700096	4700097	1081
chr20	4700097	4700098	1077
chr20	4700098	4700099	1068
#bedGraph section chr20:4700099-4701150
chr20	4700099	4700100	1063
chr20	4700100	4700101	1052
chr20	4700101	4700102	1081
chr20	4700102	4700103	1077
chr20	4700103	4700104	1101
chr20	4700104	4700105	1092
chr20	4700105	4700106	1104
chr20	4700106	4700107	1113
chr20	4700107	4700108	1112
chr20	4700108	4700109	1125
chr20	4700109	4700110	1120
chr20	4700110	4700111	1114
chr20	4700111	4700112	1079
chr20	4700112	4700113	1062
chr20	4700113	4700114	1028
chr20	4700114	4700115	1029
chr20	4700115	4700116	1033
chr20	4700116	4700117	1020
chr20	4700117	4700118	1007
chr20	4700118	4700119	995
chr20	4700119	4700120	999
chr20	4700120	4700121	998
chr20	4700121	4700122	974
chr20	4700122	4700123	1017
chr20	4700123	4700124	1016
chr20	4700124	4700125	1020
chr20	4700125	4700126	1009
chr20	4700126	4700127	1010
chr20	4700127	4700128	1012
chr20	4700128	4700129	1009
chr20	4700129	4700130	1003
chr20	4700130	4700131	965
chr20	4700131	4700132	925
chr20	4700132	4700133	929
chr20	4700133	4700134	939
chr20	4700134	4700135	998
chr20	4700135	4700136	1084
chr20	4700136	4700137	1090
chr20	4700137	4700138	1100
chr20	4700138	4700139	1090
chr20	4700139	4700140	1086
chr20	4700140	4700141	1098
chr20	4700141	4700142	1104
chr20	4700142	4700143	1108
chr20	4700143	4700144	1100
chr20	4700144	4700145	1084
chr20	4700145	4700146	1071
chr20	4700146	4700147	1103
chr20	4700147	4700148	1100
chr20	4700148	4700150	1101
chr20	4700150	4700151	1107
chr20	4700151	4700152	1113
chr20	4700152	4700153	1136
chr20	4700153	4700154	1141
chr20	4700154	4700156	1154
chr20	4700156	4700157	1183
chr20	4700157	4700158	1172
chr20	4700158	4700159	1187
chr20	4700159	4700160	1205
chr20	4700160	4700161	1207
chr20	4700161	4700162	1197
chr20	4700162	4700163	1194
chr20	4700163	4700164	1184
chr20	4700164	4700165	1181
chr20	4700165	4700166	1183
chr20	4700166	4700167	1186
chr20	4700167	4700168	1174
chr20	4700168	4700169	1173
chr20	4700169	4700170	1093
chr20	4700170	4700171	1057
chr20	4700171	4700172	1014
chr20	4700172	4700173	981
chr20	4700173	4700174	995
chr20	4700174	4700175	961
chr20	4700175	4700176	959
chr20	4700176	4700177	954
chr20	4700177	4700178	932
chr20	4700178	4700179	964
chr20	4700179	4700180	967
chr20	4700180	4700181	975
chr20	4700181	4700182	965
chr20	4700182	4700183	957
chr20	4700183	4700184	977
chr20	4700184	4700186	964
chr20	4700186	4700187	966
chr20	4700187	4700188	979
chr20	4700188	4700189	996
chr20	4700189	4700190	1002
chr20	4700190	4700191	1006
chr20	4700191	4700192	1011
chr20	4700192	4700193	1014
chr20	4700193	4700194	1012
chr20	4700194	4700195	1023
chr20	4700195	4700196	1017
chr20	4700196	4700197	1027
chr20	4700197	4700198	1032
chr20	4700198	4700199	981
chr20	4700199	4700200	995
chr20	4700200	4700201	999
chr20	4700201	4700202	1008
chr20	4700202	4700203	1006
chr20	4700203	4700204	990
chr20	4700204	4700205	994
chr20	4700205	4700206	1018
chr20	4700206	4700207	1024
chr20	4700207	4700208	1035
chr20	4700208	4700209	1038
chr20	4700209	4700210	1028
chr20	4700210	4700211	1058
chr20	4700211	4700212	990
chr20	4700212	4700213	974
chr20	4700213	4700214	965
chr20	4700214	4700215	971
chr20	4700215	4700216	1000
chr20	4700216	4700217	984
chr20	4700217	4700218	988
chr20	4700218	4700219	996
chr20	4700219	4700220	1003
chr20	4700220	4700221	1005
chr20	4700221	4700222	1020
chr20	4700222	4700223	963
chr20	4700223	4700224	970
chr20	4700224	4700225	974
chr20	4700225	4700226	977
chr20	4700226	4700227	998
chr20	4700227	4700228	1033
chr20	4700228	4700229	1006
chr20	4700229	4700230	1015
chr20	4700230	4700231	1022
chr20	4700231	4700232	1012
chr20	4700232	4700233	993
chr20	4700233	4700234	987
chr20	4700234	4700235	981
chr20	4700235	4700236	968
chr20	4700236	4700237	971
chr20	4700237	4700238	980
chr20	4700238	4700239	977
chr20	4700239	4700240	986
chr20	4700240	4700241	979
chr20	4700241	4700242	978
chr20	4700242	4700243	986
chr20	4700243	4700244	996
chr20	4700244	4700245	997
chr20	4700245	4700246	992
chr20	4700246	4700247	1004
chr20	4700247	4700248	1011
chr20	4700248	4700249	1037
chr20	4700249	4700250	1035
chr20	4700250	4700251	1034
chr20	4700251	4700252	1039
chr20	4700252	4700253	1042
chr20	4700253	4700254	1028
chr20	4700254	4700255	1020
chr20	4700255	4700258	998
chr20	4700258	4700259	1008
chr20	4700259	4700260	1006
chr20	4700260	4700261	1023
chr20	4700261	4700262	1021
chr20	4700262	4700263	1035
chr20	4700263	4700264	1025
chr20	4700264	4700265	1006
chr20	4700265	4700266	1001
chr20	4700266	4700267	1005
chr20	4700267	4700268	998
chr20	4700268	4700269	1005
chr20	4700269	4700270	1007
chr20	4700270	4700271	1004
chr20	4700271	4700272	999
chr20	4700272	4700273	993
chr20	4700273	4700274	999
chr20	4700274	4700275	1007
chr20	4700275	4700276	997
chr20	4700276	4700277	998
chr20	4700277	4700278	982
chr20	4700278	4700279	980
chr20	4700279	4700280	1002
chr20	4700280	4700281	995
chr20	4700281	4700282	974
chr20	4700282	4700283	962
chr20	4700283	4700284	955
chr20	4700284	4700285	971
chr20	4700285	4700286	978
chr20	4700286	4700287	928
chr20	4700287	4700288	916
chr20	4700288	4700289	915
chr20	4700289	4700290	923
chr20	4700290	4700291	940
chr20	4700291	4700292	917
chr20	4700292	4700294	928
chr20	4700294	4700295	957
chr20	4700295	4700296	959
chr20	4700296	4700297	974
chr20	4700297	4700298	999
chr20	4700298	4700299	1034
chr20	4700299	4700300	1044
chr20	4700300	4700301	1039
chr20	4700301	4700302	1037
chr20	4700302	4700303	1005
chr20	4700303	4700304	964
chr20	4700304	4700305	936
chr20	4700305	4700306	928
chr20	4700306	4700307	944
chr20	4700307	4700308	945
chr20	4700308	4700309	968
chr20	4700309	4700310	967
chr20	4700310	4700311	996
chr20	4700311	4700312	998
chr20	4700312	4700313	1016
chr20	4700313	4700314	1017
chr20	4700314	4700315	1014
chr20	4700315	4700316	1018
chr20	4700316	4700317	1040
chr20	4700317	4700318	1058
chr20	4700318	4700319	1043
chr20	4700319	4700320	1044
chr20	4700320	4700321	1043
chr20	4700321	4700322	1047
chr20	4700322	4700324	1056
chr20	4700324	4700325	1027
chr20	4700325	4700326	1038
chr20	4700326	4700327	1043
chr20	4700327	4700328	1035
chr20	4700328	4700329	1036
chr20	4700329	4700330	1038
chr20	4700330	4700331	1051
chr20	4700331	4700332	1048
chr20	4700332	4700333	1061
chr20	4700333	4700334	1073
chr20	4700334	4700335	1064
chr20	4700335	4700336	1045
chr20	4700336	4700337	1028
chr20	4700337	4700338	1032
chr20	4700338	4700339	1015
chr20	4700339	4700340	1016
chr20	4700340	4700341	1019
chr20	4700341	4700342	1018
chr20	4700342	4700344	1007
chr20	4700344	4700345	1012
chr20	4700345	4700346	1020
chr20	4700346	4700347	1010
chr20	4700347	4700348	999
chr20	4700348	4700349	1005
chr20	4700349	4700350	1004
chr20	4700350	4700351	987
chr20	4700351	4700352	1002
chr20	4700352	4700353	997
chr20	4700353	4700354	1018
chr20	4700354	4700355	1071
chr20	4700355	4700356	1074
chr20	4700356	4700357	1104
chr20	4700357	4700358	1112
chr20	4700358	4700359	1114
chr20	4700359	4700360	1112
chr20	4700360	4700361	1079
chr20	4700361	4700362	1061
chr20	4700362	4700363	1023
chr20	4700363	4700364	1018
chr20	4700364	4700365	1024
chr20	4700365	4700366	1025
chr20	4700366	4700367	1057
chr20	4700367	4700368	1059
chr20	4700368	4700369	1028
chr20	4700369	4700370	1035
chr20	4700370	4700371	1021
chr20	4700371	4700372	1045
chr20	4700372	4700373	1025
chr20	4700373	4700374	956
chr20	4700374	4700375	937
chr20	4700375	4700376	935
chr20	4700376	4700377	943
chr20	4700377	4700378	960
chr20	4700378	4700379	964
chr20	4700379	4700380	971
chr20	4700380	4700381	981
chr20	4700381	4700382	1015
chr20	4700382	4700383	1013
chr20	4700383	4700384	1027
chr20	4700384	4700385	1031
chr20	4700385	4700386	1043
chr20	4700386	4700387	1054
chr20	4700387	4700388	1099
chr20	4700388	4700389	1097
chr20	4700389	4700390	1094
chr20	4700390	4700391	1102
chr20	4700391	4700392	1086
chr20	4700392	4700393	1074
chr20	4700393	4700394	1057
chr20	4700394	4700395	1075
chr20	4700395	4700396	1071
chr20	4700396	4700397	1060
chr20	4700397	4700398	1062
chr20	4700398	4700399	1054
chr20	4700399	4700400	1046
chr20	4700400	4700401	1041
chr20	4700401	4700402	1001
chr20	4700402	4700403	994
chr20	4700403	4700404	990
chr20	4700404	4700406	992
chr20	4700406	4700407	967
chr20	4700407	4700408	980
chr20	4700408	4700409	981
chr20	4700409	4700410	979
chr20	4700410	4700411	1007
chr20	4700411	4700412	1023
chr20	4700412	4700413	1026
chr20	4700413	4700414	1027
chr20	4700414	4700415	1043
chr20	4700415	4700416	1064
chr20	4700416	4700417	1065
chr20	4700417	4700418	1059
chr20	4700418	4700419	1058
chr20	4700419	4700420	1053
chr20	4700420	4700421	1060
chr20	4700421	4700422	1069
chr20	4700422	4700423	1074
chr20	4700423	4700424	1080
chr20	4700424	4700425	1073
chr20	4700425	4700426	1063
chr20	4700426	4700427	1073
chr20	4700427	4700428	1060
chr20	4700428	4700429	1099
chr20	4700429	4700430	1078
chr20	4700430	4700431	1003
chr20	4700431	4700432	1004
chr20	4700432	4700433	976
chr20	4700433	4700434	966
chr20	4700434	4700435	971
chr20	4700435	4700436	1014
chr20	4700436	4700437	1040
chr20	4700437	4700438	1061
chr20	4700438	4700439	1075
chr20	4700439	4700440	1084
chr20	4700440	4700442	1080
chr20	4700442	4700443	1036
chr20	4700443	4700444	1033
chr20	4700444	4700445	1029
chr20	4700445	4700446	1023
chr20	4700446	4700447	1012
chr20	4700447	4700448	991
chr20	4700448	4700449	996
chr20	4700449	4700450	999
chr20	4700450	4700451	1005
chr20	4700451	4700452	1011
chr20	4700452	4700453	1027
chr20	4700453	4700454	1018
chr20	4700454	4700455	1022
chr20	4700455	4700456	1025
chr20	4700456	4700457	1020
chr20	4700457	4700458	987
chr20	4700458	4700459	980
chr20	4700459	4700460	975
chr20	4700460	4700461	939
chr20	4700461	4700462	912
chr20	4700462	4700463	877
chr20	4700463	4700464	831
chr20	4700464	4700465	819
chr20	4700465	4700466	817
chr20	4700466	4700467	809
chr20	4700467	4700468	810
chr20	4700468	4700469	807
chr20	4700469	4700470	854
chr20	4700470	4700471	843
chr20	4700471	4700472	845
chr20	4700472	4700473	846
chr20	4700473	4700474	848
chr20	4700474	4700475	843
chr20	4700475	4700476	856
chr20	4700476	4700477	858
chr20	4700477	4700478	875
chr20	4700478	4700479	880
chr20	4700479	4700480	881
chr20	4700480	4700481	879
chr20	4700481	4700482	873
chr20	4700482	4700483	929
chr20	4700483	4700484	940
chr20	4700484	4700486	922
chr20	4700486	4700487	898
chr20	4700487	4700488	883
chr20	4700488	4700489	888
chr20	4700489	4700490	877
chr20	4700490	4700491	869
chr20	4700491	4700492	863
chr20	4700492	4700493	864
chr20	4700493	4700494	862
chr20	4700494	4700495	919
chr20	4700495	4700496	918
chr20	4700496	4700497	911
chr20	4700497	4700498	893
chr20	4700498	4700499	886
chr20	4700499	4700500	894
chr20	4700500	4700501	902
chr20	4700501	4700502	938
chr20	4700502	4700503	930
chr20	4700503	4700504	922
chr20	4700504	4700505	891
chr20	4700505	4700506	892
chr20	4700506	4700507	893
chr20	4700507	4700508	887
chr20	4700508	4700509	896
chr20	4700509	4700510	944
chr20	4700510	4700511	975
chr20	4700511	4700512	952
chr20	4700512	4700513	935
chr20	4700513	4700514	936
chr20	4700514	4700515	947
chr20	4700515	4700516	940
chr20	4700516	4700518	951
chr20	4700518	4700519	999
chr20	4700519	4700520	1006
chr20	4700520	4700521	1044
chr20	4700521	4700522	1053
chr20	4700522	4700523	1050
chr20	4700523	4700524	1055
chr20	4700524	4700526	1052
chr20	4700526	4700527	1040
chr20	4700527	4700528	1042
chr20	4700528	4700529	1018
chr20	4700529	4700530	1026
chr20	4700530	4700531	1027
chr20	4700531	4700532	1030
chr20	4700532	4700533	1038
chr20	4700533	4700534	1037
chr20	4700534	4700535	1043
chr20	4700535	4700536	1025
chr20	4700536	4700537	1034
chr20	4700537	4700538	1036
chr20	4700538	4700539	1034
chr20	4700539	4700540	1052
chr20	4700540	4700541	1054
chr20	4700541	4700542	1053
chr20	4700542	4700543	1055
chr20	4700543	4700544	1060
chr20	4700544	4700545	1068
chr20	4700545	4700546	1030
chr20	4700546	4700547	1065
chr20	4700547	4700548	1130
chr20	4700548	4700549	1143
chr20	4700549	4700550	1137
chr20	4700550	4700551	1149
chr20	4700551	4700552	1135
chr20	4700552	4700553	1129
chr20	4700553	4700554	1138
chr20	4700554	4700555	1143
chr20	4700555	4700556	1148
chr20	4700556	4700557	1161
chr20	4700557	4700558	1156
chr20	4700558	4700559	1099
chr20	4700559	4700560	1076
chr20	4700560	4700561	1073
chr20	4700561	4700562	1059
chr20	4700562	4700563	1078
chr20	4700563	4700564	1138
chr20	4700564	4700565	1171
chr20	4700565	4700566	1205
chr20	4700566	4700567	1201
chr20	4700567	4700568	1197
chr20	4700568	4700569	1209
chr20	4700569	4700570	1244
chr20	4700570	4700571	1221
chr20	4700571	4700572	1222
chr20	4700572	4700573	1227
chr20	4700573	4700574	1235
chr20	4700574	4700575	1240
chr20	4700575	4700576	1230
chr20	4700576	4700577	1220
chr20	4700577	4700578	1184
chr20	4700578	4700579	1180
chr20	4700579	4700580	1186
chr20	4700580	4700581	1205
chr20	4700581	4700582	1211
chr20	4700582	4700583	1220
chr20	4700583	4700584	1216
chr20	4700584	4700585	1210
chr20	4700585	4700586	1175
chr20	4700586	4700587	1132
chr20	4700587	4700588	1136
chr20	4700588	4700589	1140
chr20	4700589	4700590	1117
chr20	4700590	4700591	1098
chr20	4700591	4700592	1100
chr20	4700592	4700593	1096
chr20	4700593	4700594	1104
chr20	4700594	4700595	1069
chr20	4700595	4700596	1059
chr20	4700596	4700597	1020
chr20	4700597	4700598	1013
chr20	4700598	4700599	1044
chr20	4700599	4700600	1032
chr20	4700600	4700601	1027
chr20	4700601	4700602	1026
chr20	4700602	4700603	1031
chr20	4700603	4700604	1020
chr20	4700604	4700605	1032
chr20	4700605	4700606	1021
chr20	4700606	4700607	1006
chr20	4700607	4700608	1001
chr20	4700608	4700609	991
chr20	4700609	4700610	1058
chr20	4700610	4700611	1032
chr20	4700611	4700612	1058
chr20	4700612	4700613	1061
chr20	4700613	4700614	1078
chr20	4700614	4700615	1097
chr20	4700615	4700616	1101
chr20	4700616	4700617	1147
chr20	4700617	4700618	1201
chr20	4700618	4700619	1264
chr20	4700619	4700620	1299
chr20	4700620	4700621	1307
chr20	4700621	4700622	1299
chr20	4700622	4700623	1280
chr20	4700623	4700624	1216
chr20	4700624	4700625	1203
chr20	4700625	4700626	1208
chr20	4700626	4700627	1193
chr20	4700627	4700628	1208
chr20	4700628	4700629	1212
chr20	4700629	4700630	1189
chr20	4700630	4700631	1176
chr20	4700631	4700632	1185
chr20	4700632	4700633	1181
chr20	4700633	4700634	1179
chr20	4700634	4700635	1184
chr20	4700635	4700636	1198
chr20	4700636	4700637	1211
chr20	4700637	4700638	1237
chr20	4700638	4700639	1218
chr20	4700639	4700640	1186
chr20	4700640	4700641	1149
chr20	4700641	4700642	1135
chr20	4700642	4700643	1132
chr20	4700643	4700644	1135
chr20	4700644	4700645	1125
chr20	4700645	4700646	1111
chr20	4700646	4700647	1086
chr20	4700647	4700648	1101
chr20	4700648	4700649	1091
chr20	4700649	4700650	1096
chr20	4700650	4700651	1099
chr20	4700651	4700653	1117
chr20	4700653	4700654	1120
chr20	4700654	4700655	1121
chr20	4700655	4700656	1116
chr20	4700656	4700657	1100
chr20	4700657	4700658	1095
chr20	4700658	4700659	1081
chr20	4700659	4700660	1077
chr20	4700660	4700661	1064
chr20	4700661	4700662	1049
chr20	4700662	4700663	1057
chr20	4700663	4700664	1048
chr20	4700664	4700665	1037
chr20	4700665	4700666	1033
chr20	4700666	4700667	1025
chr20	4700667	4700668	1031
chr20	4700668	4700669	1020
chr20	4700669	4700670	1018
chr20	4700670	4700671	996
chr20	4700671	4700672	1000
chr20	4700672	4700673	994
chr20	4700673	4700674	991
chr20	4700674	4700675	957
chr20	4700675	4700676	962
chr20	4700676	4700677	972
chr20	4700677	4700678	967
chr20	4700678	4700679	970
chr20	4700679	4700680	999
chr20	4700680	4700681	1001
chr20	4700681	4700682	1021
chr20	4700682	4700683	1059
chr20	4700683	4700684	1056
chr20	4700684	4700685	1057
chr20	4700685	4700686	1010
chr20	4700686	4700687	1011
chr20	4700687	4700688	988
chr20	4700688	4700689	989
chr20	4700689	4700690	985
chr20	4700690	4700691	965
chr20	4700691	4700692	952
chr20	4700692	4700693	908
chr20	4700693	4700694	847
chr20	4700694	4700695	752
chr20	4700695	4700696	758
chr20	4700696	4700697	763
chr20	4700697	4700698	825
chr20	4700698	4700699	829
chr20	4700699	4700700	831
chr20	4700700	4700701	832
chr20	4700701	4700702	835
chr20	4700702	4700703	838
chr20	4700703	4700704	841
chr20	4700704	4700705	851
chr20	4700705	4700706	850
chr20	4700706	4700707	853
chr20	4700707	4700709	841
chr20	4700709	4700711	846
chr20	4700711	4700712	835
chr20	4700712	4700713	830
chr20	4700713	4700714	866
chr20	4700714	4700715	867
chr20	4700715	4700716	834
chr20	4700716	4700717	839
chr20	4700717	4700718	867
chr20	4700718	4700719	870
chr20	4700719	4700720	884
chr20	4700720	4700721	885
chr20	4700721	4700722	901
chr20	4700722	4700723	899
chr20	4700723	4700724	890
chr20	4700724	4700725	921
chr20	4700725	4700727	918
chr20	4700727	4700728	924
chr20	4700728	4700729	971
chr20	4700729	4700730	1035
chr20	4700730	4700731	1053
chr20	4700731	4700732	1089
chr20	4700732	4700733	1117
chr20	4700733	4700734	1135
chr20	4700734	4700735	1154
chr20	4700735	4700736	1157
chr20	4700736	4700737	1172
chr20	4700737	4700738	1178
chr20	4700738	4700740	1173
chr20	4700740	4700741	1176
chr20	4700741	4700742	1184
chr20	4700742	4700744	1185
chr20	4700744	4700745	1188
chr20	4700745	4700746	1178
chr20	4700746	4700747	1180
chr20	4700747	4700748	1185
chr20	4700748	4700749	1192
chr20	4700749	4700750	1189
chr20	4700750	4700751	1259
chr20	4700751	4700752	1257
chr20	4700752	4700753	1259
chr20	4700753	4700754	1264
chr20	4700754	4700755	1272
chr20	4700755	4700756	1245
chr20	4700756	4700757	1227
chr20	4700757	4700758	1222
chr20	4700758	4700759	1187
chr20	4700759	4700760	1183
chr20	4700760	4700761	1192
chr20	4700761	4700762	1203
chr20	4700762	4700763	1210
chr20	4700763	4700764	1202
chr20	4700764	4700765	1205
chr20	4700765	4700766	1198
chr20	4700766	4700767	1194
chr20	4700767	4700768	1188
chr20	4700768	4700769	1213
chr20	4700769	4700770	1226
chr20	4700770	4700771	1234
chr20	4700771	4700772	1216
chr20	4700772	4700773	1200
chr20	4700773	4700774	1120
chr20	4700774	4700775	1121
chr20	4700775	4700776	1122
chr20	4700776	4700777	1141
chr20	4700777	4700778	1180
chr20	4700778	4700779	1192
chr20	4700779	4700780	1182
chr20	4700780	4700781	1173
chr20	4700781	4700782	1188
chr20	4700782	4700783	1185
chr20	4700783	4700784	1193
chr20	4700784	4700785	1186
chr20	4700785	4700786	1179
chr20	4700786	4700787	1173
chr20	4700787	4700788	1175
chr20	4700788	4700789	1167
chr20	4700789	4700790	1108
chr20	4700790	4700791	1104
chr20	4700791	4700792	1110
chr20	4700792	4700793	1112
chr20	4700793	4700794	1096
chr20	4700794	4700795	1104
chr20	4700795	4700796	1069
chr20	4700796	4700797	1100
chr20	4700797	4700798	1180
chr20	4700798	4700800	1191
chr20	4700800	4700801	1162
chr20	4700801	4700802	1156
chr20	4700802	4700803	1169
chr20	4700803	4700804	1151
chr20	4700804	4700805	1110
chr20	4700805	4700806	1032
chr20	4700806	4700807	1021
chr20	4700807	4700808	1043
chr20	4700808	4700809	1013
chr20	4700809	4700810	1049
chr20	4700810	4700811	1041
chr20	4700811	4700812	1047
chr20	4700812	4700813	1051
chr20	4700813	4700814	1064
chr20	4700814	4700815	1093
chr20	4700815	4700816	1096
chr20	4700816	4700817	1132
chr20	4700817	4700818	1135
chr20	4700818	4700819	1172
chr20	4700819	4700820	1159
chr20	4700820	4700821	1165
chr20	4700821	4700822	1169
chr20	4700822	4700823	1172
chr20	4700823	4700824	1184
chr20	4700824	4700825	1181
chr20	4700825	4700826	1193
chr20	4700826	4700827	1138
chr20	4700827	4700828	1134
chr20	4700828	4700829	1138
chr20	4700829	4700830	1133
chr20	4700830	4700831	1117
chr20	4700831	4700832	1128
chr20	4700832	4700833	1145
chr20	4700833	4700834	1173
chr20	4700834	4700835	1212
chr20	4700835	4700836	1265
chr20	4700836	4700837	1287
chr20	4700837	4700838	1302
chr20	4700838	4700839	1377
chr20	4700839	4700840	1380
chr20	4700840	4700841	1411
chr20	4700841	4700842	1415
chr20	4700842	4700843	1417
chr20	4700843	4700844	1415
chr20	4700844	4700845	1387
chr20	4700845	4700846	1406
chr20	4700846	4700847	1407
chr20	4700847	4700848	1418
chr20	4700848	4700849	1427
chr20	4700849	4700850	1437
chr20	4700850	4700851	1424
chr20	4700851	4700852	1437
chr20	4700852	4700853	1424
chr20	4700853	4700854	1376
chr20	4700854	4700855	1365
chr20	4700855	4700856	1363
chr20	4700856	4700857	1374
chr20	4700857	4700859	1369
chr20	4700859	4700860	1362
chr20	4700860	4700861	1361
chr20	4700861	4700862	1366
chr20	4700862	4700863	1421
chr20	4700863	4700864	1430
chr20	4700864	4700865	1450
chr20	4700865	4700866	1454
chr20	4700866	4700867	1450
chr20	4700867	4700868	1464
chr20	4700868	4700869	1478
chr20	4700869	4700870	1487
chr20	4700870	4700871	1534
chr20	4700871	4700872	1543
chr20	4700872	4700873	1534
chr20	4700873	4700874	1444
chr20	4700874	4700875	1453
chr20	4700875	4700876	1471
chr20	4700876	4700877	1490
chr20	4700877	4700878	1517
chr20	4700878	4700879	1574
chr20	4700879	4700880	1572
chr20	4700880	4700881	1579
chr20	4700881	4700882	1587
chr20	4700882	4700883	1600
chr20	4700883	4700884	1553
chr20	4700884	4700885	1538
chr20	4700885	4700886	1520
chr20	4700886	4700887	1524
chr20	4700887	4700888	1519
chr20	4700888	4700889	1522
chr20	4700889	4700890	1530
chr20	4700890	4700891	1524
chr20	4700891	4700892	1540
chr20	4700892	4700893	1499
chr20	4700893	4700894	1516
chr20	4700894	4700895	1485
chr20	4700895	4700896	1497
chr20	4700896	4700897	1535
chr20	4700897	4700898	1546
chr20	4700898	4700899	1573
chr20	4700899	4700900	1581
chr20	4700900	4700901	1582
chr20	4700901	4700902	1591
chr20	4700902	4700903	1580
chr20	4700903	4700904	1608
chr20	4700904	4700905	1619
chr20	4700905	4700906	1626
chr20	4700906	4700907	1652
chr20	4700907	4700908	1664
chr20	4700908	4700909	1661
chr20	4700909	4700910	1622
chr20	4700910	4700911	1591
chr20	4700911	4700912	1536
chr20	4700912	4700913	1505
chr20	4700913	4700914	1475
chr20	4700914	4700915	1389
chr20	4700915	4700916	1415
chr20	4700916	4700917	1405
chr20	4700917	4700918	1406
chr20	4700918	4700919	1405
chr20	4700919	4700920	1404
chr20	4700920	4700921	1405
chr20	4700921	4700922	1383
chr20	4700922	4700923	1391
chr20	4700923	4700924	1383
chr20	4700924	4700925	1379
chr20	4700925	4700926	1368
chr20	4700926	4700927	1421
chr20	4700927	4700928	1406
chr20	4700928	4700929	1403
chr20	4700929	4700931	1402
chr20	4700931	4700932	1409
chr20	4700932	4700933	1430
chr20	4700933	4700934	1433
chr20	4700934	4700935	1451
chr20	4700935	4700936	1460
chr20	4700936	4700937	1473
chr20	4700937	4700938	1542
chr20	4700938	4700939	1527
chr20	4700939	4700940	1562
chr20	4700940	4700941	1556
chr20	4700941	4700942	1557
chr20	4700942	4700943	1558
chr20	4700943	4700944	1598
chr20	4700944	4700945	1607
chr20	4700945	4700946	1584
chr20	4700946	4700947	1527
chr20	4700947	4700948	1528
chr20	4700948	4700949	1500
chr20	4700949	4700950	1523
chr20	4700950	4700951	1513
chr20	4700951	4700952	1500
chr20	4700952	4700953	1484
chr20	4700953	4700954	1486
chr20	4700954	4700955	1443
chr20	4700955	4700956	1468
chr20	4700956	4700957	1469
chr20	4700957	4700958	1472
chr20	4700958	4700959	1473
chr20	4700959	4700960	1468
chr20	4700960	4700961	1518
chr20	4700961	4700962	1576
chr20	4700962	4700963	1602
chr20	4700963	4700964	1619
chr20	4700964	4700965	1611
chr20	4700965	4700966	1593
chr20	4700966	4700967	1563
chr20	4700967	4700968	1547
chr20	4700968	4700969	1561
chr20	4700969	4700970	1537
chr20	4700970	4700971	1576
chr20	4700971	4700972	1589
chr20	4700972	4700973	1552
chr20	4700973	4700974	1536
chr20	4700974	4700975	1513
chr20	4700975	4700976	1489
chr20	4700976	4700977	1491
chr20	4700977	4700978	1474
chr20	4700978	4700979	1471
chr20	4700979	4700980	1437
chr20	4700980	4700981	1457
chr20	4700981	4700983	1467
chr20	4700983	4700984	1579
chr20	4700984	4700985	1574
chr20	4700985	4700986	1587
chr20	4700986	4700987	1590
chr20	4700987	4700988	1596
chr20	4700988	4700989	1619
chr20	4700989	4700990	1637
chr20	4700990	4700991	1683
chr20	4700991	4700992	1671
chr20	4700992	4700993	1736
chr20	4700993	4700994	1760
chr20	4700994	4700995	1763
chr20	4700995	4700996	1778
chr20	4700996	4700997	1787
chr20	4700997	4700998	1781
chr20	4700998	4700999	1775
chr20	4700999	4701000	1770
chr20	4701000	4701001	1771
chr20	4701001	4701002	1794
chr20	4701002	4701003	1753
chr20	4701003	4701004	1804
chr20	4701004	4701006	1811
chr20	4701006	4701007	1809
chr20	4701007	4701008	1800
chr20	4701008	4701009	1762
chr20	4701009	4701010	1770
chr20	4701010	4701011	1763
chr20	4701011	4701012	1759
chr20	4701012	4701013	1744
chr20	4701013	4701014	1682
chr20	4701014	4701015	1654
chr20	4701015	4701016	1612
chr20	4701016	4701017	1598
chr20	4701017	4701018	1595
chr20	4701018	4701019	1615
chr20	4701019	4701020	1630
chr20	4701020	4701021	1602
chr20	4701021	4701022	1635
chr20	4701022	4701023	1630
chr20	4701023	4701024	1634
chr20	4701024	4701025	1639
chr20	4701025	4701026	1700
chr20	4701026	4701027	1690
chr20	4701027	4701028	1752
chr20	4701028	4701029	1770
chr20	4701029	4701030	1756
chr20	4701030	4701031	1743
chr20	4701031	4701032	1739
chr20	4701032	4701033	1732
chr20	4701033	4701034	1716
chr20	4701034	4701035	1710
chr20	4701035	4701036	1745
chr20	4701036	4701037	1693
chr20	4701037	4701038	1612
chr20	4701038	4701039	1582
chr20	4701039	4701040	1571
chr20	4701040	4701041	1561
chr20	4701041	4701042	1557
chr20	4701042	4701043	1561
chr20	4701043	4701044	1572
chr20	4701044	4701045	1555
chr20	4701045	4701046	1601
chr20	4701046	4701047	1641
chr20	4701047	4701048	1629
chr20	4701048	4701049	1626
chr20	4701049	4701050	1663
chr20	4701050	4701051	1728
chr20	4701051	4701052	1805
chr20	4701052	4701053	1793
chr20	4701053	4701054	1790
chr20	4701054	4701055	1819
chr20	4701055	4701056	1840
chr20	4701056	4701057	1809
chr20	4701057	4701058	1808
chr20	4701058	4701059	1796
chr20	4701059	4701060	1688
chr20	4701060	4701061	1674
chr20	4701061	4701062	1689
chr20	4701062	4701063	1680
chr20	4701063	4701064	1708
chr20	4701064	4701065	1691
chr20	4701065	4701066	1664
chr20	4701066	4701067	1677
chr20	4701067	4701068	1651
chr20	4701068	4701069	1577
chr20	4701069	4701070	1580
chr20	4701070	4701071	1567
chr20	4701071	4701072	1565
chr20	4701072	4701073	1550
chr20	4701073	4701074	1556
chr20	4701074	4701075	1552
chr20	4701075	4701076	1585
chr20	4701076	4701077	1582
chr20	4701077	4701079	1572
chr20	4701079	4701080	1531
chr20	4701080	4701082	1514
chr20	4701082	4701083	1512
chr20	4701083	4701084	1515
chr20	4701084	4701085	1537
chr20	4701085	4701086	1540
chr20	4701086	4701087	1531
chr20	4701087	4701088	1536
chr20	4701088	4701089	1541
chr20	4701089	4701090	1557
chr20	4701090	4701091	1577
chr20	4701091	4701092	1587
chr20	4701092	4701093	1595
chr20	4701093	4701094	1610
chr20	4701094	4701095	1695
chr20	4701095	4701096	1653
chr20	4701096	4701097	1649
chr20	4701097	4701098	1620
chr20	4701098	4701099	1624
chr20	4701099	4701100	1610
chr20	4701100	4701101	1671
chr20	4701101	4701102	1586
chr20	4701102	4701103	1595
chr20	4701103	4701104	1544
chr20	4701104	4701105	1517
chr20	4701105	4701106	1525
chr20	4701106	4701107	1512
chr20	4701107	4701108	1495
chr20	4701108	4701109	1497
chr20	4701109	4701110	1516
chr20	4701110	4701112	1539
chr20	4701112	4701113	1585
chr20	4701113	4701114	1606
chr20	4701114	4701115	1621
chr20	4701115	4701116	1644
chr20	4701116	4701117	1645
chr20	4701117	4701118	1658
chr20	4701118	4701119	1663
chr20	4701119	4701120	1659
chr20	4701120	4701121	1680
chr20	4701121	4701122	1628
chr20	4701122	4701123	1553
chr20	4701123	4701124	1557
chr20	4701124	4701125	1549
chr20	4701125	4701126	1468
chr20	4701126	4701127	1401
chr20	4701127	4701128	1371
chr20	4701128	4701129	1383
chr20	4701129	4701130	1408
chr20	4701130	4701131	1388
chr20	4701131	4701132	1371
chr20	4701132	4701133	1358
chr20	4701133	4701134	1343
chr20	4701134	4701135	1335
chr20	4701135	4701136	1312
chr20	4701136	4701137	1315
chr20	4701137	4701138	1289
chr20	4701138	4701139	1300
chr20	4701139	4701140	1260
chr20	4701140	4701141	1243
chr20	4701141	4701142	1234
chr20	4701142	4701143	1163
chr20	4701143	4701144	1167
chr20	4701144	4701145	1181
chr20	4701145	4701146	1159
chr20	4701146	4701147	1166
chr20	4701147	4701148	1178
chr20	4701148	4701149	1198
chr20	4701149	4701150	1193
#bedGraph section chr20:4701150-4780491
chr20	4701150	4701151	1189
chr20	4701151	4701152	1159
chr20	4701152	4701153	1196
chr20	4701153	4701154	1198
chr20	4701154	4701155	1266
chr20	4701155	4701156	1271
chr20	4701156	4701157	1289
chr20	4701157	4701158	1321
chr20	4701158	4701159	1342
chr20	4701159	4701160	1346
chr20	4701160	4701161	1336
chr20	4701161	4701163	1316
chr20	4701163	4701164	1320
chr20	4701164	4701165	1334
chr20	4701165	4701166	1324
chr20	4701166	4701167	1332
chr20	4701167	4701168	1346
chr20	4701168	4701169	1361
chr20	4701169	4701170	1355
chr20	4701170	4701171	1246
chr20	4701171	4701172	1232
chr20	4701172	4701173	1224
chr20	4701173	4701174	1219
chr20	4701174	4701175	1271
chr20	4701175	4701176	1280
chr20	4701176	4701177	1213
chr20	4701177	4701178	1210
chr20	4701178	4701179	1189
chr20	4701179	4701180	1177
chr20	4701180	4701181	1181
chr20	4701181	4701182	1190
chr20	4701182	4701183	1198
chr20	4701183	4701184	1197
chr20	4701184	4701185	1212
chr20	4701185	4701186	1173
chr20	4701186	4701187	1149
chr20	4701187	4701188	1110
chr20	4701188	4701189	1061
chr20	4701189	4701190	1039
chr20	4701190	4701191	1013
chr20	4701191	4701193	1004
chr20	4701193	4701194	992
chr20	4701194	4701195	973
chr20	4701195	4701196	971
chr20	4701196	4701197	955
chr20	4701197	4701198	968
chr20	4701198	4701199	956
chr20	4701199	4701200	947
chr20	4701200	4701201	949
chr20	4701201	4701202	956
chr20	4701202	4701203	970
chr20	4701203	4701204	984
chr20	4701204	4701205	971
chr20	4701205	4701206	945
chr20	4701206	4701207	999
chr20	4701207	4701208	994
chr20	4701208	4701209	993
chr20	4701209	4701210	990
chr20	4701210	4701211	989
chr20	4701211	4701212	983
chr20	4701212	4701213	981
chr20	4701213	4701214	975
chr20	4701214	4701215	960
chr20	4701215	4701217	956
chr20	4701217	4701218	963
chr20	4701218	4701219	982
chr20	4701219	4701220	981
chr20	4701220	4701221	966
chr20	4701221	4701222	975
chr20	4701222	4701223	971
chr20	4701223	4701224	960
chr20	4701224	4701225	955
chr20	4701225	4701226	967
chr20	4701226	4701227	997
chr20	4701227	4701228	1002
chr20	4701228	4701229	989
chr20	4701229	4701230	984
chr20	4701230	4701231	900
chr20	4701231	4701232	893
chr20	4701232	4701233	880
chr20	4701233	4701234	852
chr20	4701234	4701235	833
chr20	4701235	4701236	850
chr20	4701236	4701237	835
chr20	4701237	4701238	833
chr20	4701238	4701239	840
chr20	4701239	4701240	862
chr20	4701240	4701241	860
chr20	4701241	4701242	844
chr20	4701242	4701243	806
chr20	4701243	4701244	799
chr20	4701244	4701245	762
chr20	4701245	4701246	805
chr20	4701246	4701247	811
chr20	4701247	4701248	829
chr20	4701248	4701249	838
chr20	4701249	4701250	834
chr20	4701250	4701251	774
chr20	4701251	4701252	770
chr20	4701252	4701253	763
chr20	4701253	4701254	768
chr20	4701254	4701255	777
chr20	4701255	4701256	806
chr20	4701256	4701257	810
chr20	4701257	4701258	789
chr20	4701258	4701259	773
chr20	4701259	4701260	777
chr20	4701260	4701261	762
chr20	4701261	4701263	773
chr20	4701263	4701264	779
chr20	4701264	4701265	787
chr20	4701265	4701266	790
chr20	4701266	4701267	796
chr20	4701267	4701268	788
chr20	4701268	4701269	790
chr20	4701269	4701270	789
chr20	4701270	4701271	806
chr20	4701271	4701272	801
chr20	4701272	4701273	820
chr20	4701273	4701274	805
chr20	4701274	4701275	816
chr20	4701275	4701276	811
chr20	4701276	4701278	827
chr20	4701278	4701279	820
chr20	4701279	4701281	816
chr20	4701281	4701282	841
chr20	4701282	4701283	794
chr20	4701283	4701284	817
chr20	4701284	4701285	838
chr20	4701285	4701286	848
chr20	4701286	4701287	851
chr20	4701287	4701288	852
chr20	4701288	4701289	854
chr20	4701289	4701290	860
chr20	4701290	4701291	886
chr20	4701291	4701292	890
chr20	4701292	4701293	961
chr20	4701293	4701294	963
chr20	4701294	4701295	947
chr20	4701295	4701296	948
chr20	4701296	4701297	1038
chr20	4701297	4701298	1049
chr20	4701298	4701299	1060
chr20	4701299	4701300	1057
chr20	4701300	4701301	1060
chr20	4701301	4701302	1048
chr20	4701302	4701303	1022
chr20	4701303	4701304	1122
chr20	4701304	4701305	1162
chr20	4701305	4701306	1176
chr20	4701306	4701307	1175
chr20	4701307	4701308	1174
chr20	4701308	4701310	1220
chr20	4701310	4701311	1228
chr20	4701311	4701312	1212
chr20	4701312	4701313	1209
chr20	4701313	4701314	1217
chr20	4701314	4701315	1220
chr20	4701315	4701316	1191
chr20	4701316	4701317	1175
chr20	4701317	4701318	1203
chr20	4701318	4701319	1235
chr20	4701319	4701320	1257
chr20	4701320	4701321	1278
chr20	4701321	4701322	1248
chr20	4701322	4701323	1244
chr20	4701323	4701324	1224
chr20	4701324	4701325	1230
chr20	4701325	4701326	1243
chr20	4701326	4701327	1312
chr20	4701327	4701328	1366
chr20	4701328	4701329	1369
chr20	4701329	4701330	1368
chr20	4701330	4701331	1374
chr20	4701331	4701332	1339
chr20	4701332	4701333	1327
chr20	4701333	4701334	1337
chr20	4701334	4701335	1343
chr20	4701335	4701336	1349
chr20	4701336	4701337	1354
chr20	4701337	4701338	1378
chr20	4701338	4701339	1385
chr20	4701339	4701340	1400
chr20	4701340	4701341	1458
chr20	4701341	4701342	1500
chr20	4701342	4701343	1528
chr20	4701343	4701344	1531
chr20	4701344	4701345	1533
chr20	4701345	4701346	1546
chr20	4701346	4701347	1533
chr20	4701347	4701348	1595
chr20	4701348	4701349	1578
chr20	4701349	4701350	1584
chr20	4701350	4701351	1576
chr20	4701351	4701352	1587
chr20	4701352	4701353	1590
chr20	4701353	4701354	1588
chr20	4701354	4701355	1583
chr20	4701355	4701356	1574
chr20	4701356	4701357	1579
chr20	4701357	4701358	1558
chr20	4701358	4701359	1526
chr20	4701359	4701360	1506
chr20	4701360	4701361	1513
chr20	4701361	4701362	1529
chr20	4701362	4701363	1537
chr20	4701363	4701364	1542
chr20	4701364	4701365	1551
chr20	4701365	4701366	1552
chr20	4701366	4701367	1529
chr20	4701367	4701368	1550
chr20	4701368	4701369	1505
chr20	4701369	4701371	1515
chr20	4701371	4701372	1509
chr20	4701372	4701373	1459
chr20	4701373	4701374	1469
chr20	4701374	4701375	1520
chr20	4701375	4701376	1531
chr20	4701376	4701377	1516
chr20	4701377	4701378	1526
chr20	4701378	4701379	1525
chr20	4701379	4701380	1436
chr20	4701380	4701381	1386
chr20	4701381	4701382	1384
chr20	4701382	4701383	1383
chr20	4701383	4701384	1454
chr20	4701384	4701385	1512
chr20	4701385	4701386	1593
chr20	4701386	4701387	1643
chr20	4701387	4701388	1680
chr20	4701388	4701389	1707
chr20	4701389	4701390	1708
chr20	4701390	4701391	1701
chr20	4701391	4701392	1703
chr20	4701392	4701393	1727
chr20	4701393	4701394	1697
chr20	4701394	4701395	1703
chr20	4701395	4701396	1673
chr20	4701396	4701397	1726
chr20	4701397	4701398	1741
chr20	4701398	4701399	1775
chr20	4701399	4701400	1836
chr20	4701400	4701401	1873
chr20	4701401	4701402	1890
chr20	4701402	4701403	1840
chr20	4701403	4701404	1823
chr20	4701404	4701405	1821
chr20	4701405	4701406	1816
chr20	4701406	4701407	1814
chr20	4701407	4701408	1815
chr20	4701408	4701409	1817
chr20	4701409	4701410	1804
chr20	4701410	4701411	1798
chr20	4701411	4701412	1789
chr20	4701412	4701413	1784
chr20	4701413	4701414	1751
chr20	4701414	4701415	1747
chr20	4701415	4701416	1725
chr20	4701416	4701417	1654
chr20	4701417	4701418	1635
chr20	4701418	4701419	1605
chr20	4701419	4701420	1613
chr20	4701420	4701421	1614
chr20	4701421	4701422	1613
chr20	4701422	4701423	1609
chr20	4701423	4701424	1548
chr20	4701424	4701425	1562
chr20	4701425	4701426	1565
chr20	4701426	4701427	1562
chr20	4701427	4701428	1555
chr20	4701428	4701429	1532
chr20	4701429	4701430	1527
chr20	4701430	4701432	1519
chr20	4701432	4701433	1526
chr20	4701433	4701434	1527
chr20	4701434	4701435	1531
chr20	4701435	4701436	1530
chr20	4701436	4701437	1513
chr20	4701437	4701438	1490
chr20	4701438	4701439	1473
chr20	4701439	4701440	1468
chr20	4701440	4701441	1458
chr20	4701441	4701442	1442
chr20	4701442	4701443	1432
chr20	4701443	4701444	1410
chr20	4701444	4701445	1390
chr20	4701445	4701447	1367
chr20	4701447	4701448	1360
chr20	4701448	4701449	1313
chr20	4701449	4701450	1288
chr20	4701450	4701451	1228
chr20	4701451	4701452	1215
chr20	4701452	4701453	1212
chr20	4701453	4701454	1190
chr20	4701454	4701455	1186
chr20	4701455	4701456	1161
chr20	4701456	4701457	1148
chr20	4701457	4701458	1125
chr20	4701458	4701459	1123
chr20	4701459	4701460	1046
chr20	4701460	4701461	943
chr20	4701461	4701462	859
chr20	4701462	4701463	774
chr20	4701463	4701464	748
chr20	4701464	4701465	739
chr20	4701465	4701466	738
chr20	4701466	4701467	732
chr20	4701467	4701468	730
chr20	4701468	4701469	700
chr20	4701469	4701470	696
chr20	4701470	4701471	664
chr20	4701471	4701472	650
chr20	4701472	4701473	579
chr20	4701473	4701474	563
chr20	4701474	4701475	547
chr20	4701475	4701476	481
chr20	4701476	4701477	418
chr20	4701477	4701478	393
chr20	4701478	4701479	376
chr20	4701479	4701480	335
chr20	4701480	4701481	347
chr20	4701481	4701482	396
chr20	4701482	4701483	391
chr20	4701483	4701484	452
chr20	4701484	4701485	450
chr20	4701485	4701486	456
chr20	4701486	4701487	463
chr20	4701487	4701489	466
chr20	4701489	4701490	501
chr20	4701490	4701491	493
chr20	4701491	4701492	498
chr20	4701492	4701494	500
chr20	4701494	4701495	499
chr20	4701495	4701496	489
chr20	4701496	4701497	480
chr20	4701497	4701498	483
chr20	4701498	4701499	487
chr20	4701499	4701500	501
chr20	4701500	4701501	490
chr20	4701501	4701502	483
chr20	4701502	4701503	517
chr20	4701503	4701504	518
chr20	4701504	4701506	527
chr20	4701506	4701507	528
chr20	4701507	4701508	580
chr20	4701508	4701509	609
chr20	4701509	4701510	640
chr20	4701510	4701511	652
chr20	4701511	4701512	656
chr20	4701512	4701513	696
chr20	4701513	4701514	706
chr20	4701514	4701515	707
chr20	4701515	4701516	705
chr20	4701516	4701517	703
chr20	4701517	4701518	705
chr20	4701518	4701519	707
chr20	4701519	4701520	708
chr20	4701520	4701521	707
chr20	4701521	4701522	706
chr20	4701522	4701523	702
chr20	4701523	4701524	700
chr20	4701524	4701525	699
chr20	4701525	4701528	695
chr20	4701528	4701529	693
chr20	4701529	4701530	692
chr20	4701530	4701531	682
chr20	4701531	4701532	691
chr20	4701532	4701533	689
chr20	4701533	4701534	684
chr20	4701534	4701535	681
chr20	4701535	4701537	676
chr20	4701537	4701538	667
chr20	4701538	4701539	662
chr20	4701539	4701540	660
chr20	4701540	4701541	656
chr20	4701541	4701542	655
chr20	4701542	4701543	656
chr20	4701543	4701544	654
chr20	4701544	4701545	652
chr20	4701545	4701546	645
chr20	4701546	4701547	636
chr20	4701547	4701548	633
chr20	4701548	4701549	621
chr20	4701549	4701550	614
chr20	4701550	4701551	587
chr20	4701551	4701552	585
chr20	4701552	4701553	582
chr20	4701553	4701555	581
chr20	4701555	4701556	579
chr20	4701556	4701557	565
chr20	4701557	4701558	509
chr20	4701558	4701559	505
chr20	4701559	4701561	437
chr20	4701561	4701562	431
chr20	4701562	4701563	427
chr20	4701563	4701564	417
chr20	4701564	4701565	407
chr20	4701565	4701566	369
chr20	4701566	4701567	366
chr20	4701567	4701568	362
chr20	4701568	4701569	352
chr20	4701569	4701570	333
chr20	4701570	4701572	323
chr20	4701572	4701573	322
chr20	4701573	4701574	303
chr20	4701574	4701575	299
chr20	4701575	4701576	278
chr20	4701576	4701577	270
chr20	4701577	4701578	268
chr20	4701578	4701579	232
chr20	4701579	4701580	228
chr20	4701580	4701581	222
chr20	4701581	4701582	217
chr20	4701582	4701583	212
chr20	4701583	4701584	158
chr20	4701584	4701585	104
chr20	4701585	4701586	80
chr20	4701586	4701587	61
chr20	4701587	4701588	32
chr20	4701588	4701589	7
chr20	4701589	4701590	5
chr20	4701590	4707818	0
