track type=wiggle_0 name="Brain Ant cin cort" description="Brain Anterior cingulate cortex BA24"
#bedGraph section chr20:4221053-4699254
chr20	4686102	4686160	1
chr20	4686160	4686178	2
chr20	4686178	4686193	1
chr20	4686193	4686206	2
chr20	4686206	4686216	3
chr20	4686216	4686236	4
chr20	4686236	4686249	5
chr20	4686249	4686269	6
chr20	4686269	4686278	5
chr20	4686278	4686282	6
chr20	4686282	4686292	5
chr20	4686292	4686312	4
chr20	4686312	4686318	2
chr20	4686318	4686325	3
chr20	4686325	4686352	2
chr20	4686352	4686378	1
chr20	4686378	4686381	5
chr20	4686381	4686387	6
chr20	4686387	4686392	7
chr20	4686392	4686394	9
chr20	4686394	4686403	8
chr20	4686403	4686404	9
chr20	4686404	4686405	10
chr20	4686405	4686406	11
chr20	4686406	4686407	12
chr20	4686407	4686410	15
chr20	4686410	4686413	16
chr20	4686413	4686414	21
chr20	4686414	4686416	24
chr20	4686416	4686419	25
chr20	4686419	4686422	27
chr20	4686422	4686425	28
chr20	4686425	4686426	29
chr20	4686426	4686431	33
chr20	4686431	4686433	36
chr20	4686433	4686434	39
chr20	4686434	4686436	44
chr20	4686436	4686438	47
chr20	4686438	4686439	50
chr20	4686439	4686440	55
chr20	4686440	4686441	56
chr20	4686441	4686442	59
chr20	4686442	4686444	62
chr20	4686444	4686449	64
chr20	4686449	4686451	73
chr20	4686451	4686452	76
chr20	4686452	4686453	78
chr20	4686453	4686454	81
chr20	4686454	4686455	77
chr20	4686455	4686456	83
chr20	4686456	4686457	84
chr20	4686457	4686459	87
chr20	4686459	4686460	99
chr20	4686460	4686461	100
chr20	4686461	4686462	109
chr20	4686462	4686463	110
chr20	4686463	4686464	126
chr20	4686464	4686465	127
chr20	4686465	4686466	129
chr20	4686466	4686467	131
chr20	4686467	4686468	133
chr20	4686468	4686469	134
chr20	4686469	4686470	146
chr20	4686470	4686471	168
chr20	4686471	4686472	261
chr20	4686472	4686473	266
chr20	4686473	4686474	283
chr20	4686474	4686475	314
chr20	4686475	4686476	316
chr20	4686476	4686477	328
chr20	4686477	4686478	336
chr20	4686478	4686479	376
chr20	4686479	4686480	391
chr20	4686480	4686481	404
chr20	4686481	4686482	425
chr20	4686482	4686483	424
chr20	4686483	4686484	422
chr20	4686484	4686485	424
chr20	4686485	4686486	445
chr20	4686486	4686488	451
chr20	4686488	4686489	463
chr20	4686489	4686490	458
chr20	4686490	4686491	467
chr20	4686491	4686492	474
chr20	4686492	4686493	476
chr20	4686493	4686495	488
chr20	4686495	4686496	490
chr20	4686496	4686497	500
chr20	4686497	4686498	504
chr20	4686498	4686499	522
chr20	4686499	4686500	525
chr20	4686500	4686501	531
chr20	4686501	4686502	536
chr20	4686502	4686503	535
chr20	4686503	4686504	553
chr20	4686504	4686505	570
chr20	4686505	4686506	578
chr20	4686506	4686507	581
chr20	4686507	4686508	583
chr20	4686508	4686509	348
chr20	4686509	4686510	351
chr20	4686510	4686511	354
chr20	4686511	4686512	377
chr20	4686512	4686517	2
chr20	4686517	4686588	1
chr20	4686588	4686620	0
chr20	4686620	4686652	1
chr20	4686652	4686656	2
chr20	4686656	4686696	3
chr20	4686696	4686699	2
chr20	4686699	4686703	3
chr20	4686703	4686704	4
chr20	4686704	4686713	5
chr20	4686713	4686714	6
chr20	4686714	4686716	7
chr20	4686716	4686718	8
chr20	4686718	4686723	10
chr20	4686723	4686728	11
chr20	4686728	4686732	10
chr20	4686732	4686733	9
chr20	4686733	4686734	10
chr20	4686734	4686735	12
chr20	4686735	4686736	13
chr20	4686736	4687026	0
chr20	4687026	4687058	1
chr20	4687058	4687102	2
chr20	4687102	4687132	1
chr20	4687132	4687339	0
chr20	4687339	4687389	1
chr20	4687389	4687415	2
chr20	4687415	4687465	1
chr20	4687465	4687762	0
chr20	4687762	4687838	1
chr20	4687838	4687919	0
chr20	4687919	4687995	1
chr20	4687995	4688499	0
chr20	4688499	4688565	1
chr20	4688565	4691139	0
chr20	4691139	4691215	1
chr20	4691215	4691264	0
chr20	4691264	4691340	1
chr20	4691340	4693108	0
chr20	4693108	4693183	1
chr20	4693183	4694072	0
chr20	4694072	4694148	1
chr20	4694148	4694248	0
chr20	4694248	4694324	1
chr20	4694324	4695112	0
chr20	4695112	4695176	1
chr20	4695176	4695231	0
chr20	4695231	4695305	1
chr20	4695305	4695307	3
chr20	4695307	4695381	2
chr20	4695381	4695495	0
chr20	4695495	4695570	2
chr20	4695570	4695753	0
chr20	4695753	4695790	1
chr20	4695790	4696673	0
chr20	4696673	4696749	1
chr20	4696749	4696788	0
chr20	4696788	4696792	1
chr20	4696792	4696859	2
chr20	4696859	4696864	3
chr20	4696864	4696868	2
chr20	4696868	4696884	1
chr20	4696884	4696935	2
chr20	4696935	4696960	1
chr20	4696960	4697164	0
chr20	4697164	4697240	1
chr20	4697240	4697444	0
chr20	4697444	4697495	1
chr20	4697495	4697520	2
chr20	4697520	4697571	1
chr20	4697571	4697594	0
chr20	4697594	4697612	1
chr20	4697612	4697670	2
chr20	4697670	4697688	1
chr20	4697688	4697738	0
chr20	4697738	4697740	1
chr20	4697740	4697814	2
chr20	4697814	4697816	1
chr20	4697816	4697847	0
chr20	4697847	4697923	1
chr20	4697923	4697968	0
chr20	4697968	4697980	1
chr20	4697980	4698044	2
chr20	4698044	4698056	1
chr20	4698056	4698224	0
chr20	4698224	4698269	1
chr20	4698269	4698298	2
chr20	4698298	4698300	3
chr20	4698300	4698345	2
chr20	4698345	4698374	1
chr20	4698374	4698487	0
chr20	4698487	4698563	1
chr20	4698563	4698599	0
chr20	4698599	4698622	1
chr20	4698622	4698623	2
chr20	4698623	4698664	3
chr20	4698664	4698675	4
chr20	4698675	4698698	3
chr20	4698698	4698699	2
chr20	4698699	4698740	1
chr20	4698740	4698755	0
chr20	4698755	4698787	1
chr20	4698787	4698831	2
chr20	4698831	4698863	1
chr20	4698863	4698882	0
chr20	4698882	4698918	3
chr20	4698918	4698936	5
chr20	4698936	4698958	7
chr20	4698958	4698994	4
chr20	4698994	4699012	2
chr20	4699012	4699127	0
chr20	4699127	4699203	1
chr20	4699203	4699207	0
chr20	4699207	4699210	1
chr20	4699210	4699212	594
chr20	4699212	4699213	590
chr20	4699213	4699214	593
chr20	4699214	4699215	591
chr20	4699215	4699216	628
chr20	4699216	4699217	626
chr20	4699217	4699219	641
chr20	4699219	4699220	647
chr20	4699220	4699221	652
chr20	4699221	4699222	655
chr20	4699222	4699223	679
chr20	4699223	4699224	683
chr20	4699224	4699225	698
chr20	4699225	4699226	704
chr20	4699226	4699227	702
chr20	4699227	4699228	699
chr20	4699228	4699229	700
chr20	4699229	4699230	729
chr20	4699230	4699231	748
chr20	4699231	4699232	754
chr20	4699232	4699233	791
chr20	4699233	4699234	784
chr20	4699234	4699235	787
chr20	4699235	4699236	781
chr20	4699236	4699237	793
chr20	4699237	4699238	798
chr20	4699238	4699239	805
chr20	4699239	4699240	811
chr20	4699240	4699241	830
chr20	4699241	4699242	821
chr20	4699242	4699243	827
chr20	4699243	4699244	824
chr20	4699244	4699245	844
chr20	4699245	4699246	811
chr20	4699246	4699247	830
chr20	4699247	4699248	868
chr20	4699248	4699249	847
chr20	4699249	4699250	800
chr20	4699250	4699251	796
chr20	4699251	4699252	785
chr20	4699252	4699253	754
chr20	4699253	4699254	742
#bedGraph section chr20:4699254-4700315
chr20	4699254	4699255	732
chr20	4699255	4699256	720
chr20	4699256	4699257	712
chr20	4699257	4699258	706
chr20	4699258	4699259	701
chr20	4699259	4699260	680
chr20	4699260	4699261	676
chr20	4699261	4699262	703
chr20	4699262	4699263	705
chr20	4699263	4699264	726
chr20	4699264	4699265	716
chr20	4699265	4699266	715
chr20	4699266	4699267	713
chr20	4699267	4699268	707
chr20	4699268	4699269	712
chr20	4699269	4699270	717
chr20	4699270	4699271	705
chr20	4699271	4699272	699
chr20	4699272	4699274	690
chr20	4699274	4699275	692
chr20	4699275	4699276	688
chr20	4699276	4699277	686
chr20	4699277	4699278	678
chr20	4699278	4699279	676
chr20	4699279	4699280	672
chr20	4699280	4699281	671
chr20	4699281	4699282	655
chr20	4699282	4699283	651
chr20	4699283	4699284	656
chr20	4699284	4699285	657
chr20	4699285	4699286	676
chr20	4699286	4699287	678
chr20	4699287	4699288	680
chr20	4699288	4699289	691
chr20	4699289	4699290	689
chr20	4699290	4699291	675
chr20	4699291	4699292	684
chr20	4699292	4699293	688
chr20	4699293	4699294	676
chr20	4699294	4699295	677
chr20	4699295	4699296	679
chr20	4699296	4699297	678
chr20	4699297	4699298	679
chr20	4699298	4699299	656
chr20	4699299	4699300	647
chr20	4699300	4699301	651
chr20	4699301	4699302	656
chr20	4699302	4699303	659
chr20	4699303	4699304	655
chr20	4699304	4699305	656
chr20	4699305	4699306	626
chr20	4699306	4699307	609
chr20	4699307	4699308	605
chr20	4699308	4699309	571
chr20	4699309	4699310	568
chr20	4699310	4699311	562
chr20	4699311	4699312	572
chr20	4699312	4699313	562
chr20	4699313	4699314	545
chr20	4699314	4699315	542
chr20	4699315	4699316	548
chr20	4699316	4699317	531
chr20	4699317	4699318	535
chr20	4699318	4699319	533
chr20	4699319	4699320	527
chr20	4699320	4699321	501
chr20	4699321	4699322	487
chr20	4699322	4699323	466
chr20	4699323	4699324	421
chr20	4699324	4699325	419
chr20	4699325	4699327	418
chr20	4699327	4699328	422
chr20	4699328	4699329	424
chr20	4699329	4699330	425
chr20	4699330	4699331	419
chr20	4699331	4699332	413
chr20	4699332	4699333	414
chr20	4699333	4699334	416
chr20	4699334	4699336	428
chr20	4699336	4699337	431
chr20	4699337	4699338	408
chr20	4699338	4699339	404
chr20	4699339	4699340	389
chr20	4699340	4699341	393
chr20	4699341	4699342	392
chr20	4699342	4699343	396
chr20	4699343	4699344	395
chr20	4699344	4699345	385
chr20	4699345	4699347	379
chr20	4699347	4699348	380
chr20	4699348	4699349	374
chr20	4699349	4699350	368
chr20	4699350	4699351	363
chr20	4699351	4699352	358
chr20	4699352	4699353	361
chr20	4699353	4699354	357
chr20	4699354	4699355	353
chr20	4699355	4699356	352
chr20	4699356	4699357	351
chr20	4699357	4699358	353
chr20	4699358	4699359	347
chr20	4699359	4699360	344
chr20	4699360	4699361	348
chr20	4699361	4699362	328
chr20	4699362	4699363	325
chr20	4699363	4699364	332
chr20	4699364	4699365	312
chr20	4699365	4699366	305
chr20	4699366	4699367	306
chr20	4699367	4699368	296
chr20	4699368	4699369	294
chr20	4699369	4699370	293
chr20	4699370	4699371	292
chr20	4699371	4699372	290
chr20	4699372	4699375	282
chr20	4699375	4699376	283
chr20	4699376	4699377	270
chr20	4699377	4699378	257
chr20	4699378	4699379	252
chr20	4699379	4699380	251
chr20	4699380	4699381	250
chr20	4699381	4699382	243
chr20	4699382	4699383	242
chr20	4699383	4699384	244
chr20	4699384	4699385	242
chr20	4699385	4699386	244
chr20	4699386	4699387	248
chr20	4699387	4699389	255
chr20	4699389	4699390	259
chr20	4699390	4699391	254
chr20	4699391	4699392	243
chr20	4699392	4699393	241
chr20	4699393	4699394	239
chr20	4699394	4699395	230
chr20	4699395	4699396	228
chr20	4699396	4699397	231
chr20	4699397	4699398	229
chr20	4699398	4699399	237
chr20	4699399	4699400	235
chr20	4699400	4699401	234
chr20	4699401	4699402	233
chr20	4699402	4699403	228
chr20	4699403	4699404	221
chr20	4699404	4699405	214
chr20	4699405	4699406	213
chr20	4699406	4699407	217
chr20	4699407	4699410	186
chr20	4699410	4699411	190
chr20	4699411	4699413	218
chr20	4699413	4699414	217
chr20	4699414	4699415	216
chr20	4699415	4699416	213
chr20	4699416	4699417	210
chr20	4699417	4699418	209
chr20	4699418	4699419	214
chr20	4699419	4699420	216
chr20	4699420	4699421	217
chr20	4699421	4699422	219
chr20	4699422	4699423	228
chr20	4699423	4699424	227
chr20	4699424	4699425	231
chr20	4699425	4699426	239
chr20	4699426	4699427	238
chr20	4699427	4699428	239
chr20	4699428	4699429	237
chr20	4699429	4699430	238
chr20	4699430	4699431	241
chr20	4699431	4699432	219
chr20	4699432	4699433	220
chr20	4699433	4699434	225
chr20	4699434	4699435	234
chr20	4699435	4699436	257
chr20	4699436	4699437	260
chr20	4699437	4699438	263
chr20	4699438	4699439	265
chr20	4699439	4699440	257
chr20	4699440	4699441	262
chr20	4699441	4699442	266
chr20	4699442	4699444	261
chr20	4699444	4699445	265
chr20	4699445	4699446	267
chr20	4699446	4699447	271
chr20	4699447	4699448	274
chr20	4699448	4699449	280
chr20	4699449	4699450	286
chr20	4699450	4699451	293
chr20	4699451	4699452	294
chr20	4699452	4699453	315
chr20	4699453	4699454	314
chr20	4699454	4699455	318
chr20	4699455	4699456	322
chr20	4699456	4699457	325
chr20	4699457	4699458	332
chr20	4699458	4699459	341
chr20	4699459	4699460	373
chr20	4699460	4699461	388
chr20	4699461	4699463	390
chr20	4699463	4699464	381
chr20	4699464	4699465	388
chr20	4699465	4699466	384
chr20	4699466	4699468	393
chr20	4699468	4699469	418
chr20	4699469	4699470	420
chr20	4699470	4699471	436
chr20	4699471	4699472	437
chr20	4699472	4699473	435
chr20	4699473	4699474	443
chr20	4699474	4699475	445
chr20	4699475	4699476	453
chr20	4699476	4699477	458
chr20	4699477	4699478	461
chr20	4699478	4699479	468
chr20	4699479	4699480	469
chr20	4699480	4699481	466
chr20	4699481	4699482	469
chr20	4699482	4699483	478
chr20	4699483	4699484	526
chr20	4699484	4699485	535
chr20	4699485	4699486	542
chr20	4699486	4699487	547
chr20	4699487	4699488	528
chr20	4699488	4699489	546
chr20	4699489	4699490	545
chr20	4699490	4699491	569
chr20	4699491	4699492	577
chr20	4699492	4699493	576
chr20	4699493	4699494	595
chr20	4699494	4699495	586
chr20	4699495	4699496	584
chr20	4699496	4699497	582
chr20	4699497	4699498	648
chr20	4699498	4699499	625
chr20	4699499	4699500	628
chr20	4699500	4699501	619
chr20	4699501	4699502	631
chr20	4699502	4699503	617
chr20	4699503	4699504	662
chr20	4699504	4699505	692
chr20	4699505	4699506	715
chr20	4699506	4699507	714
chr20	4699507	4699508	716
chr20	4699508	4699509	717
chr20	4699509	4699510	718
chr20	4699510	4699511	716
chr20	4699511	4699512	701
chr20	4699512	4699513	730
chr20	4699513	4699514	748
chr20	4699514	4699515	749
chr20	4699515	4699516	763
chr20	4699516	4699517	774
chr20	4699517	4699519	779
chr20	4699519	4699520	782
chr20	4699520	4699522	781
chr20	4699522	4699523	820
chr20	4699523	4699524	827
chr20	4699524	4699525	829
chr20	4699525	4699526	839
chr20	4699526	4699527	828
chr20	4699527	4699528	840
chr20	4699528	4699530	820
chr20	4699530	4699531	818
chr20	4699531	4699532	813
chr20	4699532	4699533	869
chr20	4699533	4699534	946
chr20	4699534	4699535	950
chr20	4699535	4699536	936
chr20	4699536	4699537	930
chr20	4699537	4699538	929
chr20	4699538	4699540	925
chr20	4699540	4699541	918
chr20	4699541	4699542	916
chr20	4699542	4699543	908
chr20	4699543	4699544	911
chr20	4699544	4699545	890
chr20	4699545	4699546	894
chr20	4699546	4699547	889
chr20	4699547	4699548	893
chr20	4699548	4699549	909
chr20	4699549	4699550	913
chr20	4699550	4699551	931
chr20	4699551	4699552	940
chr20	4699552	4699553	955
chr20	4699553	4699554	967
chr20	4699554	4699555	964
chr20	4699555	4699556	978
chr20	4699556	4699557	990
chr20	4699557	4699558	994
chr20	4699558	4699559	997
chr20	4699559	4699560	945
chr20	4699560	4699561	944
chr20	4699561	4699562	937
chr20	4699562	4699563	932
chr20	4699563	4699564	929
chr20	4699564	4699565	915
chr20	4699565	4699566	925
chr20	4699566	4699567	914
chr20	4699567	4699568	915
chr20	4699568	4699569	928
chr20	4699569	4699570	956
chr20	4699570	4699571	964
chr20	4699571	4699572	967
chr20	4699572	4699573	981
chr20	4699573	4699574	969
chr20	4699574	4699575	972
chr20	4699575	4699577	969
chr20	4699577	4699578	949
chr20	4699578	4699579	948
chr20	4699579	4699580	904
chr20	4699580	4699581	882
chr20	4699581	4699582	864
chr20	4699582	4699583	943
chr20	4699583	4699584	964
chr20	4699584	4699585	971
chr20	4699585	4699586	1002
chr20	4699586	4699587	1018
chr20	4699587	4699588	1069
chr20	4699588	4699589	1053
chr20	4699589	4699590	1044
chr20	4699590	4699591	1069
chr20	4699591	4699592	1057
chr20	4699592	4699593	1108
chr20	4699593	4699594	1109
chr20	4699594	4699595	1110
chr20	4699595	4699596	1121
chr20	4699596	4699597	1138
chr20	4699597	4699598	1172
chr20	4699598	4699599	1150
chr20	4699599	4699600	1154
chr20	4699600	4699601	1167
chr20	4699601	4699603	1166
chr20	4699603	4699604	1185
chr20	4699604	4699605	1183
chr20	4699605	4699606	1184
chr20	4699606	4699607	1205
chr20	4699607	4699608	1299
chr20	4699608	4699609	1268
chr20	4699609	4699611	1214
chr20	4699611	4699612	1201
chr20	4699612	4699613	1200
chr20	4699613	4699614	1201
chr20	4699614	4699616	1207
chr20	4699616	4699617	1264
chr20	4699617	4699618	1313
chr20	4699618	4699619	1351
chr20	4699619	4699620	1359
chr20	4699620	4699621	1371
chr20	4699621	4699622	1380
chr20	4699622	4699623	1393
chr20	4699623	4699624	1399
chr20	4699624	4699625	1405
chr20	4699625	4699626	1410
chr20	4699626	4699627	1395
chr20	4699627	4699628	1402
chr20	4699628	4699629	1387
chr20	4699629	4699630	1388
chr20	4699630	4699631	1395
chr20	4699631	4699632	1391
chr20	4699632	4699633	1384
chr20	4699633	4699635	1388
chr20	4699635	4699637	1460
chr20	4699637	4699638	1493
chr20	4699638	4699639	1537
chr20	4699639	4699640	1548
chr20	4699640	4699641	1565
chr20	4699641	4699642	1582
chr20	4699642	4699643	1600
chr20	4699643	4699644	1602
chr20	4699644	4699645	1592
chr20	4699645	4699646	1547
chr20	4699646	4699647	1553
chr20	4699647	4699648	1572
chr20	4699648	4699649	1585
chr20	4699649	4699650	1587
chr20	4699650	4699651	1589
chr20	4699651	4699652	1599
chr20	4699652	4699653	1597
chr20	4699653	4699654	1623
chr20	4699654	4699655	1664
chr20	4699655	4699656	1706
chr20	4699656	4699657	1729
chr20	4699657	4699658	1748
chr20	4699658	4699659	1730
chr20	4699659	4699660	1708
chr20	4699660	4699661	1738
chr20	4699661	4699662	1795
chr20	4699662	4699663	1819
chr20	4699663	4699664	1773
chr20	4699664	4699665	1761
chr20	4699665	4699666	1749
chr20	4699666	4699667	1735
chr20	4699667	4699668	1733
chr20	4699668	4699669	1677
chr20	4699669	4699670	1672
chr20	4699670	4699671	1694
chr20	4699671	4699672	1745
chr20	4699672	4699673	1813
chr20	4699673	4699674	1801
chr20	4699674	4699675	1813
chr20	4699675	4699676	1800
chr20	4699676	4699677	1815
chr20	4699677	4699678	1805
chr20	4699678	4699679	1832
chr20	4699679	4699680	1806
chr20	4699680	4699681	1834
chr20	4699681	4699682	1846
chr20	4699682	4699683	1893
chr20	4699683	4699684	1801
chr20	4699684	4699685	1795
chr20	4699685	4699686	1814
chr20	4699686	4699688	1808
chr20	4699688	4699689	1810
chr20	4699689	4699690	1806
chr20	4699690	4699691	1865
chr20	4699691	4699692	1892
chr20	4699692	4699693	1880
chr20	4699693	4699694	1846
chr20	4699694	4699695	1835
chr20	4699695	4699696	1851
chr20	4699696	4699697	1850
chr20	4699697	4699698	1872
chr20	4699698	4699699	1859
chr20	4699699	4699700	1899
chr20	4699700	4699701	1945
chr20	4699701	4699702	1926
chr20	4699702	4699703	1948
chr20	4699703	4699704	1927
chr20	4699704	4699705	1936
chr20	4699705	4699706	1968
chr20	4699706	4699707	1977
chr20	4699707	4699708	1972
chr20	4699708	4699709	2003
chr20	4699709	4699710	2006
chr20	4699710	4699711	2015
chr20	4699711	4699712	1945
chr20	4699712	4699713	1961
chr20	4699713	4699714	1968
chr20	4699714	4699715	1942
chr20	4699715	4699716	1932
chr20	4699716	4699717	1929
chr20	4699717	4699718	1917
chr20	4699718	4699719	1909
chr20	4699719	4699720	1931
chr20	4699720	4699721	1937
chr20	4699721	4699722	1940
chr20	4699722	4699723	1944
chr20	4699723	4699724	1947
chr20	4699724	4699725	1931
chr20	4699725	4699726	1938
chr20	4699726	4699727	2064
chr20	4699727	4699728	2093
chr20	4699728	4699729	2095
chr20	4699729	4699730	2081
chr20	4699730	4699731	2073
chr20	4699731	4699732	2070
chr20	4699732	4699733	2119
chr20	4699733	4699734	2117
chr20	4699734	4699735	2069
chr20	4699735	4699736	2119
chr20	4699736	4699737	2091
chr20	4699737	4699738	1999
chr20	4699738	4699739	2001
chr20	4699739	4699740	2007
chr20	4699740	4699741	2048
chr20	4699741	4699742	2086
chr20	4699742	4699743	2095
chr20	4699743	4699744	2101
chr20	4699744	4699745	2119
chr20	4699745	4699746	2145
chr20	4699746	4699747	2171
chr20	4699747	4699748	2109
chr20	4699748	4699749	2052
chr20	4699749	4699750	2033
chr20	4699750	4699751	2040
chr20	4699751	4699752	2086
chr20	4699752	4699753	2053
chr20	4699753	4699754	2054
chr20	4699754	4699755	2031
chr20	4699755	4699756	2029
chr20	4699756	4699757	2097
chr20	4699757	4699758	2124
chr20	4699758	4699759	2061
chr20	4699759	4699760	2064
chr20	4699760	4699761	2051
chr20	4699761	4699762	2033
chr20	4699762	4699763	2059
chr20	4699763	4699764	2082
chr20	4699764	4699765	2117
chr20	4699765	4699766	2200
chr20	4699766	4699767	2157
chr20	4699767	4699768	2152
chr20	4699768	4699769	2129
chr20	4699769	4699770	2133
chr20	4699770	4699771	2120
chr20	4699771	4699772	2108
chr20	4699772	4699773	2120
chr20	4699773	4699774	2093
chr20	4699774	4699775	2088
chr20	4699775	4699776	2074
chr20	4699776	4699777	2015
chr20	4699777	4699778	2095
chr20	4699778	4699779	2114
chr20	4699779	4699780	2124
chr20	4699780	4699781	2161
chr20	4699781	4699782	2119
chr20	4699782	4699783	2117
chr20	4699783	4699785	2123
chr20	4699785	4699786	2113
chr20	4699786	4699787	2097
chr20	4699787	4699788	2115
chr20	4699788	4699789	2117
chr20	4699789	4699790	2094
chr20	4699790	4699791	2080
chr20	4699791	4699792	2129
chr20	4699792	4699793	2115
chr20	4699793	4699794	2153
chr20	4699794	4699795	2140
chr20	4699795	4699796	2142
chr20	4699796	4699797	2131
chr20	4699797	4699798	2129
chr20	4699798	4699799	2109
chr20	4699799	4699800	2084
chr20	4699800	4699801	2070
chr20	4699801	4699802	2140
chr20	4699802	4699803	2013
chr20	4699803	4699804	2022
chr20	4699804	4699805	2026
chr20	4699805	4699806	2061
chr20	4699806	4699807	2052
chr20	4699807	4699808	2021
chr20	4699808	4699809	1953
chr20	4699809	4699810	1943
chr20	4699810	4699811	1958
chr20	4699811	4699812	1929
chr20	4699812	4699813	1964
chr20	4699813	4699814	2307
chr20	4699814	4699815	2305
chr20	4699815	4699816	2415
chr20	4699816	4699817	2380
chr20	4699817	4699818	2345
chr20	4699818	4699819	2322
chr20	4699819	4699820	2326
chr20	4699820	4699821	2291
chr20	4699821	4699822	2286
chr20	4699822	4699823	2264
chr20	4699823	4699824	2256
chr20	4699824	4699825	2247
chr20	4699825	4699826	2288
chr20	4699826	4699827	2278
chr20	4699827	4699828	2265
chr20	4699828	4699830	2268
chr20	4699830	4699831	2286
chr20	4699831	4699832	2288
chr20	4699832	4699833	2202
chr20	4699833	4699834	2169
chr20	4699834	4699835	2161
chr20	4699835	4699836	2156
chr20	4699836	4699837	2190
chr20	4699837	4699838	2197
chr20	4699838	4699839	2175
chr20	4699839	4699840	2151
chr20	4699840	4699841	2116
chr20	4699841	4699842	2087
chr20	4699842	4699843	2093
chr20	4699843	4699844	2068
chr20	4699844	4699845	2053
chr20	4699845	4699846	2023
chr20	4699846	4699847	2020
chr20	4699847	4699848	2026
chr20	4699848	4699849	2002
chr20	4699849	4699851	2007
chr20	4699851	4699852	1999
chr20	4699852	4699853	2012
chr20	4699853	4699854	1999
chr20	4699854	4699855	1947
chr20	4699855	4699856	1945
chr20	4699856	4699857	1903
chr20	4699857	4699858	1910
chr20	4699858	4699859	1896
chr20	4699859	4699860	1884
chr20	4699860	4699861	1857
chr20	4699861	4699862	1848
chr20	4699862	4699863	1870
chr20	4699863	4699864	1847
chr20	4699864	4699865	1857
chr20	4699865	4699866	1844
chr20	4699866	4699867	1865
chr20	4699867	4699868	1822
chr20	4699868	4699869	1837
chr20	4699869	4699870	1780
chr20	4699870	4699871	1788
chr20	4699871	4699872	1759
chr20	4699872	4699873	1771
chr20	4699873	4699874	1798
chr20	4699874	4699875	1793
chr20	4699875	4699876	1795
chr20	4699876	4699877	1799
chr20	4699877	4699878	1747
chr20	4699878	4699879	1799
chr20	4699879	4699880	1817
chr20	4699880	4699881	1826
chr20	4699881	4699883	1776
chr20	4699883	4699884	1789
chr20	4699884	4699885	1861
chr20	4699885	4699886	1853
chr20	4699886	4699887	1864
chr20	4699887	4699888	1841
chr20	4699888	4699889	1799
chr20	4699889	4699890	1454
chr20	4699890	4699891	1420
chr20	4699891	4699892	1304
chr20	4699892	4699893	1300
chr20	4699893	4699894	1303
chr20	4699894	4699895	1317
chr20	4699895	4699896	1310
chr20	4699896	4699897	1309
chr20	4699897	4699898	1292
chr20	4699898	4699899	1281
chr20	4699899	4699900	1283
chr20	4699900	4699901	1262
chr20	4699901	4699902	1290
chr20	4699902	4699903	1282
chr20	4699903	4699904	1250
chr20	4699904	4699905	1267
chr20	4699905	4699906	1286
chr20	4699906	4699907	1301
chr20	4699907	4699908	1302
chr20	4699908	4699909	1376
chr20	4699909	4699910	1378
chr20	4699910	4699911	1384
chr20	4699911	4699912	1398
chr20	4699912	4699913	1361
chr20	4699913	4699914	1337
chr20	4699914	4699915	1335
chr20	4699915	4699916	1339
chr20	4699916	4699917	1393
chr20	4699917	4699918	1354
chr20	4699918	4699919	1371
chr20	4699919	4699920	1379
chr20	4699920	4699921	1386
chr20	4699921	4699922	1402
chr20	4699922	4699923	1413
chr20	4699923	4699924	1405
chr20	4699924	4699925	1442
chr20	4699925	4699926	1461
chr20	4699926	4699927	1473
chr20	4699927	4699928	1513
chr20	4699928	4699929	1496
chr20	4699929	4699930	1427
chr20	4699930	4699931	1422
chr20	4699931	4699932	1417
chr20	4699932	4699933	1420
chr20	4699933	4699935	1408
chr20	4699935	4699936	1452
chr20	4699936	4699937	1447
chr20	4699937	4699938	1465
chr20	4699938	4699939	1456
chr20	4699939	4699940	1461
chr20	4699940	4699941	1435
chr20	4699941	4699942	1434
chr20	4699942	4699943	1411
chr20	4699943	4699944	1431
chr20	4699944	4699945	1497
chr20	4699945	4699946	1528
chr20	4699946	4699947	1671
chr20	4699947	4699948	1673
chr20	4699948	4699949	1681
chr20	4699949	4699950	1689
chr20	4699950	4699951	1702
chr20	4699951	4699952	1712
chr20	4699952	4699953	1718
chr20	4699953	4699954	1732
chr20	4699954	4699955	1679
chr20	4699955	4699956	1625
chr20	4699956	4699957	1623
chr20	4699957	4699958	1630
chr20	4699958	4699959	1628
chr20	4699959	4699960	1627
chr20	4699960	4699961	1583
chr20	4699961	4699962	1595
chr20	4699962	4699963	1581
chr20	4699963	4699964	1609
chr20	4699964	4699965	1612
chr20	4699965	4699966	1610
chr20	4699966	4699967	1612
chr20	4699967	4699968	1618
chr20	4699968	4699969	1621
chr20	4699969	4699970	1620
chr20	4699970	4699971	1621
chr20	4699971	4699972	1629
chr20	4699972	4699973	1628
chr20	4699973	4699974	1654
chr20	4699974	4699975	1646
chr20	4699975	4699976	1665
chr20	4699976	4699977	1704
chr20	4699977	4699978	1635
chr20	4699978	4699979	1627
chr20	4699979	4699980	1625
chr20	4699980	4699981	1624
chr20	4699981	4699982	1615
chr20	4699982	4699983	1693
chr20	4699983	4699984	1735
chr20	4699984	4699985	1670
chr20	4699985	4699986	1695
chr20	4699986	4699987	1704
chr20	4699987	4699988	1707
chr20	4699988	4699989	1705
chr20	4699989	4699990	1701
chr20	4699990	4699991	1735
chr20	4699991	4699992	1755
chr20	4699992	4699993	1732
chr20	4699993	4699994	1748
chr20	4699994	4699995	1710
chr20	4699995	4699996	1708
chr20	4699996	4699997	1693
chr20	4699997	4699998	1677
chr20	4699998	4699999	1661
chr20	4699999	4700000	1654
chr20	4700000	4700001	1613
chr20	4700001	4700002	1581
chr20	4700002	4700003	1564
chr20	4700003	4700004	1515
chr20	4700004	4700005	1524
chr20	4700005	4700006	1539
chr20	4700006	4700007	1556
chr20	4700007	4700008	1565
chr20	4700008	4700009	1584
chr20	4700009	4700010	1587
chr20	4700010	4700011	1594
chr20	4700011	4700013	1555
chr20	4700013	4700014	1550
chr20	4700014	4700015	1552
chr20	4700015	4700016	1620
chr20	4700016	4700018	1659
chr20	4700018	4700019	1674
chr20	4700019	4700020	1648
chr20	4700020	4700022	1572
chr20	4700022	4700023	1482
chr20	4700023	4700024	1479
chr20	4700024	4700025	1473
chr20	4700025	4700026	1453
chr20	4700026	4700027	1435
chr20	4700027	4700028	1423
chr20	4700028	4700029	1429
chr20	4700029	4700030	1402
chr20	4700030	4700031	1395
chr20	4700031	4700032	1397
chr20	4700032	4700033	1377
chr20	4700033	4700034	1375
chr20	4700034	4700035	1377
chr20	4700035	4700036	1402
chr20	4700036	4700037	1387
chr20	4700037	4700038	1409
chr20	4700038	4700039	1406
chr20	4700039	4700040	1374
chr20	4700040	4700041	1369
chr20	4700041	4700042	1387
chr20	4700042	4700043	1407
chr20	4700043	4700044	1443
chr20	4700044	4700045	1437
chr20	4700045	4700046	1477
chr20	4700046	4700047	1493
chr20	4700047	4700048	1494
chr20	4700048	4700049	1500
chr20	4700049	4700050	1489
chr20	4700050	4700051	1500
chr20	4700051	4700052	1526
chr20	4700052	4700053	1514
chr20	4700053	4700054	1517
chr20	4700054	4700055	1589
chr20	4700055	4700056	1627
chr20	4700056	4700057	1641
chr20	4700057	4700058	1646
chr20	4700058	4700059	1536
chr20	4700059	4700060	1494
chr20	4700060	4700061	1492
chr20	4700061	4700062	1471
chr20	4700062	4700063	1484
chr20	4700063	4700064	1497
chr20	4700064	4700065	1508
chr20	4700065	4700066	1546
chr20	4700066	4700067	1523
chr20	4700067	4700068	1495
chr20	4700068	4700069	1531
chr20	4700069	4700070	1580
chr20	4700070	4700071	1682
chr20	4700071	4700072	1676
chr20	4700072	4700073	1693
chr20	4700073	4700074	1701
chr20	4700074	4700075	1748
chr20	4700075	4700076	1746
chr20	4700076	4700077	1819
chr20	4700077	4700078	1827
chr20	4700078	4700079	1831
chr20	4700079	4700080	1819
chr20	4700080	4700081	1812
chr20	4700081	4700082	1818
chr20	4700082	4700083	1802
chr20	4700083	4700084	1796
chr20	4700084	4700085	1772
chr20	4700085	4700086	1775
chr20	4700086	4700087	1772
chr20	4700087	4700088	1788
chr20	4700088	4700089	1815
chr20	4700089	4700090	1801
chr20	4700090	4700091	1794
chr20	4700091	4700092	1746
chr20	4700092	4700093	1706
chr20	4700093	4700094	1877
chr20	4700094	4700095	1903
chr20	4700095	4700096	1943
chr20	4700096	4700097	1994
chr20	4700097	4700098	1969
chr20	4700098	4700099	1958
chr20	4700099	4700100	1963
chr20	4700100	4700101	1958
chr20	4700101	4700102	1983
chr20	4700102	4700103	1991
chr20	4700103	4700104	2044
chr20	4700104	4700105	2033
chr20	4700105	4700106	2059
chr20	4700106	4700107	2068
chr20	4700107	4700108	2053
chr20	4700108	4700110	2089
chr20	4700110	4700111	2076
chr20	4700111	4700112	2029
chr20	4700112	4700113	2013
chr20	4700113	4700114	1978
chr20	4700114	4700115	1998
chr20	4700115	4700116	2009
chr20	4700116	4700117	1998
chr20	4700117	4700118	1983
chr20	4700118	4700119	1965
chr20	4700119	4700120	1964
chr20	4700120	4700121	1973
chr20	4700121	4700122	1934
chr20	4700122	4700123	1961
chr20	4700123	4700124	1949
chr20	4700124	4700125	1962
chr20	4700125	4700126	1951
chr20	4700126	4700127	1938
chr20	4700127	4700128	1930
chr20	4700128	4700129	1910
chr20	4700129	4700130	1902
chr20	4700130	4700131	1838
chr20	4700131	4700132	1786
chr20	4700132	4700133	1791
chr20	4700133	4700134	1817
chr20	4700134	4700135	1914
chr20	4700135	4700136	2179
chr20	4700136	4700137	2225
chr20	4700137	4700138	2241
chr20	4700138	4700139	2232
chr20	4700139	4700140	2211
chr20	4700140	4700141	2238
chr20	4700141	4700142	2202
chr20	4700142	4700143	2195
chr20	4700143	4700144	2185
chr20	4700144	4700145	2118
chr20	4700145	4700146	2061
chr20	4700146	4700147	2075
chr20	4700147	4700148	2067
chr20	4700148	4700150	2053
chr20	4700150	4700151	2041
chr20	4700151	4700152	2042
chr20	4700152	4700153	2086
chr20	4700153	4700154	2081
chr20	4700154	4700155	2094
chr20	4700155	4700156	2101
chr20	4700156	4700157	2155
chr20	4700157	4700158	2154
chr20	4700158	4700159	2161
chr20	4700159	4700160	2186
chr20	4700160	4700161	2198
chr20	4700161	4700162	2190
chr20	4700162	4700163	2199
chr20	4700163	4700164	2193
chr20	4700164	4700165	2165
chr20	4700165	4700166	2169
chr20	4700166	4700167	2170
chr20	4700167	4700168	2151
chr20	4700168	4700169	2147
chr20	4700169	4700170	1986
chr20	4700170	4700171	1954
chr20	4700171	4700172	1916
chr20	4700172	4700173	1850
chr20	4700173	4700174	1932
chr20	4700174	4700175	1890
chr20	4700175	4700177	1892
chr20	4700177	4700178	1864
chr20	4700178	4700179	1896
chr20	4700179	4700180	1902
chr20	4700180	4700181	1898
chr20	4700181	4700182	1864
chr20	4700182	4700183	1861
chr20	4700183	4700184	1918
chr20	4700184	4700185	1889
chr20	4700185	4700187	1882
chr20	4700187	4700188	1901
chr20	4700188	4700189	1929
chr20	4700189	4700190	1937
chr20	4700190	4700191	1915
chr20	4700191	4700192	1918
chr20	4700192	4700193	1910
chr20	4700193	4700194	1916
chr20	4700194	4700195	1942
chr20	4700195	4700196	1930
chr20	4700196	4700197	1936
chr20	4700197	4700198	1947
chr20	4700198	4700199	1907
chr20	4700199	4700200	1911
chr20	4700200	4700201	1918
chr20	4700201	4700202	1974
chr20	4700202	4700203	1972
chr20	4700203	4700204	1956
chr20	4700204	4700205	1955
chr20	4700205	4700206	1987
chr20	4700206	4700207	1994
chr20	4700207	4700208	2005
chr20	4700208	4700209	2008
chr20	4700209	4700210	1973
chr20	4700210	4700211	2020
chr20	4700211	4700212	1774
chr20	4700212	4700213	1720
chr20	4700213	4700214	1695
chr20	4700214	4700215	1690
chr20	4700215	4700216	1717
chr20	4700216	4700217	1700
chr20	4700217	4700218	1714
chr20	4700218	4700219	1730
chr20	4700219	4700220	1737
chr20	4700220	4700221	1747
chr20	4700221	4700222	1767
chr20	4700222	4700223	1660
chr20	4700223	4700224	1677
chr20	4700224	4700225	1676
chr20	4700225	4700226	1681
chr20	4700226	4700227	1712
chr20	4700227	4700228	1745
chr20	4700228	4700229	1653
chr20	4700229	4700230	1655
chr20	4700230	4700231	1665
chr20	4700231	4700232	1627
chr20	4700232	4700233	1602
chr20	4700233	4700234	1589
chr20	4700234	4700235	1586
chr20	4700235	4700236	1562
chr20	4700236	4700237	1552
chr20	4700237	4700238	1562
chr20	4700238	4700239	1561
chr20	4700239	4700240	1559
chr20	4700240	4700241	1553
chr20	4700241	4700242	1550
chr20	4700242	4700243	1574
chr20	4700243	4700244	1590
chr20	4700244	4700245	1585
chr20	4700245	4700246	1579
chr20	4700246	4700247	1608
chr20	4700247	4700248	1623
chr20	4700248	4700249	1660
chr20	4700249	4700250	1588
chr20	4700250	4700251	1599
chr20	4700251	4700252	1618
chr20	4700252	4700253	1635
chr20	4700253	4700254	1630
chr20	4700254	4700255	1611
chr20	4700255	4700256	1564
chr20	4700256	4700257	1569
chr20	4700257	4700258	1573
chr20	4700258	4700259	1578
chr20	4700259	4700260	1547
chr20	4700260	4700261	1587
chr20	4700261	4700262	1586
chr20	4700262	4700263	1598
chr20	4700263	4700264	1580
chr20	4700264	4700265	1545
chr20	4700265	4700266	1533
chr20	4700266	4700267	1548
chr20	4700267	4700268	1535
chr20	4700268	4700269	1539
chr20	4700269	4700270	1540
chr20	4700270	4700271	1525
chr20	4700271	4700272	1487
chr20	4700272	4700273	1471
chr20	4700273	4700274	1482
chr20	4700274	4700275	1484
chr20	4700275	4700276	1474
chr20	4700276	4700277	1472
chr20	4700277	4700278	1406
chr20	4700278	4700279	1398
chr20	4700279	4700280	1414
chr20	4700280	4700281	1397
chr20	4700281	4700282	1367
chr20	4700282	4700283	1352
chr20	4700283	4700284	1331
chr20	4700284	4700285	1361
chr20	4700285	4700286	1358
chr20	4700286	4700287	1306
chr20	4700287	4700288	1295
chr20	4700288	4700289	1301
chr20	4700289	4700290	1319
chr20	4700290	4700291	1379
chr20	4700291	4700292	1355
chr20	4700292	4700293	1358
chr20	4700293	4700294	1370
chr20	4700294	4700295	1425
chr20	4700295	4700296	1432
chr20	4700296	4700297	1444
chr20	4700297	4700298	1460
chr20	4700298	4700299	1482
chr20	4700299	4700300	1485
chr20	4700300	4700301	1481
chr20	4700301	4700302	1478
chr20	4700302	4700303	1418
chr20	4700303	4700304	1375
chr20	4700304	4700305	1352
chr20	4700305	4700306	1378
chr20	4700306	4700308	1379
chr20	4700308	4700309	1431
chr20	4700309	4700310	1433
chr20	4700310	4700311	1484
chr20	4700311	4700312	1502
chr20	4700312	4700313	1535
chr20	4700313	4700314	1533
chr20	4700314	4700315	1523
#bedGraph section chr20:4700315-4701365
chr20	4700315	4700316	1549
chr20	4700316	4700317	1585
chr20	4700317	4700318	1638
chr20	4700318	4700319	1614
chr20	4700319	4700320	1607
chr20	4700320	4700321	1612
chr20	4700321	4700322	1613
chr20	4700322	4700323	1606
chr20	4700323	4700324	1612
chr20	4700324	4700325	1585
chr20	4700325	4700326	1576
chr20	4700326	4700327	1569
chr20	4700327	4700328	1556
chr20	4700328	4700329	1541
chr20	4700329	4700330	1546
chr20	4700330	4700331	1568
chr20	4700331	4700332	1595
chr20	4700332	4700333	1611
chr20	4700333	4700334	1654
chr20	4700334	4700335	1653
chr20	4700335	4700336	1645
chr20	4700336	4700337	1592
chr20	4700337	4700338	1593
chr20	4700338	4700339	1578
chr20	4700339	4700340	1582
chr20	4700340	4700342	1589
chr20	4700342	4700344	1564
chr20	4700344	4700345	1566
chr20	4700345	4700346	1562
chr20	4700346	4700347	1559
chr20	4700347	4700348	1557
chr20	4700348	4700349	1559
chr20	4700349	4700350	1553
chr20	4700350	4700351	1538
chr20	4700351	4700352	1599
chr20	4700352	4700353	1598
chr20	4700353	4700354	1613
chr20	4700354	4700355	1660
chr20	4700355	4700356	1654
chr20	4700356	4700357	1718
chr20	4700357	4700358	1720
chr20	4700358	4700359	1718
chr20	4700359	4700360	1721
chr20	4700360	4700361	1666
chr20	4700361	4700362	1647
chr20	4700362	4700363	1569
chr20	4700363	4700364	1559
chr20	4700364	4700365	1569
chr20	4700365	4700366	1563
chr20	4700366	4700367	1616
chr20	4700367	4700368	1613
chr20	4700368	4700369	1571
chr20	4700369	4700370	1570
chr20	4700370	4700371	1543
chr20	4700371	4700372	1544
chr20	4700372	4700373	1524
chr20	4700373	4700374	1453
chr20	4700374	4700375	1439
chr20	4700375	4700376	1453
chr20	4700376	4700377	1456
chr20	4700377	4700378	1477
chr20	4700378	4700379	1490
chr20	4700379	4700380	1497
chr20	4700380	4700381	1509
chr20	4700381	4700382	1517
chr20	4700382	4700383	1588
chr20	4700383	4700384	1600
chr20	4700384	4700385	1564
chr20	4700385	4700386	1601
chr20	4700386	4700387	1611
chr20	4700387	4700388	1690
chr20	4700388	4700389	1683
chr20	4700389	4700390	1682
chr20	4700390	4700391	1690
chr20	4700391	4700392	1655
chr20	4700392	4700393	1627
chr20	4700393	4700394	1578
chr20	4700394	4700396	1596
chr20	4700396	4700397	1583
chr20	4700397	4700399	1606
chr20	4700399	4700400	1577
chr20	4700400	4700401	1564
chr20	4700401	4700402	1538
chr20	4700402	4700403	1527
chr20	4700403	4700404	1517
chr20	4700404	4700405	1511
chr20	4700405	4700406	1506
chr20	4700406	4700407	1462
chr20	4700407	4700408	1438
chr20	4700408	4700409	1451
chr20	4700409	4700410	1413
chr20	4700410	4700411	1436
chr20	4700411	4700413	1430
chr20	4700413	4700414	1445
chr20	4700414	4700415	1478
chr20	4700415	4700417	1502
chr20	4700417	4700419	1500
chr20	4700419	4700420	1499
chr20	4700420	4700421	1494
chr20	4700421	4700422	1503
chr20	4700422	4700423	1493
chr20	4700423	4700424	1491
chr20	4700424	4700425	1485
chr20	4700425	4700426	1470
chr20	4700426	4700427	1474
chr20	4700427	4700428	1425
chr20	4700428	4700429	1479
chr20	4700429	4700430	1472
chr20	4700430	4700431	1413
chr20	4700431	4700432	1441
chr20	4700432	4700433	1401
chr20	4700433	4700434	1400
chr20	4700434	4700435	1414
chr20	4700435	4700436	1487
chr20	4700436	4700437	1518
chr20	4700437	4700438	1552
chr20	4700438	4700439	1565
chr20	4700439	4700440	1578
chr20	4700440	4700441	1565
chr20	4700441	4700442	1591
chr20	4700442	4700443	1490
chr20	4700443	4700444	1504
chr20	4700444	4700445	1498
chr20	4700445	4700446	1485
chr20	4700446	4700447	1474
chr20	4700447	4700448	1461
chr20	4700448	4700449	1469
chr20	4700449	4700450	1479
chr20	4700450	4700451	1498
chr20	4700451	4700452	1479
chr20	4700452	4700453	1491
chr20	4700453	4700454	1475
chr20	4700454	4700455	1483
chr20	4700455	4700456	1485
chr20	4700456	4700457	1466
chr20	4700457	4700458	1445
chr20	4700458	4700459	1398
chr20	4700459	4700460	1422
chr20	4700460	4700461	1415
chr20	4700461	4700462	1356
chr20	4700462	4700463	1320
chr20	4700463	4700464	1227
chr20	4700464	4700465	1228
chr20	4700465	4700467	1226
chr20	4700467	4700468	1240
chr20	4700468	4700469	1256
chr20	4700469	4700470	1345
chr20	4700470	4700471	1331
chr20	4700471	4700472	1327
chr20	4700472	4700473	1330
chr20	4700473	4700474	1310
chr20	4700474	4700475	1289
chr20	4700475	4700476	1332
chr20	4700476	4700477	1341
chr20	4700477	4700478	1373
chr20	4700478	4700479	1398
chr20	4700479	4700480	1399
chr20	4700480	4700481	1408
chr20	4700481	4700482	1410
chr20	4700482	4700483	1541
chr20	4700483	4700484	1571
chr20	4700484	4700485	1538
chr20	4700485	4700486	1541
chr20	4700486	4700487	1515
chr20	4700487	4700488	1513
chr20	4700488	4700489	1547
chr20	4700489	4700490	1531
chr20	4700490	4700491	1505
chr20	4700491	4700492	1493
chr20	4700492	4700494	1490
chr20	4700494	4700495	1603
chr20	4700495	4700496	1600
chr20	4700496	4700497	1603
chr20	4700497	4700499	1591
chr20	4700499	4700500	1615
chr20	4700500	4700501	1629
chr20	4700501	4700502	1715
chr20	4700502	4700503	1709
chr20	4700503	4700504	1708
chr20	4700504	4700505	1645
chr20	4700505	4700506	1639
chr20	4700506	4700507	1642
chr20	4700507	4700508	1623
chr20	4700508	4700509	1621
chr20	4700509	4700510	1676
chr20	4700510	4700511	1717
chr20	4700511	4700512	1661
chr20	4700512	4700513	1639
chr20	4700513	4700514	1642
chr20	4700514	4700515	1675
chr20	4700515	4700516	1676
chr20	4700516	4700517	1686
chr20	4700517	4700518	1656
chr20	4700518	4700519	1706
chr20	4700519	4700520	1716
chr20	4700520	4700521	1762
chr20	4700521	4700522	1760
chr20	4700522	4700523	1744
chr20	4700523	4700524	1763
chr20	4700524	4700525	1749
chr20	4700525	4700526	1751
chr20	4700526	4700527	1728
chr20	4700527	4700528	1736
chr20	4700528	4700529	1725
chr20	4700529	4700530	1728
chr20	4700530	4700531	1720
chr20	4700531	4700532	1723
chr20	4700532	4700533	1745
chr20	4700533	4700534	1734
chr20	4700534	4700535	1745
chr20	4700535	4700536	1717
chr20	4700536	4700537	1726
chr20	4700537	4700538	1734
chr20	4700538	4700539	1712
chr20	4700539	4700540	1736
chr20	4700540	4700541	1739
chr20	4700541	4700542	1735
chr20	4700542	4700543	1732
chr20	4700543	4700544	1733
chr20	4700544	4700545	1721
chr20	4700545	4700546	1647
chr20	4700546	4700547	1707
chr20	4700547	4700548	1787
chr20	4700548	4700549	1791
chr20	4700549	4700550	1787
chr20	4700550	4700551	1804
chr20	4700551	4700552	1758
chr20	4700552	4700553	1746
chr20	4700553	4700554	1756
chr20	4700554	4700555	1736
chr20	4700555	4700556	1743
chr20	4700556	4700557	1752
chr20	4700557	4700558	1755
chr20	4700558	4700559	1649
chr20	4700559	4700560	1633
chr20	4700560	4700562	1639
chr20	4700562	4700563	1686
chr20	4700563	4700564	1742
chr20	4700564	4700565	1759
chr20	4700565	4700566	1821
chr20	4700566	4700567	1824
chr20	4700567	4700568	1841
chr20	4700568	4700569	1878
chr20	4700569	4700570	1931
chr20	4700570	4700571	1836
chr20	4700571	4700572	1840
chr20	4700572	4700573	1845
chr20	4700573	4700574	1851
chr20	4700574	4700575	1858
chr20	4700575	4700576	1836
chr20	4700576	4700577	1822
chr20	4700577	4700578	1734
chr20	4700578	4700579	1727
chr20	4700579	4700580	1732
chr20	4700580	4700581	1759
chr20	4700581	4700582	1763
chr20	4700582	4700583	1774
chr20	4700583	4700584	1762
chr20	4700584	4700585	1750
chr20	4700585	4700586	1723
chr20	4700586	4700587	1679
chr20	4700587	4700588	1681
chr20	4700588	4700589	1713
chr20	4700589	4700590	1678
chr20	4700590	4700591	1636
chr20	4700591	4700592	1654
chr20	4700592	4700593	1647
chr20	4700593	4700594	1704
chr20	4700594	4700595	1656
chr20	4700595	4700596	1634
chr20	4700596	4700597	1592
chr20	4700597	4700598	1587
chr20	4700598	4700599	1640
chr20	4700599	4700600	1623
chr20	4700600	4700601	1619
chr20	4700601	4700602	1620
chr20	4700602	4700603	1623
chr20	4700603	4700604	1609
chr20	4700604	4700605	1621
chr20	4700605	4700606	1609
chr20	4700606	4700607	1586
chr20	4700607	4700608	1581
chr20	4700608	4700609	1569
chr20	4700609	4700610	1723
chr20	4700610	4700611	1668
chr20	4700611	4700612	1700
chr20	4700612	4700613	1710
chr20	4700613	4700614	1734
chr20	4700614	4700615	1778
chr20	4700615	4700616	1808
chr20	4700616	4700617	1890
chr20	4700617	4700618	1948
chr20	4700618	4700619	2013
chr20	4700619	4700620	2036
chr20	4700620	4700621	2054
chr20	4700621	4700622	2042
chr20	4700622	4700623	2009
chr20	4700623	4700624	1929
chr20	4700624	4700625	1923
chr20	4700625	4700626	1924
chr20	4700626	4700627	1910
chr20	4700627	4700628	1944
chr20	4700628	4700629	1950
chr20	4700629	4700630	1921
chr20	4700630	4700631	1917
chr20	4700631	4700632	1926
chr20	4700632	4700633	1911
chr20	4700633	4700634	1897
chr20	4700634	4700635	1875
chr20	4700635	4700636	1868
chr20	4700636	4700637	1906
chr20	4700637	4700638	1960
chr20	4700638	4700639	1924
chr20	4700639	4700640	1930
chr20	4700640	4700641	1884
chr20	4700641	4700642	1846
chr20	4700642	4700643	1841
chr20	4700643	4700644	1819
chr20	4700644	4700645	1798
chr20	4700645	4700646	1771
chr20	4700646	4700647	1774
chr20	4700647	4700648	1799
chr20	4700648	4700649	1787
chr20	4700649	4700650	1790
chr20	4700650	4700651	1788
chr20	4700651	4700652	1834
chr20	4700652	4700653	1840
chr20	4700653	4700654	1851
chr20	4700654	4700655	1850
chr20	4700655	4700656	1837
chr20	4700656	4700657	1820
chr20	4700657	4700658	1822
chr20	4700658	4700659	1806
chr20	4700659	4700660	1802
chr20	4700660	4700661	1797
chr20	4700661	4700662	1767
chr20	4700662	4700663	1781
chr20	4700663	4700664	1773
chr20	4700664	4700666	1732
chr20	4700666	4700667	1724
chr20	4700667	4700668	1717
chr20	4700668	4700669	1703
chr20	4700669	4700670	1652
chr20	4700670	4700671	1639
chr20	4700671	4700672	1640
chr20	4700672	4700673	1638
chr20	4700673	4700674	1643
chr20	4700674	4700675	1588
chr20	4700675	4700676	1589
chr20	4700676	4700677	1592
chr20	4700677	4700678	1582
chr20	4700678	4700679	1599
chr20	4700679	4700680	1648
chr20	4700680	4700681	1661
chr20	4700681	4700682	1717
chr20	4700682	4700683	1771
chr20	4700683	4700684	1769
chr20	4700684	4700685	1764
chr20	4700685	4700686	1631
chr20	4700686	4700687	1634
chr20	4700687	4700688	1578
chr20	4700688	4700689	1573
chr20	4700689	4700690	1584
chr20	4700690	4700691	1535
chr20	4700691	4700692	1496
chr20	4700692	4700693	1422
chr20	4700693	4700694	1362
chr20	4700694	4700695	1276
chr20	4700695	4700696	1295
chr20	4700696	4700697	1303
chr20	4700697	4700698	1384
chr20	4700698	4700699	1364
chr20	4700699	4700701	1370
chr20	4700701	4700702	1391
chr20	4700702	4700703	1389
chr20	4700703	4700705	1377
chr20	4700705	4700706	1380
chr20	4700706	4700707	1393
chr20	4700707	4700708	1381
chr20	4700708	4700709	1404
chr20	4700709	4700710	1409
chr20	4700710	4700711	1404
chr20	4700711	4700712	1398
chr20	4700712	4700713	1378
chr20	4700713	4700714	1376
chr20	4700714	4700715	1368
chr20	4700715	4700716	1297
chr20	4700716	4700717	1286
chr20	4700717	4700718	1289
chr20	4700718	4700719	1288
chr20	4700719	4700720	1312
chr20	4700720	4700721	1307
chr20	4700721	4700722	1311
chr20	4700722	4700723	1296
chr20	4700723	4700724	1282
chr20	4700724	4700725	1371
chr20	4700725	4700726	1372
chr20	4700726	4700727	1371
chr20	4700727	4700728	1400
chr20	4700728	4700729	1481
chr20	4700729	4700730	1551
chr20	4700730	4700731	1580
chr20	4700731	4700732	1605
chr20	4700732	4700733	1651
chr20	4700733	4700734	1666
chr20	4700734	4700735	1688
chr20	4700735	4700736	1684
chr20	4700736	4700737	1691
chr20	4700737	4700738	1690
chr20	4700738	4700739	1680
chr20	4700739	4700740	1691
chr20	4700740	4700741	1692
chr20	4700741	4700742	1712
chr20	4700742	4700743	1721
chr20	4700743	4700744	1736
chr20	4700744	4700745	1741
chr20	4700745	4700746	1722
chr20	4700746	4700747	1724
chr20	4700747	4700748	1722
chr20	4700748	4700749	1723
chr20	4700749	4700750	1733
chr20	4700750	4700751	1816
chr20	4700751	4700752	1819
chr20	4700752	4700753	1822
chr20	4700753	4700754	1833
chr20	4700754	4700755	1867
chr20	4700755	4700756	1821
chr20	4700756	4700757	1795
chr20	4700757	4700758	1743
chr20	4700758	4700759	1698
chr20	4700759	4700760	1696
chr20	4700760	4700761	1697
chr20	4700761	4700762	1717
chr20	4700762	4700763	1734
chr20	4700763	4700764	1721
chr20	4700764	4700765	1717
chr20	4700765	4700766	1686
chr20	4700766	4700767	1663
chr20	4700767	4700768	1656
chr20	4700768	4700769	1696
chr20	4700769	4700770	1723
chr20	4700770	4700771	1734
chr20	4700771	4700772	1683
chr20	4700772	4700773	1656
chr20	4700773	4700774	1585
chr20	4700774	4700776	1600
chr20	4700776	4700777	1612
chr20	4700777	4700778	1669
chr20	4700778	4700779	1689
chr20	4700779	4700780	1672
chr20	4700780	4700781	1665
chr20	4700781	4700782	1706
chr20	4700782	4700783	1705
chr20	4700783	4700784	1713
chr20	4700784	4700785	1692
chr20	4700785	4700786	1687
chr20	4700786	4700787	1684
chr20	4700787	4700788	1680
chr20	4700788	4700789	1662
chr20	4700789	4700790	1606
chr20	4700790	4700791	1599
chr20	4700791	4700792	1603
chr20	4700792	4700793	1611
chr20	4700793	4700794	1616
chr20	4700794	4700795	1638
chr20	4700795	4700796	1603
chr20	4700796	4700797	1655
chr20	4700797	4700798	1795
chr20	4700798	4700799	1822
chr20	4700799	4700800	1840
chr20	4700800	4700801	1758
chr20	4700801	4700802	1747
chr20	4700802	4700803	1771
chr20	4700803	4700804	1706
chr20	4700804	4700805	1646
chr20	4700805	4700806	1568
chr20	4700806	4700807	1557
chr20	4700807	4700808	1767
chr20	4700808	4700809	1744
chr20	4700809	4700810	1784
chr20	4700810	4700811	1765
chr20	4700811	4700812	1777
chr20	4700812	4700813	1781
chr20	4700813	4700814	1813
chr20	4700814	4700815	1889
chr20	4700815	4700816	1886
chr20	4700816	4700817	1944
chr20	4700817	4700818	1937
chr20	4700818	4700819	2052
chr20	4700819	4700820	2021
chr20	4700820	4700821	2054
chr20	4700821	4700823	2073
chr20	4700823	4700824	2110
chr20	4700824	4700826	2103
chr20	4700826	4700827	2035
chr20	4700827	4700828	2052
chr20	4700828	4700829	2061
chr20	4700829	4700830	2059
chr20	4700830	4700831	2004
chr20	4700831	4700832	2041
chr20	4700832	4700833	2066
chr20	4700833	4700834	2132
chr20	4700834	4700835	2207
chr20	4700835	4700836	2334
chr20	4700836	4700837	2362
chr20	4700837	4700838	2364
chr20	4700838	4700839	2481
chr20	4700839	4700840	2501
chr20	4700840	4700841	2566
chr20	4700841	4700843	2581
chr20	4700843	4700844	2588
chr20	4700844	4700845	2547
chr20	4700845	4700846	2598
chr20	4700846	4700847	2617
chr20	4700847	4700848	2636
chr20	4700848	4700849	2649
chr20	4700849	4700850	2640
chr20	4700850	4700851	2620
chr20	4700851	4700852	2631
chr20	4700852	4700853	2641
chr20	4700853	4700854	2561
chr20	4700854	4700855	2540
chr20	4700855	4700856	2537
chr20	4700856	4700857	2529
chr20	4700857	4700858	2498
chr20	4700858	4700859	2486
chr20	4700859	4700860	2475
chr20	4700860	4700861	2466
chr20	4700861	4700862	2465
chr20	4700862	4700863	2542
chr20	4700863	4700864	2559
chr20	4700864	4700865	2590
chr20	4700865	4700866	2593
chr20	4700866	4700867	2606
chr20	4700867	4700868	2629
chr20	4700868	4700869	2674
chr20	4700869	4700870	2720
chr20	4700870	4700871	2792
chr20	4700871	4700872	2810
chr20	4700872	4700873	2794
chr20	4700873	4700874	2654
chr20	4700874	4700875	2684
chr20	4700875	4700876	2707
chr20	4700876	4700877	2741
chr20	4700877	4700878	2827
chr20	4700878	4700879	2924
chr20	4700879	4700880	2932
chr20	4700880	4700881	2910
chr20	4700881	4700882	2913
chr20	4700882	4700883	2935
chr20	4700883	4700884	2701
chr20	4700884	4700885	2670
chr20	4700885	4700887	2661
chr20	4700887	4700888	2653
chr20	4700888	4700889	2664
chr20	4700889	4700890	2648
chr20	4700890	4700891	2626
chr20	4700891	4700892	2627
chr20	4700892	4700893	2571
chr20	4700893	4700894	2595
chr20	4700894	4700895	2481
chr20	4700895	4700896	2485
chr20	4700896	4700897	2582
chr20	4700897	4700898	2605
chr20	4700898	4700899	2662
chr20	4700899	4700900	2655
chr20	4700900	4700901	2665
chr20	4700901	4700902	2673
chr20	4700902	4700903	2656
chr20	4700903	4700904	2679
chr20	4700904	4700905	2734
chr20	4700905	4700906	2735
chr20	4700906	4700907	2787
chr20	4700907	4700908	2791
chr20	4700908	4700909	2776
chr20	4700909	4700910	2718
chr20	4700910	4700911	2651
chr20	4700911	4700912	2544
chr20	4700912	4700913	2509
chr20	4700913	4700914	2508
chr20	4700914	4700915	2383
chr20	4700915	4700916	2444
chr20	4700916	4700917	2412
chr20	4700917	4700918	2413
chr20	4700918	4700919	2418
chr20	4700919	4700920	2408
chr20	4700920	4700921	2414
chr20	4700921	4700922	2346
chr20	4700922	4700923	2324
chr20	4700923	4700924	2301
chr20	4700924	4700925	2290
chr20	4700925	4700926	2273
chr20	4700926	4700927	2345
chr20	4700927	4700928	2334
chr20	4700928	4700929	2315
chr20	4700929	4700930	2322
chr20	4700930	4700931	2333
chr20	4700931	4700932	2357
chr20	4700932	4700933	2386
chr20	4700933	4700934	2403
chr20	4700934	4700935	2456
chr20	4700935	4700936	2467
chr20	4700936	4700937	2514
chr20	4700937	4700938	2715
chr20	4700938	4700939	2698
chr20	4700939	4700940	2781
chr20	4700940	4700941	2768
chr20	4700941	4700943	2791
chr20	4700943	4700944	2859
chr20	4700944	4700945	2849
chr20	4700945	4700946	2778
chr20	4700946	4700947	2692
chr20	4700947	4700948	2686
chr20	4700948	4700949	2631
chr20	4700949	4700950	2675
chr20	4700950	4700951	2625
chr20	4700951	4700952	2586
chr20	4700952	4700953	2527
chr20	4700953	4700954	2467
chr20	4700954	4700955	2396
chr20	4700955	4700956	2395
chr20	4700956	4700957	2411
chr20	4700957	4700958	2420
chr20	4700958	4700959	2412
chr20	4700959	4700960	2416
chr20	4700960	4700961	2468
chr20	4700961	4700962	2619
chr20	4700962	4700963	2696
chr20	4700963	4700964	2728
chr20	4700964	4700965	2724
chr20	4700965	4700966	2725
chr20	4700966	4700967	2650
chr20	4700967	4700968	2651
chr20	4700968	4700969	2679
chr20	4700969	4700970	2649
chr20	4700970	4700971	2680
chr20	4700971	4700972	2693
chr20	4700972	4700973	2568
chr20	4700973	4700974	2532
chr20	4700974	4700975	2488
chr20	4700975	4700976	2472
chr20	4700976	4700977	2464
chr20	4700977	4700978	2459
chr20	4700978	4700979	2463
chr20	4700979	4700980	2415
chr20	4700980	4700981	2425
chr20	4700981	4700982	2437
chr20	4700982	4700983	2413
chr20	4700983	4700984	2697
chr20	4700984	4700985	2699
chr20	4700985	4700986	2719
chr20	4700986	4700987	2729
chr20	4700987	4700988	2734
chr20	4700988	4700989	2780
chr20	4700989	4700990	2785
chr20	4700990	4700991	2844
chr20	4700991	4700992	2797
chr20	4700992	4700993	2888
chr20	4700993	4700994	2935
chr20	4700994	4700995	2943
chr20	4700995	4700996	2945
chr20	4700996	4700997	2947
chr20	4700997	4700998	2940
chr20	4700998	4700999	2939
chr20	4700999	4701001	2931
chr20	4701001	4701002	2986
chr20	4701002	4701003	2929
chr20	4701003	4701004	3055
chr20	4701004	4701005	3061
chr20	4701005	4701006	3057
chr20	4701006	4701007	3050
chr20	4701007	4701008	3026
chr20	4701008	4701009	2993
chr20	4701009	4701010	3026
chr20	4701010	4701011	2998
chr20	4701011	4701012	2986
chr20	4701012	4701013	2943
chr20	4701013	4701014	2754
chr20	4701014	4701015	2716
chr20	4701015	4701016	2610
chr20	4701016	4701017	2594
chr20	4701017	4701018	2571
chr20	4701018	4701019	2585
chr20	4701019	4701020	2584
chr20	4701020	4701021	2616
chr20	4701021	4701022	2685
chr20	4701022	4701023	2679
chr20	4701023	4701024	2682
chr20	4701024	4701025	2699
chr20	4701025	4701026	2820
chr20	4701026	4701027	2812
chr20	4701027	4701028	2895
chr20	4701028	4701029	2917
chr20	4701029	4701030	2915
chr20	4701030	4701031	2902
chr20	4701031	4701032	2921
chr20	4701032	4701033	2894
chr20	4701033	4701034	2864
chr20	4701034	4701035	2849
chr20	4701035	4701036	2931
chr20	4701036	4701037	2872
chr20	4701037	4701038	2676
chr20	4701038	4701039	2601
chr20	4701039	4701040	2564
chr20	4701040	4701041	2554
chr20	4701041	4701042	2557
chr20	4701042	4701043	2566
chr20	4701043	4701044	2570
chr20	4701044	4701045	2535
chr20	4701045	4701046	2609
chr20	4701046	4701047	2699
chr20	4701047	4701048	2687
chr20	4701048	4701049	2680
chr20	4701049	4701050	2721
chr20	4701050	4701051	2862
chr20	4701051	4701052	2995
chr20	4701052	4701053	3006
chr20	4701053	4701054	2990
chr20	4701054	4701055	3010
chr20	4701055	4701056	3034
chr20	4701056	4701057	2967
chr20	4701057	4701058	2966
chr20	4701058	4701059	2962
chr20	4701059	4701060	2663
chr20	4701060	4701061	2645
chr20	4701061	4701062	2622
chr20	4701062	4701063	2615
chr20	4701063	4701064	2643
chr20	4701064	4701065	2603
chr20	4701065	4701066	2562
chr20	4701066	4701067	2637
chr20	4701067	4701068	2618
chr20	4701068	4701069	2499
chr20	4701069	4701070	2484
chr20	4701070	4701071	2475
chr20	4701071	4701072	2471
chr20	4701072	4701073	2463
chr20	4701073	4701074	2483
chr20	4701074	4701075	2481
chr20	4701075	4701076	2534
chr20	4701076	4701077	2535
chr20	4701077	4701078	2522
chr20	4701078	4701079	2526
chr20	4701079	4701080	2419
chr20	4701080	4701081	2404
chr20	4701081	4701082	2402
chr20	4701082	4701083	2405
chr20	4701083	4701084	2408
chr20	4701084	4701085	2456
chr20	4701085	4701086	2431
chr20	4701086	4701087	2407
chr20	4701087	4701088	2410
chr20	4701088	4701089	2411
chr20	4701089	4701090	2454
chr20	4701090	4701091	2470
chr20	4701091	4701092	2483
chr20	4701092	4701093	2490
chr20	4701093	4701094	2498
chr20	4701094	4701095	2567
chr20	4701095	4701096	2502
chr20	4701096	4701097	2428
chr20	4701097	4701098	2363
chr20	4701098	4701099	2371
chr20	4701099	4701100	2352
chr20	4701100	4701101	2524
chr20	4701101	4701102	2342
chr20	4701102	4701103	2377
chr20	4701103	4701104	2320
chr20	4701104	4701105	2305
chr20	4701105	4701106	2328
chr20	4701106	4701107	2313
chr20	4701107	4701109	2300
chr20	4701109	4701110	2365
chr20	4701110	4701111	2466
chr20	4701111	4701112	2441
chr20	4701112	4701113	2553
chr20	4701113	4701114	2598
chr20	4701114	4701115	2631
chr20	4701115	4701116	2647
chr20	4701116	4701117	2648
chr20	4701117	4701119	2657
chr20	4701119	4701120	2656
chr20	4701120	4701121	2680
chr20	4701121	4701122	2603
chr20	4701122	4701123	2489
chr20	4701123	4701124	2493
chr20	4701124	4701125	2501
chr20	4701125	4701126	2360
chr20	4701126	4701127	2207
chr20	4701127	4701128	2165
chr20	4701128	4701129	2198
chr20	4701129	4701130	2235
chr20	4701130	4701131	2244
chr20	4701131	4701132	2243
chr20	4701132	4701133	2241
chr20	4701133	4701134	2236
chr20	4701134	4701135	2217
chr20	4701135	4701136	2183
chr20	4701136	4701137	2193
chr20	4701137	4701138	2194
chr20	4701138	4701139	2222
chr20	4701139	4701140	2159
chr20	4701140	4701141	2143
chr20	4701141	4701142	2131
chr20	4701142	4701143	1977
chr20	4701143	4701144	1958
chr20	4701144	4701145	1953
chr20	4701145	4701146	1932
chr20	4701146	4701147	1942
chr20	4701147	4701148	1976
chr20	4701148	4701149	1996
chr20	4701149	4701150	2007
chr20	4701150	4701151	2004
chr20	4701151	4701152	1955
chr20	4701152	4701153	2001
chr20	4701153	4701154	1982
chr20	4701154	4701155	2061
chr20	4701155	4701156	2065
chr20	4701156	4701157	2075
chr20	4701157	4701158	2125
chr20	4701158	4701159	2151
chr20	4701159	4701160	2168
chr20	4701160	4701161	2164
chr20	4701161	4701162	2131
chr20	4701162	4701163	2134
chr20	4701163	4701164	2151
chr20	4701164	4701165	2227
chr20	4701165	4701166	2214
chr20	4701166	4701167	2252
chr20	4701167	4701168	2284
chr20	4701168	4701169	2314
chr20	4701169	4701170	2315
chr20	4701170	4701171	2229
chr20	4701171	4701172	2219
chr20	4701172	4701173	2209
chr20	4701173	4701174	2210
chr20	4701174	4701175	2295
chr20	4701175	4701176	2304
chr20	4701176	4701177	2120
chr20	4701177	4701178	2115
chr20	4701178	4701179	2080
chr20	4701179	4701181	2049
chr20	4701181	4701182	2051
chr20	4701182	4701183	2060
chr20	4701183	4701184	2059
chr20	4701184	4701185	2105
chr20	4701185	4701186	2026
chr20	4701186	4701187	1937
chr20	4701187	4701188	1871
chr20	4701188	4701189	1763
chr20	4701189	4701190	1720
chr20	4701190	4701191	1679
chr20	4701191	4701192	1676
chr20	4701192	4701193	1669
chr20	4701193	4701194	1657
chr20	4701194	4701195	1640
chr20	4701195	4701196	1630
chr20	4701196	4701197	1606
chr20	4701197	4701198	1604
chr20	4701198	4701199	1600
chr20	4701199	4701200	1583
chr20	4701200	4701201	1569
chr20	4701201	4701202	1584
chr20	4701202	4701203	1586
chr20	4701203	4701204	1585
chr20	4701204	4701205	1548
chr20	4701205	4701206	1510
chr20	4701206	4701207	1613
chr20	4701207	4701208	1603
chr20	4701208	4701209	1599
chr20	4701209	4701210	1584
chr20	4701210	4701211	1599
chr20	4701211	4701212	1614
chr20	4701212	4701213	1631
chr20	4701213	4701214	1615
chr20	4701214	4701215	1579
chr20	4701215	4701216	1586
chr20	4701216	4701217	1588
chr20	4701217	4701218	1613
chr20	4701218	4701219	1625
chr20	4701219	4701220	1632
chr20	4701220	4701221	1630
chr20	4701221	4701222	1642
chr20	4701222	4701223	1639
chr20	4701223	4701224	1614
chr20	4701224	4701225	1627
chr20	4701225	4701226	1647
chr20	4701226	4701227	1708
chr20	4701227	4701228	1718
chr20	4701228	4701229	1695
chr20	4701229	4701230	1719
chr20	4701230	4701231	1610
chr20	4701231	4701232	1597
chr20	4701232	4701233	1598
chr20	4701233	4701234	1583
chr20	4701234	4701235	1552
chr20	4701235	4701236	1572
chr20	4701236	4701237	1550
chr20	4701237	4701238	1552
chr20	4701238	4701239	1565
chr20	4701239	4701240	1592
chr20	4701240	4701241	1569
chr20	4701241	4701242	1542
chr20	4701242	4701243	1469
chr20	4701243	4701244	1474
chr20	4701244	4701245	1414
chr20	4701245	4701246	1455
chr20	4701246	4701247	1459
chr20	4701247	4701248	1471
chr20	4701248	4701249	1474
chr20	4701249	4701250	1467
chr20	4701250	4701251	1375
chr20	4701251	4701252	1367
chr20	4701252	4701253	1378
chr20	4701253	4701254	1393
chr20	4701254	4701255	1401
chr20	4701255	4701256	1466
chr20	4701256	4701257	1474
chr20	4701257	4701258	1440
chr20	4701258	4701259	1418
chr20	4701259	4701260	1401
chr20	4701260	4701261	1361
chr20	4701261	4701262	1379
chr20	4701262	4701263	1375
chr20	4701263	4701264	1383
chr20	4701264	4701265	1385
chr20	4701265	4701266	1386
chr20	4701266	4701267	1387
chr20	4701267	4701268	1383
chr20	4701268	4701269	1391
chr20	4701269	4701270	1376
chr20	4701270	4701271	1392
chr20	4701271	4701272	1383
chr20	4701272	4701273	1423
chr20	4701273	4701274	1409
chr20	4701274	4701275	1419
chr20	4701275	4701276	1418
chr20	4701276	4701277	1444
chr20	4701277	4701278	1475
chr20	4701278	4701279	1476
chr20	4701279	4701280	1477
chr20	4701280	4701281	1469
chr20	4701281	4701282	1507
chr20	4701282	4701283	1385
chr20	4701283	4701284	1384
chr20	4701284	4701285	1393
chr20	4701285	4701286	1415
chr20	4701286	4701287	1407
chr20	4701287	4701288	1395
chr20	4701288	4701289	1367
chr20	4701289	4701290	1390
chr20	4701290	4701291	1436
chr20	4701291	4701292	1428
chr20	4701292	4701293	1525
chr20	4701293	4701294	1516
chr20	4701294	4701295	1510
chr20	4701295	4701296	1500
chr20	4701296	4701297	1686
chr20	4701297	4701298	1704
chr20	4701298	4701299	1730
chr20	4701299	4701300	1734
chr20	4701300	4701301	1767
chr20	4701301	4701302	1722
chr20	4701302	4701303	1700
chr20	4701303	4701304	1867
chr20	4701304	4701305	1930
chr20	4701305	4701306	1926
chr20	4701306	4701308	1927
chr20	4701308	4701309	2068
chr20	4701309	4701310	2054
chr20	4701310	4701311	2057
chr20	4701311	4701312	2029
chr20	4701312	4701313	2014
chr20	4701313	4701315	2029
chr20	4701315	4701316	2004
chr20	4701316	4701317	1961
chr20	4701317	4701318	2009
chr20	4701318	4701319	2050
chr20	4701319	4701320	2049
chr20	4701320	4701321	2100
chr20	4701321	4701322	2073
chr20	4701322	4701323	2069
chr20	4701323	4701324	2057
chr20	4701324	4701325	2083
chr20	4701325	4701326	2113
chr20	4701326	4701327	2277
chr20	4701327	4701328	2341
chr20	4701328	4701329	2342
chr20	4701329	4701330	2315
chr20	4701330	4701331	2311
chr20	4701331	4701332	2250
chr20	4701332	4701333	2240
chr20	4701333	4701334	2273
chr20	4701334	4701335	2291
chr20	4701335	4701336	2332
chr20	4701336	4701337	2345
chr20	4701337	4701338	2381
chr20	4701338	4701339	2394
chr20	4701339	4701340	2444
chr20	4701340	4701341	2550
chr20	4701341	4701342	2601
chr20	4701342	4701343	2662
chr20	4701343	4701344	2675
chr20	4701344	4701345	2692
chr20	4701345	4701346	2718
chr20	4701346	4701347	2706
chr20	4701347	4701348	2884
chr20	4701348	4701349	2846
chr20	4701349	4701350	2850
chr20	4701350	4701351	2848
chr20	4701351	4701352	2861
chr20	4701352	4701353	2882
chr20	4701353	4701354	2841
chr20	4701354	4701355	2837
chr20	4701355	4701356	2831
chr20	4701356	4701357	2834
chr20	4701357	4701358	2797
chr20	4701358	4701359	2778
chr20	4701359	4701360	2763
chr20	4701360	4701361	2805
chr20	4701361	4701362	2829
chr20	4701362	4701363	2839
chr20	4701363	4701364	2842
chr20	4701364	4701365	2850
#bedGraph section chr20:4701365-4780812
chr20	4701365	4701366	2836
chr20	4701366	4701367	2800
chr20	4701367	4701368	2881
chr20	4701368	4701369	2826
chr20	4701369	4701370	2855
chr20	4701370	4701371	2857
chr20	4701371	4701372	2852
chr20	4701372	4701373	2756
chr20	4701373	4701374	2796
chr20	4701374	4701375	2907
chr20	4701375	4701376	2919
chr20	4701376	4701377	2873
chr20	4701377	4701378	2908
chr20	4701378	4701379	2885
chr20	4701379	4701380	2773
chr20	4701380	4701381	2705
chr20	4701381	4701382	2740
chr20	4701382	4701383	2745
chr20	4701383	4701384	2909
chr20	4701384	4701385	2888
chr20	4701385	4701386	2979
chr20	4701386	4701387	3045
chr20	4701387	4701388	3089
chr20	4701388	4701389	3118
chr20	4701389	4701390	3123
chr20	4701390	4701391	3108
chr20	4701391	4701392	3080
chr20	4701392	4701393	3179
chr20	4701393	4701394	3132
chr20	4701394	4701395	3146
chr20	4701395	4701396	3118
chr20	4701396	4701397	3231
chr20	4701397	4701398	3249
chr20	4701398	4701399	3320
chr20	4701399	4701400	3401
chr20	4701400	4701401	3434
chr20	4701401	4701402	3441
chr20	4701402	4701403	3295
chr20	4701403	4701404	3263
chr20	4701404	4701405	3261
chr20	4701405	4701406	3268
chr20	4701406	4701407	3271
chr20	4701407	4701408	3272
chr20	4701408	4701409	3274
chr20	4701409	4701410	3232
chr20	4701410	4701411	3216
chr20	4701411	4701412	3174
chr20	4701412	4701413	3163
chr20	4701413	4701414	3102
chr20	4701414	4701415	3085
chr20	4701415	4701416	3028
chr20	4701416	4701417	2899
chr20	4701417	4701418	2884
chr20	4701418	4701420	2823
chr20	4701420	4701421	2806
chr20	4701421	4701422	2799
chr20	4701422	4701423	2794
chr20	4701423	4701424	2617
chr20	4701424	4701425	2645
chr20	4701425	4701426	2651
chr20	4701426	4701427	2652
chr20	4701427	4701428	2641
chr20	4701428	4701429	2594
chr20	4701429	4701430	2588
chr20	4701430	4701431	2582
chr20	4701431	4701432	2583
chr20	4701432	4701433	2612
chr20	4701433	4701434	2619
chr20	4701434	4701435	2627
chr20	4701435	4701436	2630
chr20	4701436	4701437	2579
chr20	4701437	4701438	2533
chr20	4701438	4701439	2511
chr20	4701439	4701440	2528
chr20	4701440	4701441	2526
chr20	4701441	4701442	2520
chr20	4701442	4701443	2501
chr20	4701443	4701444	2425
chr20	4701444	4701445	2400
chr20	4701445	4701446	2349
chr20	4701446	4701448	2351
chr20	4701448	4701449	2247
chr20	4701449	4701450	2196
chr20	4701450	4701451	2059
chr20	4701451	4701452	2035
chr20	4701452	4701453	2027
chr20	4701453	4701454	1997
chr20	4701454	4701455	1983
chr20	4701455	4701456	1935
chr20	4701456	4701457	1936
chr20	4701457	4701458	1861
chr20	4701458	4701459	1862
chr20	4701459	4701460	1695
chr20	4701460	4701461	1573
chr20	4701461	4701462	1471
chr20	4701462	4701463	1348
chr20	4701463	4701464	1332
chr20	4701464	4701465	1329
chr20	4701465	4701467	1321
chr20	4701467	4701468	1326
chr20	4701468	4701469	1208
chr20	4701469	4701470	1199
chr20	4701470	4701471	1167
chr20	4701471	4701472	1141
chr20	4701472	4701473	977
chr20	4701473	4701474	961
chr20	4701474	4701475	905
chr20	4701475	4701476	815
chr20	4701476	4701477	746
chr20	4701477	4701478	710
chr20	4701478	4701479	704
chr20	4701479	4701480	675
chr20	4701480	4701481	661
chr20	4701481	4701482	734
chr20	4701482	4701483	732
chr20	4701483	4701484	817
chr20	4701484	4701485	816
chr20	4701485	4701487	819
chr20	4701487	4701488	816
chr20	4701488	4701489	818
chr20	4701489	4701490	835
chr20	4701490	4701491	833
chr20	4701491	4701493	832
chr20	4701493	4701494	817
chr20	4701494	4701495	852
chr20	4701495	4701496	848
chr20	4701496	4701497	841
chr20	4701497	4701498	856
chr20	4701498	4701499	866
chr20	4701499	4701500	932
chr20	4701500	4701501	900
chr20	4701501	4701502	890
chr20	4701502	4701503	974
chr20	4701503	4701504	971
chr20	4701504	4701505	985
chr20	4701505	4701506	998
chr20	4701506	4701507	1004
chr20	4701507	4701508	1159
chr20	4701508	4701509	1194
chr20	4701509	4701510	1220
chr20	4701510	4701511	1226
chr20	4701511	4701512	1221
chr20	4701512	4701513	1255
chr20	4701513	4701514	1256
chr20	4701514	4701515	1257
chr20	4701515	4701516	1235
chr20	4701516	4701517	1226
chr20	4701517	4701518	1217
chr20	4701518	4701520	1218
chr20	4701520	4701522	1202
chr20	4701522	4701523	1189
chr20	4701523	4701524	1182
chr20	4701524	4701525	1178
chr20	4701525	4701526	1165
chr20	4701526	4701527	1161
chr20	4701527	4701528	1160
chr20	4701528	4701529	1145
chr20	4701529	4701530	1128
chr20	4701530	4701531	1119
chr20	4701531	4701532	1111
chr20	4701532	4701533	1087
chr20	4701533	4701534	1080
chr20	4701534	4701535	1066
chr20	4701535	4701536	1059
chr20	4701536	4701537	1056
chr20	4701537	4701538	1045
chr20	4701538	4701539	1035
chr20	4701539	4701540	1020
chr20	4701540	4701541	1014
chr20	4701541	4701542	1010
chr20	4701542	4701543	1009
chr20	4701543	4701544	1002
chr20	4701544	4701545	1000
chr20	4701545	4701546	985
chr20	4701546	4701548	964
chr20	4701548	4701549	951
chr20	4701549	4701550	945
chr20	4701550	4701551	919
chr20	4701551	4701552	915
chr20	4701552	4701553	903
chr20	4701553	4701554	902
chr20	4701554	4701555	897
chr20	4701555	4701556	892
chr20	4701556	4701557	885
chr20	4701557	4701558	795
chr20	4701558	4701559	789
chr20	4701559	4701561	695
chr20	4701561	4701562	693
chr20	4701562	4701563	692
chr20	4701563	4701564	689
chr20	4701564	4701565	679
chr20	4701565	4701566	663
chr20	4701566	4701568	662
chr20	4701568	4701569	660
chr20	4701569	4701570	647
chr20	4701570	4701571	599
chr20	4701571	4701572	594
chr20	4701572	4701573	592
chr20	4701573	4701574	553
chr20	4701574	4701575	543
chr20	4701575	4701576	476
chr20	4701576	4701577	472
chr20	4701577	4701578	470
chr20	4701578	4701579	374
chr20	4701579	4701580	368
chr20	4701580	4701581	358
chr20	4701581	4701582	342
chr20	4701582	4701583	335
chr20	4701583	4701584	176
chr20	4701584	4701585	91
chr20	4701585	4701586	66
chr20	4701586	4701587	55
chr20	4701587	4701588	41
chr20	4701588	4701589	7
chr20	4701589	4701590	3
chr20	4701590	4701591	1
chr20	4701591	4702055	0
