track type=wiggle_0 name="Brain Caud bas gangl" description="Brain Caudate basal ganglia"
#bedGraph section chr20:4213802-4686492
chr20	4685648	4686193	0
chr20	4686193	4686199	2
chr20	4686199	4686203	3
chr20	4686203	4686267	4
chr20	4686267	4686269	6
chr20	4686269	4686275	4
chr20	4686275	4686276	3
chr20	4686276	4686294	4
chr20	4686294	4686315	5
chr20	4686315	4686318	6
chr20	4686318	4686321	8
chr20	4686321	4686341	9
chr20	4686341	4686343	10
chr20	4686343	4686349	8
chr20	4686349	4686351	9
chr20	4686351	4686352	10
chr20	4686352	4686353	9
chr20	4686353	4686355	10
chr20	4686355	4686369	9
chr20	4686369	4686370	10
chr20	4686370	4686378	9
chr20	4686378	4686383	12
chr20	4686383	4686391	13
chr20	4686391	4686392	12
chr20	4686392	4686394	13
chr20	4686394	4686395	11
chr20	4686395	4686402	12
chr20	4686402	4686405	13
chr20	4686405	4686412	14
chr20	4686412	4686413	15
chr20	4686413	4686415	16
chr20	4686415	4686416	19
chr20	4686416	4686417	21
chr20	4686417	4686419	20
chr20	4686419	4686420	21
chr20	4686420	4686422	24
chr20	4686422	4686423	26
chr20	4686423	4686425	25
chr20	4686425	4686426	27
chr20	4686426	4686427	35
chr20	4686427	4686429	34
chr20	4686429	4686432	33
chr20	4686432	4686433	35
chr20	4686433	4686436	37
chr20	4686436	4686438	41
chr20	4686438	4686439	44
chr20	4686439	4686441	50
chr20	4686441	4686442	55
chr20	4686442	4686443	57
chr20	4686443	4686444	58
chr20	4686444	4686445	60
chr20	4686445	4686449	59
chr20	4686449	4686451	67
chr20	4686451	4686452	68
chr20	4686452	4686454	69
chr20	4686454	4686455	66
chr20	4686455	4686456	68
chr20	4686456	4686457	70
chr20	4686457	4686458	73
chr20	4686458	4686459	74
chr20	4686459	4686460	75
chr20	4686460	4686461	76
chr20	4686461	4686462	79
chr20	4686462	4686463	80
chr20	4686463	4686464	97
chr20	4686464	4686465	101
chr20	4686465	4686466	102
chr20	4686466	4686467	103
chr20	4686467	4686469	108
chr20	4686469	4686470	110
chr20	4686470	4686471	115
chr20	4686471	4686473	157
chr20	4686473	4686474	173
chr20	4686474	4686475	193
chr20	4686475	4686476	194
chr20	4686476	4686477	199
chr20	4686477	4686478	205
chr20	4686478	4686479	218
chr20	4686479	4686480	240
chr20	4686480	4686481	243
chr20	4686481	4686482	255
chr20	4686482	4686484	256
chr20	4686484	4686485	257
chr20	4686485	4686486	264
chr20	4686486	4686488	267
chr20	4686488	4686489	288
chr20	4686489	4686490	287
chr20	4686490	4686491	300
chr20	4686491	4686492	302
#bedGraph section chr20:4686492-4699826
chr20	4686492	4686493	300
chr20	4686493	4686496	302
chr20	4686496	4686497	306
chr20	4686497	4686498	307
chr20	4686498	4686499	309
chr20	4686499	4686500	310
chr20	4686500	4686501	314
chr20	4686501	4686502	313
chr20	4686502	4686503	306
chr20	4686503	4686504	327
chr20	4686504	4686505	335
chr20	4686505	4686506	337
chr20	4686506	4686507	342
chr20	4686507	4686508	346
chr20	4686508	4686509	231
chr20	4686509	4686510	233
chr20	4686510	4686511	236
chr20	4686511	4686512	244
chr20	4686512	4686671	0
chr20	4686671	4686688	1
chr20	4686688	4686693	3
chr20	4686693	4686704	4
chr20	4686704	4686718	6
chr20	4686718	4686733	9
chr20	4686733	4686734	12
chr20	4686734	4686736	13
chr20	4686736	4687528	0
chr20	4687528	4687604	1
chr20	4687604	4687621	0
chr20	4687621	4687655	1
chr20	4687655	4687697	2
chr20	4687697	4687699	1
chr20	4687699	4687731	2
chr20	4687731	4687752	1
chr20	4687752	4687764	2
chr20	4687764	4687775	3
chr20	4687775	4687828	2
chr20	4687828	4687840	1
chr20	4687840	4687907	0
chr20	4687907	4687951	2
chr20	4687951	4687983	4
chr20	4687983	4688001	2
chr20	4688001	4688027	3
chr20	4688027	4688032	1
chr20	4688032	4688071	2
chr20	4688071	4688077	3
chr20	4688077	4688108	2
chr20	4688108	4688147	1
chr20	4688147	4688213	0
chr20	4688213	4688217	1
chr20	4688217	4688244	2
chr20	4688244	4688255	3
chr20	4688255	4688289	7
chr20	4688289	4688293	6
chr20	4688293	4688320	5
chr20	4688320	4688331	4
chr20	4688331	4688357	0
chr20	4688357	4688433	4
chr20	4688433	4688649	0
chr20	4688649	4688725	1
chr20	4688725	4688737	0
chr20	4688737	4688813	1
chr20	4688813	4689254	0
chr20	4689254	4689330	1
chr20	4689330	4689386	0
chr20	4689386	4689462	1
chr20	4689462	4689873	0
chr20	4689873	4689949	1
chr20	4689949	4690033	0
chr20	4690033	4690109	1
chr20	4690109	4691051	0
chr20	4691051	4691117	1
chr20	4691117	4691127	3
chr20	4691127	4691175	2
chr20	4691175	4691181	4
chr20	4691181	4691193	5
chr20	4691193	4691219	3
chr20	4691219	4691251	4
chr20	4691251	4691257	2
chr20	4691257	4691267	1
chr20	4691267	4691295	2
chr20	4691295	4691326	1
chr20	4691326	4691332	2
chr20	4691332	4691343	4
chr20	4691343	4691360	3
chr20	4691360	4691402	4
chr20	4691402	4691408	3
chr20	4691408	4691436	1
chr20	4691436	4691582	0
chr20	4691582	4691624	1
chr20	4691624	4691637	2
chr20	4691637	4691658	3
chr20	4691658	4691700	2
chr20	4691700	4691713	1
chr20	4691713	4691719	0
chr20	4691719	4691786	1
chr20	4691786	4691795	2
chr20	4691795	4691825	1
chr20	4691825	4691841	2
chr20	4691841	4691862	3
chr20	4691862	4691901	2
chr20	4691901	4691917	1
chr20	4691917	4691924	0
chr20	4691924	4692000	1
chr20	4692000	4692049	0
chr20	4692049	4692117	1
chr20	4692117	4692125	2
chr20	4692125	4692193	1
chr20	4692193	4692809	0
chr20	4692809	4692862	1
chr20	4692862	4692885	2
chr20	4692885	4692938	1
chr20	4692938	4692965	0
chr20	4692965	4693041	3
chr20	4693041	4693078	0
chr20	4693078	4693081	2
chr20	4693081	4693154	3
chr20	4693154	4693188	0
chr20	4693188	4693214	1
chr20	4693214	4693264	2
chr20	4693264	4693290	1
chr20	4693290	4693297	0
chr20	4693297	4693305	1
chr20	4693305	4693373	2
chr20	4693373	4693381	1
chr20	4693381	4693468	0
chr20	4693468	4693544	1
chr20	4693544	4693573	0
chr20	4693573	4693613	1
chr20	4693613	4693640	2
chr20	4693640	4693649	3
chr20	4693649	4693689	2
chr20	4693689	4693716	1
chr20	4693716	4694132	0
chr20	4694132	4694143	1
chr20	4694143	4694192	2
chr20	4694192	4694193	1
chr20	4694193	4694200	2
chr20	4694200	4694208	4
chr20	4694208	4694220	3
chr20	4694220	4694233	2
chr20	4694233	4694276	3
chr20	4694276	4694289	1
chr20	4694289	4694294	2
chr20	4694294	4694295	4
chr20	4694295	4694302	5
chr20	4694302	4694309	6
chr20	4694309	4694332	5
chr20	4694332	4694337	6
chr20	4694337	4694365	7
chr20	4694365	4694370	6
chr20	4694370	4694371	4
chr20	4694371	4694378	3
chr20	4694378	4694380	2
chr20	4694380	4694408	3
chr20	4694408	4694413	2
chr20	4694413	4694446	1
chr20	4694446	4694456	2
chr20	4694456	4694522	1
chr20	4694522	4695008	0
chr20	4695008	4695084	1
chr20	4695084	4695139	0
chr20	4695139	4695215	1
chr20	4695215	4695268	0
chr20	4695268	4695344	1
chr20	4695344	4695371	0
chr20	4695371	4695439	1
chr20	4695439	4695447	3
chr20	4695447	4695453	2
chr20	4695453	4695462	3
chr20	4695462	4695472	4
chr20	4695472	4695494	5
chr20	4695494	4695496	6
chr20	4695496	4695499	8
chr20	4695499	4695515	9
chr20	4695515	4695529	7
chr20	4695529	4695538	6
chr20	4695538	4695548	5
chr20	4695548	4695560	4
chr20	4695560	4695564	5
chr20	4695564	4695570	3
chr20	4695570	4695575	2
chr20	4695575	4695636	1
chr20	4695636	4695751	0
chr20	4695751	4695757	2
chr20	4695757	4695774	3
chr20	4695774	4695799	5
chr20	4695799	4695812	3
chr20	4695812	4695891	0
chr20	4695891	4695948	1
chr20	4695948	4695967	2
chr20	4695967	4696004	1
chr20	4696004	4696024	2
chr20	4696024	4696040	1
chr20	4696040	4696080	2
chr20	4696080	4696116	1
chr20	4696116	4696241	0
chr20	4696241	4696290	1
chr20	4696290	4696317	2
chr20	4696317	4696343	1
chr20	4696343	4696366	3
chr20	4696366	4696374	2
chr20	4696374	4696405	3
chr20	4696405	4696419	4
chr20	4696419	4696427	2
chr20	4696427	4696450	4
chr20	4696450	4696454	3
chr20	4696454	4696473	4
chr20	4696473	4696481	5
chr20	4696481	4696485	4
chr20	4696485	4696503	5
chr20	4696503	4696504	3
chr20	4696504	4696507	4
chr20	4696507	4696510	5
chr20	4696510	4696530	9
chr20	4696530	4696535	8
chr20	4696535	4696549	9
chr20	4696549	4696560	8
chr20	4696560	4696562	7
chr20	4696562	4696579	8
chr20	4696579	4696580	10
chr20	4696580	4696583	9
chr20	4696583	4696586	8
chr20	4696586	4696611	4
chr20	4696611	4696619	3
chr20	4696619	4696631	4
chr20	4696631	4696638	6
chr20	4696638	4696655	5
chr20	4696655	4696695	3
chr20	4696695	4696707	2
chr20	4696707	4696716	0
chr20	4696716	4696753	3
chr20	4696753	4696765	4
chr20	4696765	4696792	6
chr20	4696792	4696807	3
chr20	4696807	4696829	5
chr20	4696829	4696837	4
chr20	4696837	4696841	5
chr20	4696841	4696869	3
chr20	4696869	4696870	4
chr20	4696870	4696883	6
chr20	4696883	4696906	5
chr20	4696906	4696913	6
chr20	4696913	4696945	5
chr20	4696945	4696959	4
chr20	4696959	4696982	3
chr20	4696982	4696986	2
chr20	4696986	4696988	3
chr20	4696988	4697022	4
chr20	4697022	4697056	2
chr20	4697056	4697057	3
chr20	4697057	4697062	6
chr20	4697062	4697064	5
chr20	4697064	4697105	4
chr20	4697105	4697133	5
chr20	4697133	4697137	2
chr20	4697137	4697181	3
chr20	4697181	4697208	2
chr20	4697208	4697213	1
chr20	4697213	4697236	0
chr20	4697236	4697250	1
chr20	4697250	4697274	2
chr20	4697274	4697307	3
chr20	4697307	4697312	4
chr20	4697312	4697326	3
chr20	4697326	4697331	2
chr20	4697331	4697344	3
chr20	4697344	4697350	4
chr20	4697350	4697367	3
chr20	4697367	4697383	4
chr20	4697383	4697405	3
chr20	4697405	4697407	4
chr20	4697407	4697418	3
chr20	4697418	4697419	4
chr20	4697419	4697442	3
chr20	4697442	4697443	4
chr20	4697443	4697481	3
chr20	4697481	4697490	2
chr20	4697490	4697494	3
chr20	4697494	4697496	2
chr20	4697496	4697518	3
chr20	4697518	4697538	2
chr20	4697538	4697545	3
chr20	4697545	4697566	4
chr20	4697566	4697572	3
chr20	4697572	4697581	2
chr20	4697581	4697584	3
chr20	4697584	4697594	4
chr20	4697594	4697612	5
chr20	4697612	4697614	6
chr20	4697614	4697619	5
chr20	4697619	4697621	6
chr20	4697621	4697629	5
chr20	4697629	4697656	6
chr20	4697656	4697660	5
chr20	4697660	4697670	4
chr20	4697670	4697679	3
chr20	4697679	4697680	4
chr20	4697680	4697695	6
chr20	4697695	4697696	5
chr20	4697696	4697705	6
chr20	4697705	4697753	5
chr20	4697753	4697754	6
chr20	4697754	4697755	5
chr20	4697755	4697756	4
chr20	4697756	4697764	3
chr20	4697764	4697772	2
chr20	4697772	4697780	1
chr20	4697780	4697805	2
chr20	4697805	4697822	3
chr20	4697822	4697829	5
chr20	4697829	4697830	4
chr20	4697830	4697833	5
chr20	4697833	4697835	6
chr20	4697835	4697856	8
chr20	4697856	4697865	7
chr20	4697865	4697881	9
chr20	4697881	4697898	8
chr20	4697898	4697906	6
chr20	4697906	4697909	5
chr20	4697909	4697911	4
chr20	4697911	4697913	2
chr20	4697913	4697931	3
chr20	4697931	4697941	4
chr20	4697941	4697946	2
chr20	4697946	4697965	3
chr20	4697965	4697989	4
chr20	4697989	4697993	3
chr20	4697993	4697999	4
chr20	4697999	4698003	5
chr20	4698003	4698007	6
chr20	4698007	4698016	5
chr20	4698016	4698022	8
chr20	4698022	4698041	7
chr20	4698041	4698059	6
chr20	4698059	4698069	7
chr20	4698069	4698075	6
chr20	4698075	4698079	5
chr20	4698079	4698084	4
chr20	4698084	4698092	5
chr20	4698092	4698095	2
chr20	4698095	4698100	4
chr20	4698100	4698115	5
chr20	4698115	4698117	6
chr20	4698117	4698135	7
chr20	4698135	4698160	6
chr20	4698160	4698164	5
chr20	4698164	4698171	6
chr20	4698171	4698175	4
chr20	4698175	4698191	3
chr20	4698191	4698193	2
chr20	4698193	4698196	1
chr20	4698196	4698227	2
chr20	4698227	4698231	3
chr20	4698231	4698240	5
chr20	4698240	4698271	4
chr20	4698271	4698272	5
chr20	4698272	4698303	4
chr20	4698303	4698305	3
chr20	4698305	4698306	2
chr20	4698306	4698347	1
chr20	4698347	4698435	0
chr20	4698435	4698449	1
chr20	4698449	4698502	2
chr20	4698502	4698511	4
chr20	4698511	4698525	3
chr20	4698525	4698533	2
chr20	4698533	4698541	3
chr20	4698541	4698564	4
chr20	4698564	4698578	5
chr20	4698578	4698601	3
chr20	4698601	4698609	5
chr20	4698609	4698617	4
chr20	4698617	4698619	3
chr20	4698619	4698638	4
chr20	4698638	4698640	5
chr20	4698640	4698652	4
chr20	4698652	4698677	5
chr20	4698677	4698683	3
chr20	4698683	4698695	5
chr20	4698695	4698703	4
chr20	4698703	4698714	5
chr20	4698714	4698715	4
chr20	4698715	4698720	5
chr20	4698720	4698728	6
chr20	4698728	4698753	5
chr20	4698753	4698759	6
chr20	4698759	4698775	4
chr20	4698775	4698779	5
chr20	4698779	4698795	4
chr20	4698795	4698796	5
chr20	4698796	4698823	4
chr20	4698823	4698829	5
chr20	4698829	4698841	4
chr20	4698841	4698842	5
chr20	4698842	4698851	6
chr20	4698851	4698861	5
chr20	4698861	4698867	6
chr20	4698867	4698871	5
chr20	4698871	4698878	4
chr20	4698878	4698883	8
chr20	4698883	4698885	9
chr20	4698885	4698890	10
chr20	4698890	4698899	11
chr20	4698899	4698910	10
chr20	4698910	4698917	11
chr20	4698917	4698918	10
chr20	4698918	4698937	9
chr20	4698937	4698954	8
chr20	4698954	4698959	4
chr20	4698959	4698961	3
chr20	4698961	4698966	2
chr20	4698966	4698976	1
chr20	4698976	4698992	3
chr20	4698992	4698993	4
chr20	4698993	4699004	5
chr20	4699004	4699011	6
chr20	4699011	4699012	7
chr20	4699012	4699024	6
chr20	4699024	4699029	7
chr20	4699029	4699041	8
chr20	4699041	4699052	9
chr20	4699052	4699056	7
chr20	4699056	4699061	9
chr20	4699061	4699062	10
chr20	4699062	4699068	9
chr20	4699068	4699069	10
chr20	4699069	4699073	9
chr20	4699073	4699076	10
chr20	4699076	4699080	16
chr20	4699080	4699085	15
chr20	4699085	4699087	16
chr20	4699087	4699089	15
chr20	4699089	4699100	16
chr20	4699100	4699105	15
chr20	4699105	4699114	14
chr20	4699114	4699117	15
chr20	4699117	4699132	14
chr20	4699132	4699137	12
chr20	4699137	4699144	11
chr20	4699144	4699149	10
chr20	4699149	4699151	9
chr20	4699151	4699152	7
chr20	4699152	4699160	3
chr20	4699160	4699161	4
chr20	4699161	4699163	3
chr20	4699163	4699165	5
chr20	4699165	4699182	4
chr20	4699182	4699190	5
chr20	4699190	4699210	4
chr20	4699210	4699212	353
chr20	4699212	4699213	351
chr20	4699213	4699214	350
chr20	4699214	4699215	349
chr20	4699215	4699216	369
chr20	4699216	4699217	367
chr20	4699217	4699218	373
chr20	4699218	4699219	374
chr20	4699219	4699220	375
chr20	4699220	4699222	378
chr20	4699222	4699223	387
chr20	4699223	4699224	390
chr20	4699224	4699225	403
chr20	4699225	4699227	414
chr20	4699227	4699228	409
chr20	4699228	4699229	410
chr20	4699229	4699230	430
chr20	4699230	4699231	441
chr20	4699231	4699232	438
chr20	4699232	4699233	455
chr20	4699233	4699234	452
chr20	4699234	4699235	453
chr20	4699235	4699236	451
chr20	4699236	4699237	455
chr20	4699237	4699238	466
chr20	4699238	4699239	465
chr20	4699239	4699240	467
chr20	4699240	4699241	476
chr20	4699241	4699243	464
chr20	4699243	4699244	465
chr20	4699244	4699245	476
chr20	4699245	4699246	460
chr20	4699246	4699247	477
chr20	4699247	4699248	500
chr20	4699248	4699249	489
chr20	4699249	4699250	470
chr20	4699250	4699251	466
chr20	4699251	4699252	464
chr20	4699252	4699253	452
chr20	4699253	4699254	438
chr20	4699254	4699255	436
chr20	4699255	4699257	427
chr20	4699257	4699258	420
chr20	4699258	4699259	418
chr20	4699259	4699260	412
chr20	4699260	4699261	411
chr20	4699261	4699262	430
chr20	4699262	4699263	420
chr20	4699263	4699264	431
chr20	4699264	4699265	419
chr20	4699265	4699266	418
chr20	4699266	4699267	410
chr20	4699267	4699268	415
chr20	4699268	4699269	412
chr20	4699269	4699270	413
chr20	4699270	4699271	406
chr20	4699271	4699272	403
chr20	4699272	4699273	406
chr20	4699273	4699274	416
chr20	4699274	4699275	422
chr20	4699275	4699276	424
chr20	4699276	4699277	422
chr20	4699277	4699279	412
chr20	4699279	4699280	411
chr20	4699280	4699281	409
chr20	4699281	4699283	403
chr20	4699283	4699284	400
chr20	4699284	4699285	399
chr20	4699285	4699286	406
chr20	4699286	4699287	407
chr20	4699287	4699288	412
chr20	4699288	4699289	409
chr20	4699289	4699290	408
chr20	4699290	4699291	405
chr20	4699291	4699292	408
chr20	4699292	4699293	410
chr20	4699293	4699294	399
chr20	4699294	4699295	406
chr20	4699295	4699296	407
chr20	4699296	4699297	409
chr20	4699297	4699298	408
chr20	4699298	4699299	399
chr20	4699299	4699300	393
chr20	4699300	4699301	388
chr20	4699301	4699302	381
chr20	4699302	4699303	384
chr20	4699303	4699304	382
chr20	4699304	4699305	384
chr20	4699305	4699306	369
chr20	4699306	4699307	363
chr20	4699307	4699308	367
chr20	4699308	4699309	349
chr20	4699309	4699310	352
chr20	4699310	4699311	351
chr20	4699311	4699312	356
chr20	4699312	4699313	354
chr20	4699313	4699314	332
chr20	4699314	4699315	331
chr20	4699315	4699316	343
chr20	4699316	4699317	339
chr20	4699317	4699318	346
chr20	4699318	4699319	347
chr20	4699319	4699320	345
chr20	4699320	4699321	329
chr20	4699321	4699322	327
chr20	4699322	4699323	309
chr20	4699323	4699324	279
chr20	4699324	4699326	273
chr20	4699326	4699327	276
chr20	4699327	4699328	275
chr20	4699328	4699329	276
chr20	4699329	4699330	278
chr20	4699330	4699331	273
chr20	4699331	4699333	272
chr20	4699333	4699334	277
chr20	4699334	4699335	283
chr20	4699335	4699336	284
chr20	4699336	4699337	288
chr20	4699337	4699338	267
chr20	4699338	4699339	266
chr20	4699339	4699340	261
chr20	4699340	4699341	265
chr20	4699341	4699342	266
chr20	4699342	4699343	273
chr20	4699343	4699344	269
chr20	4699344	4699345	267
chr20	4699345	4699346	265
chr20	4699346	4699347	266
chr20	4699347	4699348	267
chr20	4699348	4699349	262
chr20	4699349	4699350	257
chr20	4699350	4699351	256
chr20	4699351	4699352	252
chr20	4699352	4699353	256
chr20	4699353	4699354	250
chr20	4699354	4699355	244
chr20	4699355	4699356	242
chr20	4699356	4699357	249
chr20	4699357	4699358	250
chr20	4699358	4699359	249
chr20	4699359	4699360	254
chr20	4699360	4699361	263
chr20	4699361	4699362	254
chr20	4699362	4699363	253
chr20	4699363	4699364	250
chr20	4699364	4699365	248
chr20	4699365	4699366	244
chr20	4699366	4699367	243
chr20	4699367	4699368	242
chr20	4699368	4699369	240
chr20	4699369	4699370	245
chr20	4699370	4699371	238
chr20	4699371	4699372	239
chr20	4699372	4699373	233
chr20	4699373	4699374	234
chr20	4699374	4699375	235
chr20	4699375	4699376	237
chr20	4699376	4699377	230
chr20	4699377	4699378	226
chr20	4699378	4699380	222
chr20	4699380	4699381	221
chr20	4699381	4699382	213
chr20	4699382	4699383	215
chr20	4699383	4699385	212
chr20	4699385	4699387	209
chr20	4699387	4699389	212
chr20	4699389	4699390	209
chr20	4699390	4699391	208
chr20	4699391	4699392	194
chr20	4699392	4699393	189
chr20	4699393	4699394	185
chr20	4699394	4699396	183
chr20	4699396	4699397	184
chr20	4699397	4699398	178
chr20	4699398	4699399	184
chr20	4699399	4699400	183
chr20	4699400	4699401	184
chr20	4699401	4699402	182
chr20	4699402	4699403	179
chr20	4699403	4699404	173
chr20	4699404	4699405	174
chr20	4699405	4699407	170
chr20	4699407	4699408	169
chr20	4699408	4699409	166
chr20	4699409	4699410	162
chr20	4699410	4699411	156
chr20	4699411	4699412	160
chr20	4699412	4699415	163
chr20	4699415	4699416	158
chr20	4699416	4699417	156
chr20	4699417	4699418	154
chr20	4699418	4699419	160
chr20	4699419	4699420	161
chr20	4699420	4699421	165
chr20	4699421	4699422	171
chr20	4699422	4699424	181
chr20	4699424	4699425	184
chr20	4699425	4699426	180
chr20	4699426	4699427	176
chr20	4699427	4699428	178
chr20	4699428	4699429	173
chr20	4699429	4699430	174
chr20	4699430	4699431	175
chr20	4699431	4699432	177
chr20	4699432	4699433	169
chr20	4699433	4699435	168
chr20	4699435	4699436	177
chr20	4699436	4699437	169
chr20	4699437	4699438	167
chr20	4699438	4699439	166
chr20	4699439	4699440	169
chr20	4699440	4699441	168
chr20	4699441	4699442	170
chr20	4699442	4699443	172
chr20	4699443	4699444	175
chr20	4699444	4699445	177
chr20	4699445	4699446	172
chr20	4699446	4699447	175
chr20	4699447	4699448	180
chr20	4699448	4699450	182
chr20	4699450	4699452	184
chr20	4699452	4699453	200
chr20	4699453	4699455	199
chr20	4699455	4699457	198
chr20	4699457	4699458	204
chr20	4699458	4699459	202
chr20	4699459	4699460	228
chr20	4699460	4699461	235
chr20	4699461	4699463	237
chr20	4699463	4699464	236
chr20	4699464	4699466	237
chr20	4699466	4699467	246
chr20	4699467	4699468	247
chr20	4699468	4699469	257
chr20	4699469	4699470	260
chr20	4699470	4699472	270
chr20	4699472	4699473	269
chr20	4699473	4699474	273
chr20	4699474	4699475	268
chr20	4699475	4699476	269
chr20	4699476	4699478	270
chr20	4699478	4699479	273
chr20	4699479	4699480	272
chr20	4699480	4699481	267
chr20	4699481	4699482	268
chr20	4699482	4699483	269
chr20	4699483	4699484	307
chr20	4699484	4699485	316
chr20	4699485	4699486	324
chr20	4699486	4699487	329
chr20	4699487	4699488	327
chr20	4699488	4699489	332
chr20	4699489	4699490	330
chr20	4699490	4699491	342
chr20	4699491	4699492	349
chr20	4699492	4699493	348
chr20	4699493	4699494	357
chr20	4699494	4699495	341
chr20	4699495	4699496	342
chr20	4699496	4699497	344
chr20	4699497	4699498	345
chr20	4699498	4699499	340
chr20	4699499	4699500	344
chr20	4699500	4699501	347
chr20	4699501	4699503	361
chr20	4699503	4699504	402
chr20	4699504	4699505	425
chr20	4699505	4699506	438
chr20	4699506	4699507	436
chr20	4699507	4699508	441
chr20	4699508	4699509	440
chr20	4699509	4699510	445
chr20	4699510	4699511	446
chr20	4699511	4699512	442
chr20	4699512	4699513	448
chr20	4699513	4699514	459
chr20	4699514	4699515	466
chr20	4699515	4699516	464
chr20	4699516	4699517	471
chr20	4699517	4699518	476
chr20	4699518	4699519	475
chr20	4699519	4699520	474
chr20	4699520	4699521	471
chr20	4699521	4699522	473
chr20	4699522	4699524	490
chr20	4699524	4699525	491
chr20	4699525	4699526	497
chr20	4699526	4699527	498
chr20	4699527	4699528	505
chr20	4699528	4699529	491
chr20	4699529	4699530	492
chr20	4699530	4699531	501
chr20	4699531	4699532	507
chr20	4699532	4699533	558
chr20	4699533	4699534	629
chr20	4699534	4699535	638
chr20	4699535	4699536	613
chr20	4699536	4699537	609
chr20	4699537	4699539	610
chr20	4699539	4699540	613
chr20	4699540	4699541	612
chr20	4699541	4699542	609
chr20	4699542	4699543	603
chr20	4699543	4699544	606
chr20	4699544	4699545	596
chr20	4699545	4699546	595
chr20	4699546	4699547	590
chr20	4699547	4699548	596
chr20	4699548	4699549	607
chr20	4699549	4699550	610
chr20	4699550	4699551	626
chr20	4699551	4699552	630
chr20	4699552	4699553	642
chr20	4699553	4699554	643
chr20	4699554	4699555	644
chr20	4699555	4699556	656
chr20	4699556	4699557	662
chr20	4699557	4699558	669
chr20	4699558	4699559	677
chr20	4699559	4699560	641
chr20	4699560	4699561	634
chr20	4699561	4699563	627
chr20	4699563	4699564	623
chr20	4699564	4699566	617
chr20	4699566	4699567	607
chr20	4699567	4699568	604
chr20	4699568	4699569	608
chr20	4699569	4699570	609
chr20	4699570	4699571	611
chr20	4699571	4699572	637
chr20	4699572	4699573	649
chr20	4699573	4699574	636
chr20	4699574	4699575	639
chr20	4699575	4699577	640
chr20	4699577	4699578	630
chr20	4699578	4699579	628
chr20	4699579	4699580	586
chr20	4699580	4699581	567
chr20	4699581	4699582	554
chr20	4699582	4699583	610
chr20	4699583	4699585	608
chr20	4699585	4699586	624
chr20	4699586	4699587	623
chr20	4699587	4699588	650
chr20	4699588	4699589	643
chr20	4699589	4699590	637
chr20	4699590	4699591	638
chr20	4699591	4699592	641
chr20	4699592	4699593	661
chr20	4699593	4699594	658
chr20	4699594	4699595	657
chr20	4699595	4699596	663
chr20	4699596	4699597	662
chr20	4699597	4699598	690
chr20	4699598	4699599	686
chr20	4699599	4699600	682
chr20	4699600	4699601	691
chr20	4699601	4699602	699
chr20	4699602	4699603	696
chr20	4699603	4699604	688
chr20	4699604	4699605	679
chr20	4699605	4699606	685
chr20	4699606	4699607	701
chr20	4699607	4699608	761
chr20	4699608	4699609	729
chr20	4699609	4699610	671
chr20	4699610	4699612	682
chr20	4699612	4699613	679
chr20	4699613	4699614	680
chr20	4699614	4699615	682
chr20	4699615	4699616	672
chr20	4699616	4699617	693
chr20	4699617	4699618	723
chr20	4699618	4699619	739
chr20	4699619	4699620	757
chr20	4699620	4699621	766
chr20	4699621	4699622	769
chr20	4699622	4699623	786
chr20	4699623	4699625	783
chr20	4699625	4699626	790
chr20	4699626	4699627	789
chr20	4699627	4699628	797
chr20	4699628	4699629	785
chr20	4699629	4699630	795
chr20	4699630	4699631	807
chr20	4699631	4699632	800
chr20	4699632	4699633	796
chr20	4699633	4699634	805
chr20	4699634	4699635	801
chr20	4699635	4699636	840
chr20	4699636	4699637	846
chr20	4699637	4699638	862
chr20	4699638	4699641	876
chr20	4699641	4699642	883
chr20	4699642	4699643	896
chr20	4699643	4699644	898
chr20	4699644	4699645	890
chr20	4699645	4699646	875
chr20	4699646	4699647	873
chr20	4699647	4699648	880
chr20	4699648	4699649	897
chr20	4699649	4699650	898
chr20	4699650	4699651	894
chr20	4699651	4699652	906
chr20	4699652	4699653	910
chr20	4699653	4699654	933
chr20	4699654	4699655	945
chr20	4699655	4699656	951
chr20	4699656	4699657	980
chr20	4699657	4699658	991
chr20	4699658	4699659	961
chr20	4699659	4699660	959
chr20	4699660	4699661	986
chr20	4699661	4699662	1041
chr20	4699662	4699663	1079
chr20	4699663	4699664	1057
chr20	4699664	4699665	1056
chr20	4699665	4699666	1057
chr20	4699666	4699667	1063
chr20	4699667	4699668	1062
chr20	4699668	4699669	1039
chr20	4699669	4699670	1036
chr20	4699670	4699671	1046
chr20	4699671	4699672	1091
chr20	4699672	4699673	1154
chr20	4699673	4699674	1148
chr20	4699674	4699675	1159
chr20	4699675	4699676	1168
chr20	4699676	4699677	1186
chr20	4699677	4699678	1171
chr20	4699678	4699679	1185
chr20	4699679	4699680	1186
chr20	4699680	4699681	1202
chr20	4699681	4699682	1201
chr20	4699682	4699683	1240
chr20	4699683	4699684	1172
chr20	4699684	4699685	1160
chr20	4699685	4699686	1167
chr20	4699686	4699687	1159
chr20	4699687	4699688	1161
chr20	4699688	4699689	1164
chr20	4699689	4699690	1162
chr20	4699690	4699691	1214
chr20	4699691	4699692	1241
chr20	4699692	4699693	1239
chr20	4699693	4699694	1220
chr20	4699694	4699695	1219
chr20	4699695	4699696	1222
chr20	4699696	4699697	1217
chr20	4699697	4699698	1228
chr20	4699698	4699699	1209
chr20	4699699	4699700	1239
chr20	4699700	4699701	1268
chr20	4699701	4699702	1260
chr20	4699702	4699703	1269
chr20	4699703	4699704	1257
chr20	4699704	4699705	1262
chr20	4699705	4699706	1281
chr20	4699706	4699707	1272
chr20	4699707	4699708	1274
chr20	4699708	4699709	1279
chr20	4699709	4699711	1276
chr20	4699711	4699712	1237
chr20	4699712	4699713	1249
chr20	4699713	4699714	1264
chr20	4699714	4699715	1265
chr20	4699715	4699716	1269
chr20	4699716	4699718	1277
chr20	4699718	4699719	1263
chr20	4699719	4699720	1274
chr20	4699720	4699721	1280
chr20	4699721	4699722	1271
chr20	4699722	4699723	1268
chr20	4699723	4699724	1279
chr20	4699724	4699725	1252
chr20	4699725	4699726	1253
chr20	4699726	4699727	1345
chr20	4699727	4699728	1357
chr20	4699728	4699729	1355
chr20	4699729	4699730	1346
chr20	4699730	4699731	1352
chr20	4699731	4699732	1372
chr20	4699732	4699733	1400
chr20	4699733	4699734	1408
chr20	4699734	4699735	1386
chr20	4699735	4699736	1437
chr20	4699736	4699737	1411
chr20	4699737	4699738	1336
chr20	4699738	4699739	1331
chr20	4699739	4699740	1330
chr20	4699740	4699741	1358
chr20	4699741	4699742	1383
chr20	4699742	4699743	1377
chr20	4699743	4699744	1378
chr20	4699744	4699745	1392
chr20	4699745	4699746	1405
chr20	4699746	4699747	1417
chr20	4699747	4699748	1375
chr20	4699748	4699749	1331
chr20	4699749	4699750	1310
chr20	4699750	4699751	1313
chr20	4699751	4699752	1322
chr20	4699752	4699753	1294
chr20	4699753	4699754	1305
chr20	4699754	4699756	1287
chr20	4699756	4699757	1346
chr20	4699757	4699758	1375
chr20	4699758	4699759	1321
chr20	4699759	4699760	1329
chr20	4699760	4699761	1323
chr20	4699761	4699762	1315
chr20	4699762	4699763	1334
chr20	4699763	4699764	1359
chr20	4699764	4699765	1383
chr20	4699765	4699766	1431
chr20	4699766	4699767	1387
chr20	4699767	4699768	1381
chr20	4699768	4699769	1386
chr20	4699769	4699770	1387
chr20	4699770	4699771	1372
chr20	4699771	4699772	1361
chr20	4699772	4699773	1369
chr20	4699773	4699774	1356
chr20	4699774	4699775	1352
chr20	4699775	4699776	1349
chr20	4699776	4699777	1318
chr20	4699777	4699778	1373
chr20	4699778	4699779	1379
chr20	4699779	4699780	1386
chr20	4699780	4699781	1409
chr20	4699781	4699782	1384
chr20	4699782	4699783	1395
chr20	4699783	4699784	1404
chr20	4699784	4699785	1412
chr20	4699785	4699786	1405
chr20	4699786	4699787	1400
chr20	4699787	4699788	1422
chr20	4699788	4699789	1444
chr20	4699789	4699790	1423
chr20	4699790	4699791	1408
chr20	4699791	4699792	1435
chr20	4699792	4699793	1418
chr20	4699793	4699794	1448
chr20	4699794	4699795	1453
chr20	4699795	4699796	1461
chr20	4699796	4699798	1456
chr20	4699798	4699799	1447
chr20	4699799	4699800	1436
chr20	4699800	4699801	1429
chr20	4699801	4699802	1510
chr20	4699802	4699803	1420
chr20	4699803	4699804	1429
chr20	4699804	4699805	1433
chr20	4699805	4699806	1451
chr20	4699806	4699807	1448
chr20	4699807	4699808	1435
chr20	4699808	4699809	1392
chr20	4699809	4699810	1379
chr20	4699810	4699811	1399
chr20	4699811	4699812	1359
chr20	4699812	4699813	1380
chr20	4699813	4699814	1600
chr20	4699814	4699815	1594
chr20	4699815	4699816	1651
chr20	4699816	4699817	1631
chr20	4699817	4699818	1604
chr20	4699818	4699819	1593
chr20	4699819	4699820	1596
chr20	4699820	4699821	1575
chr20	4699821	4699822	1583
chr20	4699822	4699823	1569
chr20	4699823	4699824	1559
chr20	4699824	4699825	1541
chr20	4699825	4699826	1579
#bedGraph section chr20:4699826-4700883
chr20	4699826	4699827	1563
chr20	4699827	4699828	1565
chr20	4699828	4699829	1563
chr20	4699829	4699830	1558
chr20	4699830	4699831	1583
chr20	4699831	4699832	1578
chr20	4699832	4699833	1510
chr20	4699833	4699834	1488
chr20	4699834	4699835	1494
chr20	4699835	4699836	1486
chr20	4699836	4699837	1516
chr20	4699837	4699838	1514
chr20	4699838	4699839	1497
chr20	4699839	4699840	1472
chr20	4699840	4699841	1448
chr20	4699841	4699842	1412
chr20	4699842	4699843	1411
chr20	4699843	4699844	1403
chr20	4699844	4699845	1389
chr20	4699845	4699846	1374
chr20	4699846	4699847	1376
chr20	4699847	4699848	1378
chr20	4699848	4699850	1366
chr20	4699850	4699851	1370
chr20	4699851	4699852	1351
chr20	4699852	4699853	1349
chr20	4699853	4699854	1324
chr20	4699854	4699855	1297
chr20	4699855	4699856	1295
chr20	4699856	4699857	1269
chr20	4699857	4699858	1278
chr20	4699858	4699859	1267
chr20	4699859	4699860	1258
chr20	4699860	4699861	1254
chr20	4699861	4699862	1246
chr20	4699862	4699863	1269
chr20	4699863	4699864	1250
chr20	4699864	4699865	1235
chr20	4699865	4699866	1227
chr20	4699866	4699867	1246
chr20	4699867	4699868	1222
chr20	4699868	4699869	1227
chr20	4699869	4699870	1193
chr20	4699870	4699871	1202
chr20	4699871	4699872	1182
chr20	4699872	4699873	1188
chr20	4699873	4699874	1218
chr20	4699874	4699876	1215
chr20	4699876	4699877	1218
chr20	4699877	4699878	1161
chr20	4699878	4699879	1207
chr20	4699879	4699880	1218
chr20	4699880	4699881	1224
chr20	4699881	4699882	1194
chr20	4699882	4699883	1187
chr20	4699883	4699884	1199
chr20	4699884	4699885	1281
chr20	4699885	4699886	1275
chr20	4699886	4699887	1269
chr20	4699887	4699888	1254
chr20	4699888	4699889	1231
chr20	4699889	4699890	1006
chr20	4699890	4699891	985
chr20	4699891	4699892	924
chr20	4699892	4699893	925
chr20	4699893	4699894	926
chr20	4699894	4699895	930
chr20	4699895	4699896	927
chr20	4699896	4699897	932
chr20	4699897	4699898	918
chr20	4699898	4699900	908
chr20	4699900	4699901	903
chr20	4699901	4699903	925
chr20	4699903	4699904	912
chr20	4699904	4699906	916
chr20	4699906	4699907	902
chr20	4699907	4699908	906
chr20	4699908	4699909	957
chr20	4699909	4699910	958
chr20	4699910	4699911	955
chr20	4699911	4699912	973
chr20	4699912	4699913	947
chr20	4699913	4699915	933
chr20	4699915	4699916	938
chr20	4699916	4699917	976
chr20	4699917	4699918	969
chr20	4699918	4699919	1033
chr20	4699919	4699920	1038
chr20	4699920	4699921	1043
chr20	4699921	4699922	1059
chr20	4699922	4699923	1066
chr20	4699923	4699924	1068
chr20	4699924	4699925	1095
chr20	4699925	4699926	1117
chr20	4699926	4699927	1118
chr20	4699927	4699928	1127
chr20	4699928	4699929	1122
chr20	4699929	4699930	1090
chr20	4699930	4699931	1084
chr20	4699931	4699932	1080
chr20	4699932	4699933	1079
chr20	4699933	4699934	1063
chr20	4699934	4699935	1061
chr20	4699935	4699936	1089
chr20	4699936	4699937	1082
chr20	4699937	4699938	1087
chr20	4699938	4699939	1070
chr20	4699939	4699940	1074
chr20	4699940	4699941	1049
chr20	4699941	4699942	1050
chr20	4699942	4699943	1035
chr20	4699943	4699944	1059
chr20	4699944	4699945	1137
chr20	4699945	4699946	1165
chr20	4699946	4699947	1273
chr20	4699947	4699948	1276
chr20	4699948	4699949	1282
chr20	4699949	4699950	1271
chr20	4699950	4699951	1279
chr20	4699951	4699952	1304
chr20	4699952	4699953	1305
chr20	4699953	4699954	1316
chr20	4699954	4699955	1272
chr20	4699955	4699956	1236
chr20	4699956	4699957	1260
chr20	4699957	4699958	1265
chr20	4699958	4699959	1268
chr20	4699959	4699960	1275
chr20	4699960	4699962	1205
chr20	4699962	4699963	1210
chr20	4699963	4699964	1229
chr20	4699964	4699965	1240
chr20	4699965	4699966	1235
chr20	4699966	4699967	1246
chr20	4699967	4699968	1255
chr20	4699968	4699969	1254
chr20	4699969	4699970	1255
chr20	4699970	4699971	1281
chr20	4699971	4699972	1282
chr20	4699972	4699973	1281
chr20	4699973	4699974	1302
chr20	4699974	4699975	1301
chr20	4699975	4699976	1305
chr20	4699976	4699977	1343
chr20	4699977	4699978	1282
chr20	4699978	4699979	1275
chr20	4699979	4699980	1277
chr20	4699980	4699981	1285
chr20	4699981	4699982	1293
chr20	4699982	4699983	1371
chr20	4699983	4699984	1396
chr20	4699984	4699985	1354
chr20	4699985	4699986	1370
chr20	4699986	4699987	1381
chr20	4699987	4699988	1368
chr20	4699988	4699989	1361
chr20	4699989	4699990	1373
chr20	4699990	4699991	1398
chr20	4699991	4699992	1401
chr20	4699992	4699993	1406
chr20	4699993	4699994	1410
chr20	4699994	4699995	1344
chr20	4699995	4699996	1343
chr20	4699996	4699997	1330
chr20	4699997	4699998	1317
chr20	4699998	4699999	1310
chr20	4699999	4700000	1300
chr20	4700000	4700001	1268
chr20	4700001	4700002	1245
chr20	4700002	4700003	1238
chr20	4700003	4700004	1232
chr20	4700004	4700005	1236
chr20	4700005	4700006	1247
chr20	4700006	4700007	1260
chr20	4700007	4700008	1275
chr20	4700008	4700009	1287
chr20	4700009	4700010	1292
chr20	4700010	4700011	1305
chr20	4700011	4700012	1278
chr20	4700012	4700013	1279
chr20	4700013	4700015	1287
chr20	4700015	4700016	1330
chr20	4700016	4700018	1354
chr20	4700018	4700019	1356
chr20	4700019	4700020	1333
chr20	4700020	4700021	1249
chr20	4700021	4700022	1242
chr20	4700022	4700023	1167
chr20	4700023	4700024	1156
chr20	4700024	4700025	1169
chr20	4700025	4700026	1162
chr20	4700026	4700027	1152
chr20	4700027	4700029	1129
chr20	4700029	4700030	1104
chr20	4700030	4700031	1103
chr20	4700031	4700032	1094
chr20	4700032	4700033	1058
chr20	4700033	4700034	1056
chr20	4700034	4700035	1053
chr20	4700035	4700036	1036
chr20	4700036	4700037	1026
chr20	4700037	4700038	1071
chr20	4700038	4700039	1059
chr20	4700039	4700040	1035
chr20	4700040	4700041	1033
chr20	4700041	4700042	1051
chr20	4700042	4700043	1065
chr20	4700043	4700044	1082
chr20	4700044	4700045	1076
chr20	4700045	4700046	1099
chr20	4700046	4700047	1097
chr20	4700047	4700048	1096
chr20	4700048	4700049	1095
chr20	4700049	4700050	1089
chr20	4700050	4700051	1095
chr20	4700051	4700052	1113
chr20	4700052	4700053	1086
chr20	4700053	4700054	1094
chr20	4700054	4700055	1164
chr20	4700055	4700056	1174
chr20	4700056	4700057	1194
chr20	4700057	4700058	1193
chr20	4700058	4700059	1104
chr20	4700059	4700060	1080
chr20	4700060	4700061	1073
chr20	4700061	4700062	1049
chr20	4700062	4700063	1055
chr20	4700063	4700064	1059
chr20	4700064	4700065	1058
chr20	4700065	4700066	1068
chr20	4700066	4700067	1040
chr20	4700067	4700068	1031
chr20	4700068	4700069	1021
chr20	4700069	4700070	1061
chr20	4700070	4700071	1145
chr20	4700071	4700072	1135
chr20	4700072	4700073	1141
chr20	4700073	4700074	1140
chr20	4700074	4700075	1169
chr20	4700075	4700076	1168
chr20	4700076	4700077	1235
chr20	4700077	4700078	1241
chr20	4700078	4700079	1245
chr20	4700079	4700080	1236
chr20	4700080	4700081	1242
chr20	4700081	4700082	1255
chr20	4700082	4700083	1244
chr20	4700083	4700084	1233
chr20	4700084	4700085	1221
chr20	4700085	4700086	1216
chr20	4700086	4700087	1208
chr20	4700087	4700088	1225
chr20	4700088	4700089	1246
chr20	4700089	4700090	1236
chr20	4700090	4700091	1228
chr20	4700091	4700092	1188
chr20	4700092	4700093	1162
chr20	4700093	4700094	1282
chr20	4700094	4700095	1307
chr20	4700095	4700096	1322
chr20	4700096	4700097	1374
chr20	4700097	4700098	1359
chr20	4700098	4700099	1351
chr20	4700099	4700100	1348
chr20	4700100	4700101	1338
chr20	4700101	4700102	1349
chr20	4700102	4700103	1351
chr20	4700103	4700104	1408
chr20	4700104	4700105	1402
chr20	4700105	4700106	1428
chr20	4700106	4700107	1434
chr20	4700107	4700108	1435
chr20	4700108	4700109	1461
chr20	4700109	4700110	1456
chr20	4700110	4700111	1453
chr20	4700111	4700112	1448
chr20	4700112	4700113	1434
chr20	4700113	4700114	1392
chr20	4700114	4700115	1412
chr20	4700115	4700116	1427
chr20	4700116	4700117	1418
chr20	4700117	4700118	1404
chr20	4700118	4700119	1383
chr20	4700119	4700120	1392
chr20	4700120	4700121	1398
chr20	4700121	4700122	1369
chr20	4700122	4700123	1396
chr20	4700123	4700124	1397
chr20	4700124	4700125	1401
chr20	4700125	4700126	1391
chr20	4700126	4700127	1388
chr20	4700127	4700128	1379
chr20	4700128	4700129	1374
chr20	4700129	4700130	1366
chr20	4700130	4700131	1299
chr20	4700131	4700132	1263
chr20	4700132	4700133	1266
chr20	4700133	4700134	1274
chr20	4700134	4700135	1348
chr20	4700135	4700136	1513
chr20	4700136	4700137	1550
chr20	4700137	4700138	1549
chr20	4700138	4700139	1546
chr20	4700139	4700140	1541
chr20	4700140	4700141	1561
chr20	4700141	4700142	1545
chr20	4700142	4700143	1544
chr20	4700143	4700144	1537
chr20	4700144	4700145	1503
chr20	4700145	4700146	1459
chr20	4700146	4700147	1487
chr20	4700147	4700148	1481
chr20	4700148	4700149	1472
chr20	4700149	4700150	1473
chr20	4700150	4700152	1462
chr20	4700152	4700153	1529
chr20	4700153	4700154	1528
chr20	4700154	4700155	1543
chr20	4700155	4700156	1545
chr20	4700156	4700157	1572
chr20	4700157	4700158	1561
chr20	4700158	4700159	1568
chr20	4700159	4700160	1578
chr20	4700160	4700161	1587
chr20	4700161	4700162	1582
chr20	4700162	4700163	1589
chr20	4700163	4700164	1577
chr20	4700164	4700165	1549
chr20	4700165	4700166	1564
chr20	4700166	4700167	1563
chr20	4700167	4700168	1556
chr20	4700168	4700169	1570
chr20	4700169	4700170	1459
chr20	4700170	4700171	1437
chr20	4700171	4700172	1417
chr20	4700172	4700173	1352
chr20	4700173	4700174	1462
chr20	4700174	4700175	1443
chr20	4700175	4700177	1450
chr20	4700177	4700178	1447
chr20	4700178	4700179	1476
chr20	4700179	4700180	1448
chr20	4700180	4700181	1445
chr20	4700181	4700182	1412
chr20	4700182	4700183	1403
chr20	4700183	4700184	1426
chr20	4700184	4700185	1402
chr20	4700185	4700186	1399
chr20	4700186	4700187	1405
chr20	4700187	4700188	1419
chr20	4700188	4700189	1440
chr20	4700189	4700190	1453
chr20	4700190	4700191	1433
chr20	4700191	4700192	1423
chr20	4700192	4700193	1420
chr20	4700193	4700194	1419
chr20	4700194	4700195	1441
chr20	4700195	4700196	1438
chr20	4700196	4700197	1457
chr20	4700197	4700198	1478
chr20	4700198	4700199	1424
chr20	4700199	4700200	1439
chr20	4700200	4700201	1449
chr20	4700201	4700202	1486
chr20	4700202	4700203	1484
chr20	4700203	4700204	1485
chr20	4700204	4700205	1486
chr20	4700205	4700206	1505
chr20	4700206	4700207	1518
chr20	4700207	4700208	1539
chr20	4700208	4700209	1553
chr20	4700209	4700210	1542
chr20	4700210	4700211	1588
chr20	4700211	4700212	1445
chr20	4700212	4700214	1413
chr20	4700214	4700215	1410
chr20	4700215	4700216	1426
chr20	4700216	4700217	1423
chr20	4700217	4700218	1430
chr20	4700218	4700219	1440
chr20	4700219	4700220	1445
chr20	4700220	4700221	1448
chr20	4700221	4700222	1474
chr20	4700222	4700223	1375
chr20	4700223	4700224	1399
chr20	4700224	4700225	1404
chr20	4700225	4700226	1408
chr20	4700226	4700227	1452
chr20	4700227	4700228	1488
chr20	4700228	4700229	1381
chr20	4700229	4700230	1372
chr20	4700230	4700231	1374
chr20	4700231	4700232	1359
chr20	4700232	4700233	1333
chr20	4700233	4700234	1330
chr20	4700234	4700235	1333
chr20	4700235	4700236	1329
chr20	4700236	4700237	1324
chr20	4700237	4700238	1333
chr20	4700238	4700239	1335
chr20	4700239	4700240	1344
chr20	4700240	4700241	1341
chr20	4700241	4700242	1332
chr20	4700242	4700243	1359
chr20	4700243	4700244	1384
chr20	4700244	4700245	1382
chr20	4700245	4700246	1373
chr20	4700246	4700247	1404
chr20	4700247	4700248	1414
chr20	4700248	4700249	1444
chr20	4700249	4700250	1352
chr20	4700250	4700251	1361
chr20	4700251	4700252	1369
chr20	4700252	4700253	1368
chr20	4700253	4700254	1358
chr20	4700254	4700255	1334
chr20	4700255	4700256	1318
chr20	4700256	4700257	1323
chr20	4700257	4700258	1330
chr20	4700258	4700260	1343
chr20	4700260	4700262	1378
chr20	4700262	4700263	1380
chr20	4700263	4700264	1373
chr20	4700264	4700265	1346
chr20	4700265	4700266	1330
chr20	4700266	4700267	1334
chr20	4700267	4700268	1323
chr20	4700268	4700269	1325
chr20	4700269	4700270	1328
chr20	4700270	4700271	1318
chr20	4700271	4700272	1281
chr20	4700272	4700273	1258
chr20	4700273	4700274	1261
chr20	4700274	4700275	1283
chr20	4700275	4700276	1277
chr20	4700276	4700277	1268
chr20	4700277	4700278	1230
chr20	4700278	4700279	1221
chr20	4700279	4700280	1249
chr20	4700280	4700281	1239
chr20	4700281	4700282	1223
chr20	4700282	4700283	1206
chr20	4700283	4700284	1176
chr20	4700284	4700285	1228
chr20	4700285	4700286	1225
chr20	4700286	4700287	1186
chr20	4700287	4700288	1161
chr20	4700288	4700289	1167
chr20	4700289	4700290	1181
chr20	4700290	4700291	1228
chr20	4700291	4700292	1218
chr20	4700292	4700293	1250
chr20	4700293	4700294	1270
chr20	4700294	4700295	1302
chr20	4700295	4700296	1303
chr20	4700296	4700297	1305
chr20	4700297	4700298	1334
chr20	4700298	4700299	1359
chr20	4700299	4700301	1348
chr20	4700301	4700302	1347
chr20	4700302	4700303	1287
chr20	4700303	4700304	1250
chr20	4700304	4700305	1227
chr20	4700305	4700306	1289
chr20	4700306	4700307	1301
chr20	4700307	4700308	1299
chr20	4700308	4700309	1374
chr20	4700309	4700310	1378
chr20	4700310	4700311	1449
chr20	4700311	4700312	1464
chr20	4700312	4700313	1510
chr20	4700313	4700314	1507
chr20	4700314	4700315	1500
chr20	4700315	4700316	1494
chr20	4700316	4700317	1519
chr20	4700317	4700318	1586
chr20	4700318	4700319	1564
chr20	4700319	4700320	1535
chr20	4700320	4700321	1530
chr20	4700321	4700322	1535
chr20	4700322	4700323	1522
chr20	4700323	4700324	1528
chr20	4700324	4700325	1496
chr20	4700325	4700326	1488
chr20	4700326	4700327	1491
chr20	4700327	4700328	1486
chr20	4700328	4700329	1475
chr20	4700329	4700330	1479
chr20	4700330	4700331	1521
chr20	4700331	4700332	1543
chr20	4700332	4700333	1546
chr20	4700333	4700334	1591
chr20	4700334	4700335	1585
chr20	4700335	4700336	1571
chr20	4700336	4700337	1535
chr20	4700337	4700338	1534
chr20	4700338	4700340	1515
chr20	4700340	4700341	1529
chr20	4700341	4700342	1528
chr20	4700342	4700343	1516
chr20	4700343	4700344	1517
chr20	4700344	4700345	1522
chr20	4700345	4700346	1520
chr20	4700346	4700347	1516
chr20	4700347	4700348	1519
chr20	4700348	4700349	1520
chr20	4700349	4700350	1523
chr20	4700350	4700351	1499
chr20	4700351	4700353	1551
chr20	4700353	4700354	1567
chr20	4700354	4700355	1625
chr20	4700355	4700356	1613
chr20	4700356	4700357	1653
chr20	4700357	4700359	1646
chr20	4700359	4700360	1650
chr20	4700360	4700361	1578
chr20	4700361	4700362	1568
chr20	4700362	4700363	1504
chr20	4700363	4700364	1500
chr20	4700364	4700365	1511
chr20	4700365	4700366	1515
chr20	4700366	4700367	1571
chr20	4700367	4700368	1564
chr20	4700368	4700369	1511
chr20	4700369	4700370	1493
chr20	4700370	4700371	1497
chr20	4700371	4700372	1509
chr20	4700372	4700373	1506
chr20	4700373	4700374	1411
chr20	4700374	4700375	1408
chr20	4700375	4700376	1428
chr20	4700376	4700377	1437
chr20	4700377	4700378	1459
chr20	4700378	4700379	1463
chr20	4700379	4700380	1474
chr20	4700380	4700381	1495
chr20	4700381	4700382	1461
chr20	4700382	4700383	1523
chr20	4700383	4700384	1530
chr20	4700384	4700385	1472
chr20	4700385	4700386	1503
chr20	4700386	4700387	1498
chr20	4700387	4700388	1535
chr20	4700388	4700390	1499
chr20	4700390	4700391	1510
chr20	4700391	4700392	1496
chr20	4700392	4700393	1483
chr20	4700393	4700394	1417
chr20	4700394	4700395	1437
chr20	4700395	4700396	1439
chr20	4700396	4700397	1430
chr20	4700397	4700398	1439
chr20	4700398	4700399	1437
chr20	4700399	4700400	1416
chr20	4700400	4700401	1412
chr20	4700401	4700402	1389
chr20	4700402	4700403	1382
chr20	4700403	4700404	1368
chr20	4700404	4700405	1371
chr20	4700405	4700406	1370
chr20	4700406	4700407	1320
chr20	4700407	4700408	1305
chr20	4700408	4700409	1316
chr20	4700409	4700410	1284
chr20	4700410	4700411	1297
chr20	4700411	4700412	1298
chr20	4700412	4700413	1301
chr20	4700413	4700414	1315
chr20	4700414	4700415	1345
chr20	4700415	4700416	1401
chr20	4700416	4700417	1395
chr20	4700417	4700418	1396
chr20	4700418	4700419	1401
chr20	4700419	4700420	1402
chr20	4700420	4700421	1405
chr20	4700421	4700422	1418
chr20	4700422	4700423	1408
chr20	4700423	4700424	1412
chr20	4700424	4700425	1406
chr20	4700425	4700426	1381
chr20	4700426	4700427	1380
chr20	4700427	4700428	1332
chr20	4700428	4700429	1402
chr20	4700429	4700430	1392
chr20	4700430	4700431	1332
chr20	4700431	4700432	1351
chr20	4700432	4700433	1315
chr20	4700433	4700434	1319
chr20	4700434	4700435	1321
chr20	4700435	4700436	1390
chr20	4700436	4700437	1407
chr20	4700437	4700438	1456
chr20	4700438	4700439	1474
chr20	4700439	4700440	1489
chr20	4700440	4700441	1486
chr20	4700441	4700442	1498
chr20	4700442	4700443	1419
chr20	4700443	4700444	1437
chr20	4700444	4700445	1440
chr20	4700445	4700446	1422
chr20	4700446	4700447	1411
chr20	4700447	4700449	1395
chr20	4700449	4700450	1399
chr20	4700450	4700451	1408
chr20	4700451	4700452	1385
chr20	4700452	4700453	1382
chr20	4700453	4700454	1367
chr20	4700454	4700455	1359
chr20	4700455	4700456	1348
chr20	4700456	4700457	1320
chr20	4700457	4700458	1307
chr20	4700458	4700459	1237
chr20	4700459	4700460	1268
chr20	4700460	4700461	1237
chr20	4700461	4700462	1192
chr20	4700462	4700463	1149
chr20	4700463	4700464	1107
chr20	4700464	4700465	1114
chr20	4700465	4700466	1112
chr20	4700466	4700467	1107
chr20	4700467	4700468	1108
chr20	4700468	4700469	1117
chr20	4700469	4700470	1253
chr20	4700470	4700472	1239
chr20	4700472	4700473	1253
chr20	4700473	4700474	1241
chr20	4700474	4700475	1222
chr20	4700475	4700476	1257
chr20	4700476	4700477	1259
chr20	4700477	4700478	1281
chr20	4700478	4700479	1311
chr20	4700479	4700480	1312
chr20	4700480	4700481	1310
chr20	4700481	4700482	1308
chr20	4700482	4700483	1420
chr20	4700483	4700484	1454
chr20	4700484	4700485	1437
chr20	4700485	4700486	1436
chr20	4700486	4700487	1420
chr20	4700487	4700488	1425
chr20	4700488	4700489	1435
chr20	4700489	4700490	1416
chr20	4700490	4700491	1386
chr20	4700491	4700492	1349
chr20	4700492	4700493	1346
chr20	4700493	4700494	1345
chr20	4700494	4700495	1548
chr20	4700495	4700496	1546
chr20	4700496	4700497	1541
chr20	4700497	4700498	1528
chr20	4700498	4700499	1529
chr20	4700499	4700500	1553
chr20	4700500	4700501	1570
chr20	4700501	4700502	1646
chr20	4700502	4700504	1637
chr20	4700504	4700505	1561
chr20	4700505	4700506	1551
chr20	4700506	4700507	1547
chr20	4700507	4700508	1527
chr20	4700508	4700509	1529
chr20	4700509	4700510	1567
chr20	4700510	4700511	1611
chr20	4700511	4700512	1556
chr20	4700512	4700513	1546
chr20	4700513	4700514	1516
chr20	4700514	4700515	1540
chr20	4700515	4700516	1529
chr20	4700516	4700517	1532
chr20	4700517	4700518	1515
chr20	4700518	4700519	1539
chr20	4700519	4700520	1535
chr20	4700520	4700521	1594
chr20	4700521	4700522	1610
chr20	4700522	4700523	1587
chr20	4700523	4700524	1612
chr20	4700524	4700525	1619
chr20	4700525	4700526	1629
chr20	4700526	4700527	1613
chr20	4700527	4700528	1622
chr20	4700528	4700529	1613
chr20	4700529	4700530	1608
chr20	4700530	4700531	1619
chr20	4700531	4700532	1628
chr20	4700532	4700533	1668
chr20	4700533	4700534	1662
chr20	4700534	4700535	1695
chr20	4700535	4700536	1653
chr20	4700536	4700537	1667
chr20	4700537	4700538	1678
chr20	4700538	4700539	1670
chr20	4700539	4700540	1727
chr20	4700540	4700541	1726
chr20	4700541	4700542	1727
chr20	4700542	4700543	1724
chr20	4700543	4700544	1735
chr20	4700544	4700545	1733
chr20	4700545	4700546	1613
chr20	4700546	4700547	1646
chr20	4700547	4700548	1710
chr20	4700548	4700549	1709
chr20	4700549	4700550	1710
chr20	4700550	4700551	1721
chr20	4700551	4700552	1688
chr20	4700552	4700553	1685
chr20	4700553	4700554	1689
chr20	4700554	4700555	1661
chr20	4700555	4700556	1670
chr20	4700556	4700557	1693
chr20	4700557	4700558	1694
chr20	4700558	4700559	1593
chr20	4700559	4700560	1566
chr20	4700560	4700561	1560
chr20	4700561	4700562	1553
chr20	4700562	4700563	1598
chr20	4700563	4700564	1632
chr20	4700564	4700565	1664
chr20	4700565	4700566	1706
chr20	4700566	4700567	1713
chr20	4700567	4700568	1709
chr20	4700568	4700569	1728
chr20	4700569	4700570	1796
chr20	4700570	4700571	1611
chr20	4700571	4700572	1622
chr20	4700572	4700574	1630
chr20	4700574	4700575	1642
chr20	4700575	4700576	1613
chr20	4700576	4700577	1596
chr20	4700577	4700578	1520
chr20	4700578	4700580	1521
chr20	4700580	4700581	1536
chr20	4700581	4700582	1546
chr20	4700582	4700583	1550
chr20	4700583	4700584	1546
chr20	4700584	4700585	1539
chr20	4700585	4700586	1538
chr20	4700586	4700587	1503
chr20	4700587	4700588	1511
chr20	4700588	4700589	1533
chr20	4700589	4700590	1508
chr20	4700590	4700591	1464
chr20	4700591	4700592	1481
chr20	4700592	4700593	1490
chr20	4700593	4700594	1541
chr20	4700594	4700595	1500
chr20	4700595	4700596	1486
chr20	4700596	4700597	1432
chr20	4700597	4700598	1411
chr20	4700598	4700599	1463
chr20	4700599	4700600	1441
chr20	4700600	4700601	1424
chr20	4700601	4700602	1426
chr20	4700602	4700603	1447
chr20	4700603	4700604	1430
chr20	4700604	4700605	1435
chr20	4700605	4700606	1437
chr20	4700606	4700607	1421
chr20	4700607	4700608	1411
chr20	4700608	4700609	1381
chr20	4700609	4700610	1537
chr20	4700610	4700611	1492
chr20	4700611	4700612	1526
chr20	4700612	4700613	1531
chr20	4700613	4700614	1546
chr20	4700614	4700615	1570
chr20	4700615	4700616	1559
chr20	4700616	4700617	1654
chr20	4700617	4700618	1703
chr20	4700618	4700619	1787
chr20	4700619	4700620	1795
chr20	4700620	4700621	1811
chr20	4700621	4700622	1799
chr20	4700622	4700623	1793
chr20	4700623	4700624	1728
chr20	4700624	4700625	1719
chr20	4700625	4700626	1727
chr20	4700626	4700627	1720
chr20	4700627	4700628	1754
chr20	4700628	4700629	1769
chr20	4700629	4700630	1751
chr20	4700630	4700631	1742
chr20	4700631	4700632	1750
chr20	4700632	4700633	1753
chr20	4700633	4700634	1745
chr20	4700634	4700635	1731
chr20	4700635	4700636	1726
chr20	4700636	4700637	1760
chr20	4700637	4700638	1812
chr20	4700638	4700639	1789
chr20	4700639	4700640	1822
chr20	4700640	4700641	1787
chr20	4700641	4700642	1758
chr20	4700642	4700643	1752
chr20	4700643	4700644	1755
chr20	4700644	4700645	1742
chr20	4700645	4700646	1684
chr20	4700646	4700647	1693
chr20	4700647	4700648	1697
chr20	4700648	4700650	1688
chr20	4700650	4700651	1693
chr20	4700651	4700652	1725
chr20	4700652	4700653	1727
chr20	4700653	4700654	1737
chr20	4700654	4700655	1736
chr20	4700655	4700656	1735
chr20	4700656	4700657	1728
chr20	4700657	4700658	1726
chr20	4700658	4700659	1716
chr20	4700659	4700660	1713
chr20	4700660	4700661	1708
chr20	4700661	4700662	1662
chr20	4700662	4700663	1667
chr20	4700663	4700664	1631
chr20	4700664	4700666	1646
chr20	4700666	4700667	1642
chr20	4700667	4700668	1643
chr20	4700668	4700669	1621
chr20	4700669	4700670	1581
chr20	4700670	4700671	1565
chr20	4700671	4700672	1566
chr20	4700672	4700673	1558
chr20	4700673	4700674	1567
chr20	4700674	4700676	1515
chr20	4700676	4700677	1527
chr20	4700677	4700678	1519
chr20	4700678	4700679	1523
chr20	4700679	4700680	1569
chr20	4700680	4700681	1576
chr20	4700681	4700682	1601
chr20	4700682	4700683	1654
chr20	4700683	4700684	1656
chr20	4700684	4700685	1654
chr20	4700685	4700686	1519
chr20	4700686	4700687	1526
chr20	4700687	4700688	1479
chr20	4700688	4700689	1468
chr20	4700689	4700690	1493
chr20	4700690	4700691	1462
chr20	4700691	4700692	1409
chr20	4700692	4700693	1345
chr20	4700693	4700694	1292
chr20	4700694	4700695	1181
chr20	4700695	4700696	1232
chr20	4700696	4700697	1228
chr20	4700697	4700698	1279
chr20	4700698	4700699	1252
chr20	4700699	4700700	1249
chr20	4700700	4700701	1251
chr20	4700701	4700702	1265
chr20	4700702	4700703	1264
chr20	4700703	4700704	1253
chr20	4700704	4700705	1251
chr20	4700705	4700706	1252
chr20	4700706	4700707	1262
chr20	4700707	4700708	1250
chr20	4700708	4700709	1229
chr20	4700709	4700710	1236
chr20	4700710	4700711	1238
chr20	4700711	4700712	1237
chr20	4700712	4700713	1224
chr20	4700713	4700714	1220
chr20	4700714	4700715	1206
chr20	4700715	4700716	1124
chr20	4700716	4700717	1121
chr20	4700717	4700718	1125
chr20	4700718	4700719	1148
chr20	4700719	4700720	1172
chr20	4700720	4700721	1175
chr20	4700721	4700722	1177
chr20	4700722	4700723	1157
chr20	4700723	4700724	1160
chr20	4700724	4700725	1342
chr20	4700725	4700726	1344
chr20	4700726	4700727	1333
chr20	4700727	4700728	1375
chr20	4700728	4700729	1470
chr20	4700729	4700730	1528
chr20	4700730	4700731	1535
chr20	4700731	4700732	1558
chr20	4700732	4700733	1608
chr20	4700733	4700734	1613
chr20	4700734	4700736	1627
chr20	4700736	4700737	1660
chr20	4700737	4700738	1664
chr20	4700738	4700739	1656
chr20	4700739	4700740	1662
chr20	4700740	4700741	1664
chr20	4700741	4700742	1686
chr20	4700742	4700743	1692
chr20	4700743	4700744	1721
chr20	4700744	4700745	1727
chr20	4700745	4700746	1710
chr20	4700746	4700747	1714
chr20	4700747	4700750	1711
chr20	4700750	4700751	1787
chr20	4700751	4700752	1794
chr20	4700752	4700753	1787
chr20	4700753	4700754	1789
chr20	4700754	4700755	1810
chr20	4700755	4700756	1781
chr20	4700756	4700757	1771
chr20	4700757	4700758	1756
chr20	4700758	4700759	1703
chr20	4700759	4700760	1701
chr20	4700760	4700761	1696
chr20	4700761	4700762	1693
chr20	4700762	4700763	1696
chr20	4700763	4700764	1697
chr20	4700764	4700765	1700
chr20	4700765	4700766	1654
chr20	4700766	4700767	1629
chr20	4700767	4700768	1623
chr20	4700768	4700769	1638
chr20	4700769	4700770	1651
chr20	4700770	4700771	1663
chr20	4700771	4700772	1601
chr20	4700772	4700773	1583
chr20	4700773	4700774	1548
chr20	4700774	4700776	1564
chr20	4700776	4700777	1577
chr20	4700777	4700778	1648
chr20	4700778	4700779	1682
chr20	4700779	4700780	1658
chr20	4700780	4700781	1650
chr20	4700781	4700782	1688
chr20	4700782	4700783	1683
chr20	4700783	4700784	1691
chr20	4700784	4700785	1683
chr20	4700785	4700786	1678
chr20	4700786	4700787	1676
chr20	4700787	4700788	1675
chr20	4700788	4700789	1657
chr20	4700789	4700790	1604
chr20	4700790	4700791	1598
chr20	4700791	4700792	1603
chr20	4700792	4700793	1610
chr20	4700793	4700794	1619
chr20	4700794	4700795	1608
chr20	4700795	4700796	1564
chr20	4700796	4700797	1623
chr20	4700797	4700798	1809
chr20	4700798	4700799	1834
chr20	4700799	4700800	1832
chr20	4700800	4700801	1666
chr20	4700801	4700802	1668
chr20	4700802	4700803	1684
chr20	4700803	4700804	1614
chr20	4700804	4700805	1540
chr20	4700805	4700806	1479
chr20	4700806	4700807	1475
chr20	4700807	4700808	1708
chr20	4700808	4700809	1696
chr20	4700809	4700810	1747
chr20	4700810	4700811	1736
chr20	4700811	4700812	1751
chr20	4700812	4700813	1748
chr20	4700813	4700814	1780
chr20	4700814	4700815	1832
chr20	4700815	4700816	1838
chr20	4700816	4700817	1902
chr20	4700817	4700818	1890
chr20	4700818	4700819	2025
chr20	4700819	4700820	1987
chr20	4700820	4700821	2017
chr20	4700821	4700822	2024
chr20	4700822	4700823	2025
chr20	4700823	4700824	2086
chr20	4700824	4700825	2083
chr20	4700825	4700826	2094
chr20	4700826	4700828	2033
chr20	4700828	4700829	2052
chr20	4700829	4700830	2067
chr20	4700830	4700831	2018
chr20	4700831	4700832	2046
chr20	4700832	4700833	2061
chr20	4700833	4700834	2133
chr20	4700834	4700835	2223
chr20	4700835	4700836	2325
chr20	4700836	4700837	2348
chr20	4700837	4700838	2359
chr20	4700838	4700839	2472
chr20	4700839	4700840	2485
chr20	4700840	4700841	2545
chr20	4700841	4700842	2559
chr20	4700842	4700843	2563
chr20	4700843	4700844	2579
chr20	4700844	4700845	2551
chr20	4700845	4700846	2608
chr20	4700846	4700847	2617
chr20	4700847	4700848	2673
chr20	4700848	4700849	2695
chr20	4700849	4700850	2690
chr20	4700850	4700851	2667
chr20	4700851	4700852	2677
chr20	4700852	4700853	2671
chr20	4700853	4700854	2576
chr20	4700854	4700855	2553
chr20	4700855	4700856	2552
chr20	4700856	4700857	2544
chr20	4700857	4700858	2504
chr20	4700858	4700859	2503
chr20	4700859	4700860	2490
chr20	4700860	4700861	2487
chr20	4700861	4700862	2484
chr20	4700862	4700863	2563
chr20	4700863	4700864	2564
chr20	4700864	4700865	2583
chr20	4700865	4700866	2585
chr20	4700866	4700867	2601
chr20	4700867	4700868	2656
chr20	4700868	4700869	2714
chr20	4700869	4700870	2762
chr20	4700870	4700871	2830
chr20	4700871	4700872	2842
chr20	4700872	4700873	2814
chr20	4700873	4700874	2625
chr20	4700874	4700875	2641
chr20	4700875	4700876	2671
chr20	4700876	4700877	2706
chr20	4700877	4700878	2770
chr20	4700878	4700879	2852
chr20	4700879	4700880	2857
chr20	4700880	4700881	2847
chr20	4700881	4700882	2845
chr20	4700882	4700883	2879
#bedGraph section chr20:4700883-4780117
chr20	4700883	4700884	2630
chr20	4700884	4700885	2571
chr20	4700885	4700886	2558
chr20	4700886	4700887	2559
chr20	4700887	4700888	2544
chr20	4700888	4700889	2533
chr20	4700889	4700890	2519
chr20	4700890	4700891	2530
chr20	4700891	4700892	2525
chr20	4700892	4700893	2462
chr20	4700893	4700894	2499
chr20	4700894	4700895	2362
chr20	4700895	4700896	2356
chr20	4700896	4700897	2449
chr20	4700897	4700898	2468
chr20	4700898	4700899	2494
chr20	4700899	4700900	2453
chr20	4700900	4700901	2461
chr20	4700901	4700902	2457
chr20	4700902	4700903	2440
chr20	4700903	4700904	2474
chr20	4700904	4700905	2509
chr20	4700905	4700906	2510
chr20	4700906	4700907	2549
chr20	4700907	4700908	2548
chr20	4700908	4700909	2555
chr20	4700909	4700910	2470
chr20	4700910	4700911	2409
chr20	4700911	4700912	2346
chr20	4700912	4700913	2318
chr20	4700913	4700914	2326
chr20	4700914	4700915	2217
chr20	4700915	4700916	2278
chr20	4700916	4700917	2250
chr20	4700917	4700918	2255
chr20	4700918	4700919	2260
chr20	4700919	4700920	2243
chr20	4700920	4700921	2255
chr20	4700921	4700922	2202
chr20	4700922	4700923	2190
chr20	4700923	4700924	2141
chr20	4700924	4700925	2117
chr20	4700925	4700926	2096
chr20	4700926	4700927	2177
chr20	4700927	4700929	2164
chr20	4700929	4700931	2165
chr20	4700931	4700932	2188
chr20	4700932	4700933	2222
chr20	4700933	4700934	2247
chr20	4700934	4700935	2301
chr20	4700935	4700936	2310
chr20	4700936	4700937	2333
chr20	4700937	4700938	2565
chr20	4700938	4700939	2543
chr20	4700939	4700940	2615
chr20	4700940	4700941	2612
chr20	4700941	4700942	2654
chr20	4700942	4700943	2659
chr20	4700943	4700944	2688
chr20	4700944	4700945	2661
chr20	4700945	4700946	2601
chr20	4700946	4700947	2532
chr20	4700947	4700948	2533
chr20	4700948	4700949	2485
chr20	4700949	4700950	2512
chr20	4700950	4700951	2487
chr20	4700951	4700952	2457
chr20	4700952	4700953	2396
chr20	4700953	4700954	2342
chr20	4700954	4700955	2259
chr20	4700955	4700956	2261
chr20	4700956	4700957	2262
chr20	4700957	4700958	2263
chr20	4700958	4700959	2252
chr20	4700959	4700960	2256
chr20	4700960	4700961	2306
chr20	4700961	4700962	2455
chr20	4700962	4700963	2572
chr20	4700963	4700964	2598
chr20	4700964	4700965	2618
chr20	4700965	4700966	2626
chr20	4700966	4700967	2539
chr20	4700967	4700968	2538
chr20	4700968	4700969	2574
chr20	4700969	4700970	2535
chr20	4700970	4700971	2560
chr20	4700971	4700972	2609
chr20	4700972	4700973	2491
chr20	4700973	4700974	2469
chr20	4700974	4700975	2451
chr20	4700975	4700976	2436
chr20	4700976	4700977	2431
chr20	4700977	4700978	2432
chr20	4700978	4700979	2433
chr20	4700979	4700980	2392
chr20	4700980	4700981	2437
chr20	4700981	4700982	2447
chr20	4700982	4700983	2444
chr20	4700983	4700984	2777
chr20	4700984	4700985	2768
chr20	4700985	4700986	2794
chr20	4700986	4700987	2796
chr20	4700987	4700988	2781
chr20	4700988	4700989	2826
chr20	4700989	4700990	2844
chr20	4700990	4700991	2905
chr20	4700991	4700992	2834
chr20	4700992	4700993	2945
chr20	4700993	4700994	2989
chr20	4700994	4700995	2988
chr20	4700995	4700996	3002
chr20	4700996	4700997	2996
chr20	4700997	4700998	2991
chr20	4700998	4700999	2987
chr20	4700999	4701000	2977
chr20	4701000	4701001	2978
chr20	4701001	4701002	3021
chr20	4701002	4701003	2954
chr20	4701003	4701004	3103
chr20	4701004	4701005	3116
chr20	4701005	4701006	3108
chr20	4701006	4701007	3102
chr20	4701007	4701008	3084
chr20	4701008	4701009	3053
chr20	4701009	4701010	3073
chr20	4701010	4701011	3036
chr20	4701011	4701012	3029
chr20	4701012	4701013	3005
chr20	4701013	4701014	2796
chr20	4701014	4701015	2773
chr20	4701015	4701016	2697
chr20	4701016	4701017	2674
chr20	4701017	4701018	2638
chr20	4701018	4701019	2640
chr20	4701019	4701020	2627
chr20	4701020	4701021	2667
chr20	4701021	4701022	2710
chr20	4701022	4701023	2707
chr20	4701023	4701024	2710
chr20	4701024	4701025	2731
chr20	4701025	4701026	2854
chr20	4701026	4701027	2837
chr20	4701027	4701028	2931
chr20	4701028	4701030	2967
chr20	4701030	4701031	2960
chr20	4701031	4701032	2971
chr20	4701032	4701033	2960
chr20	4701033	4701034	2939
chr20	4701034	4701035	2928
chr20	4701035	4701036	3029
chr20	4701036	4701037	2985
chr20	4701037	4701038	2803
chr20	4701038	4701039	2696
chr20	4701039	4701040	2673
chr20	4701040	4701041	2645
chr20	4701041	4701042	2644
chr20	4701042	4701043	2656
chr20	4701043	4701044	2677
chr20	4701044	4701045	2639
chr20	4701045	4701046	2701
chr20	4701046	4701047	2861
chr20	4701047	4701048	2807
chr20	4701048	4701049	2809
chr20	4701049	4701050	2862
chr20	4701050	4701051	2991
chr20	4701051	4701052	3143
chr20	4701052	4701053	3147
chr20	4701053	4701054	3132
chr20	4701054	4701055	3135
chr20	4701055	4701056	3148
chr20	4701056	4701057	3055
chr20	4701057	4701058	3027
chr20	4701058	4701059	3004
chr20	4701059	4701060	2644
chr20	4701060	4701061	2628
chr20	4701061	4701062	2595
chr20	4701062	4701063	2583
chr20	4701063	4701064	2597
chr20	4701064	4701065	2547
chr20	4701065	4701066	2498
chr20	4701066	4701067	2529
chr20	4701067	4701068	2527
chr20	4701068	4701069	2389
chr20	4701069	4701070	2365
chr20	4701070	4701071	2356
chr20	4701071	4701072	2346
chr20	4701072	4701073	2334
chr20	4701073	4701074	2337
chr20	4701074	4701075	2336
chr20	4701075	4701076	2357
chr20	4701076	4701077	2363
chr20	4701077	4701078	2349
chr20	4701078	4701079	2357
chr20	4701079	4701080	2252
chr20	4701080	4701081	2235
chr20	4701081	4701082	2233
chr20	4701082	4701083	2236
chr20	4701083	4701084	2235
chr20	4701084	4701085	2299
chr20	4701085	4701086	2295
chr20	4701086	4701087	2276
chr20	4701087	4701090	2280
chr20	4701090	4701091	2276
chr20	4701091	4701092	2283
chr20	4701092	4701093	2292
chr20	4701093	4701094	2308
chr20	4701094	4701095	2386
chr20	4701095	4701096	2327
chr20	4701096	4701097	2233
chr20	4701097	4701098	2184
chr20	4701098	4701099	2183
chr20	4701099	4701100	2172
chr20	4701100	4701101	2229
chr20	4701101	4701102	2065
chr20	4701102	4701103	2098
chr20	4701103	4701104	2025
chr20	4701104	4701105	2000
chr20	4701105	4701106	2044
chr20	4701106	4701107	2051
chr20	4701107	4701109	2053
chr20	4701109	4701110	2102
chr20	4701110	4701111	2166
chr20	4701111	4701112	2111
chr20	4701112	4701113	2169
chr20	4701113	4701114	2185
chr20	4701114	4701115	2193
chr20	4701115	4701116	2197
chr20	4701116	4701118	2190
chr20	4701118	4701119	2175
chr20	4701119	4701120	2157
chr20	4701120	4701121	2190
chr20	4701121	4701122	2125
chr20	4701122	4701123	1945
chr20	4701123	4701124	1954
chr20	4701124	4701125	1944
chr20	4701125	4701126	1799
chr20	4701126	4701127	1645
chr20	4701127	4701128	1586
chr20	4701128	4701129	1597
chr20	4701129	4701130	1620
chr20	4701130	4701131	1624
chr20	4701131	4701132	1619
chr20	4701132	4701133	1609
chr20	4701133	4701134	1630
chr20	4701134	4701135	1621
chr20	4701135	4701136	1610
chr20	4701136	4701137	1614
chr20	4701137	4701138	1615
chr20	4701138	4701139	1623
chr20	4701139	4701140	1582
chr20	4701140	4701142	1572
chr20	4701142	4701143	1458
chr20	4701143	4701144	1448
chr20	4701144	4701145	1449
chr20	4701145	4701146	1441
chr20	4701146	4701147	1451
chr20	4701147	4701148	1495
chr20	4701148	4701149	1512
chr20	4701149	4701150	1516
chr20	4701150	4701151	1515
chr20	4701151	4701152	1497
chr20	4701152	4701153	1525
chr20	4701153	4701154	1516
chr20	4701154	4701155	1569
chr20	4701155	4701156	1538
chr20	4701156	4701157	1540
chr20	4701157	4701158	1559
chr20	4701158	4701159	1565
chr20	4701159	4701160	1572
chr20	4701160	4701161	1524
chr20	4701161	4701162	1481
chr20	4701162	4701163	1480
chr20	4701163	4701164	1479
chr20	4701164	4701165	1522
chr20	4701165	4701166	1503
chr20	4701166	4701167	1522
chr20	4701167	4701168	1541
chr20	4701168	4701169	1569
chr20	4701169	4701170	1572
chr20	4701170	4701171	1483
chr20	4701171	4701172	1475
chr20	4701172	4701173	1473
chr20	4701173	4701174	1468
chr20	4701174	4701175	1558
chr20	4701175	4701176	1559
chr20	4701176	4701177	1480
chr20	4701177	4701178	1482
chr20	4701178	4701179	1444
chr20	4701179	4701180	1418
chr20	4701180	4701181	1414
chr20	4701181	4701182	1375
chr20	4701182	4701183	1367
chr20	4701183	4701184	1355
chr20	4701184	4701185	1380
chr20	4701185	4701186	1314
chr20	4701186	4701187	1258
chr20	4701187	4701188	1210
chr20	4701188	4701189	1153
chr20	4701189	4701190	1140
chr20	4701190	4701192	1113
chr20	4701192	4701193	1112
chr20	4701193	4701194	1097
chr20	4701194	4701195	1091
chr20	4701195	4701196	1084
chr20	4701196	4701198	1059
chr20	4701198	4701199	1057
chr20	4701199	4701200	1046
chr20	4701200	4701201	1050
chr20	4701201	4701202	1054
chr20	4701202	4701203	1067
chr20	4701203	4701204	1072
chr20	4701204	4701205	1063
chr20	4701205	4701206	1036
chr20	4701206	4701207	1182
chr20	4701207	4701209	1177
chr20	4701209	4701210	1157
chr20	4701210	4701211	1153
chr20	4701211	4701212	1158
chr20	4701212	4701213	1157
chr20	4701213	4701214	1148
chr20	4701214	4701215	1126
chr20	4701215	4701216	1128
chr20	4701216	4701217	1127
chr20	4701217	4701218	1132
chr20	4701218	4701219	1140
chr20	4701219	4701220	1141
chr20	4701220	4701221	1142
chr20	4701221	4701222	1146
chr20	4701222	4701223	1147
chr20	4701223	4701224	1120
chr20	4701224	4701225	1152
chr20	4701225	4701226	1150
chr20	4701226	4701227	1183
chr20	4701227	4701228	1188
chr20	4701228	4701229	1191
chr20	4701229	4701230	1238
chr20	4701230	4701231	1165
chr20	4701231	4701232	1166
chr20	4701232	4701233	1163
chr20	4701233	4701234	1156
chr20	4701234	4701235	1144
chr20	4701235	4701236	1153
chr20	4701236	4701237	1142
chr20	4701237	4701238	1145
chr20	4701238	4701239	1155
chr20	4701239	4701240	1167
chr20	4701240	4701241	1141
chr20	4701241	4701242	1142
chr20	4701242	4701243	1090
chr20	4701243	4701244	1096
chr20	4701244	4701245	1037
chr20	4701245	4701246	1095
chr20	4701246	4701247	1105
chr20	4701247	4701248	1126
chr20	4701248	4701250	1148
chr20	4701250	4701252	1060
chr20	4701252	4701254	1081
chr20	4701254	4701255	1098
chr20	4701255	4701256	1146
chr20	4701256	4701257	1157
chr20	4701257	4701258	1143
chr20	4701258	4701259	1133
chr20	4701259	4701260	1126
chr20	4701260	4701261	1100
chr20	4701261	4701262	1113
chr20	4701262	4701263	1116
chr20	4701263	4701264	1129
chr20	4701264	4701265	1143
chr20	4701265	4701266	1155
chr20	4701266	4701267	1162
chr20	4701267	4701268	1159
chr20	4701268	4701269	1161
chr20	4701269	4701270	1149
chr20	4701270	4701271	1160
chr20	4701271	4701272	1154
chr20	4701272	4701273	1172
chr20	4701273	4701274	1158
chr20	4701274	4701276	1170
chr20	4701276	4701277	1180
chr20	4701277	4701278	1203
chr20	4701278	4701279	1192
chr20	4701279	4701280	1205
chr20	4701280	4701281	1201
chr20	4701281	4701282	1249
chr20	4701282	4701283	1108
chr20	4701283	4701284	1110
chr20	4701284	4701285	1124
chr20	4701285	4701286	1152
chr20	4701286	4701287	1172
chr20	4701287	4701288	1162
chr20	4701288	4701289	1160
chr20	4701289	4701290	1184
chr20	4701290	4701291	1255
chr20	4701291	4701292	1258
chr20	4701292	4701293	1418
chr20	4701293	4701294	1444
chr20	4701294	4701295	1438
chr20	4701295	4701296	1432
chr20	4701296	4701297	1897
chr20	4701297	4701298	1928
chr20	4701298	4701299	1987
chr20	4701299	4701300	2004
chr20	4701300	4701301	2036
chr20	4701301	4701302	2026
chr20	4701302	4701303	2038
chr20	4701303	4701304	2383
chr20	4701304	4701305	2514
chr20	4701305	4701306	2510
chr20	4701306	4701307	2516
chr20	4701307	4701308	2510
chr20	4701308	4701309	2752
chr20	4701309	4701310	2758
chr20	4701310	4701311	2761
chr20	4701311	4701312	2757
chr20	4701312	4701313	2764
chr20	4701313	4701314	2804
chr20	4701314	4701315	2842
chr20	4701315	4701316	2857
chr20	4701316	4701317	2847
chr20	4701317	4701318	2922
chr20	4701318	4701319	2976
chr20	4701319	4701320	3002
chr20	4701320	4701321	3052
chr20	4701321	4701322	2997
chr20	4701322	4701323	2990
chr20	4701323	4701324	2981
chr20	4701324	4701325	3005
chr20	4701325	4701326	3027
chr20	4701326	4701327	3255
chr20	4701327	4701328	3389
chr20	4701328	4701329	3400
chr20	4701329	4701330	3388
chr20	4701330	4701331	3384
chr20	4701331	4701332	3347
chr20	4701332	4701333	3337
chr20	4701333	4701334	3395
chr20	4701334	4701335	3421
chr20	4701335	4701336	3495
chr20	4701336	4701337	3538
chr20	4701337	4701338	3634
chr20	4701338	4701339	3665
chr20	4701339	4701340	3701
chr20	4701340	4701341	3796
chr20	4701341	4701342	3872
chr20	4701342	4701343	3962
chr20	4701343	4701344	3983
chr20	4701344	4701345	4004
chr20	4701345	4701346	4036
chr20	4701346	4701347	4029
chr20	4701347	4701348	4369
chr20	4701348	4701349	4352
chr20	4701349	4701351	4373
chr20	4701351	4701352	4387
chr20	4701352	4701353	4425
chr20	4701353	4701354	4400
chr20	4701354	4701355	4406
chr20	4701355	4701356	4386
chr20	4701356	4701357	4395
chr20	4701357	4701358	4348
chr20	4701358	4701359	4328
chr20	4701359	4701360	4321
chr20	4701360	4701361	4411
chr20	4701361	4701362	4451
chr20	4701362	4701363	4458
chr20	4701363	4701364	4461
chr20	4701364	4701365	4469
chr20	4701365	4701366	4451
chr20	4701366	4701367	4401
chr20	4701367	4701368	4481
chr20	4701368	4701369	4387
chr20	4701369	4701370	4423
chr20	4701370	4701371	4417
chr20	4701371	4701372	4420
chr20	4701372	4701373	4061
chr20	4701373	4701374	4120
chr20	4701374	4701375	4323
chr20	4701375	4701376	4351
chr20	4701376	4701377	4301
chr20	4701377	4701378	4356
chr20	4701378	4701379	4327
chr20	4701379	4701380	4073
chr20	4701380	4701381	3945
chr20	4701381	4701382	3964
chr20	4701382	4701383	3973
chr20	4701383	4701384	4131
chr20	4701384	4701385	4067
chr20	4701385	4701386	4258
chr20	4701386	4701387	4391
chr20	4701387	4701388	4428
chr20	4701388	4701389	4472
chr20	4701389	4701390	4463
chr20	4701390	4701391	4436
chr20	4701391	4701392	4430
chr20	4701392	4701393	4778
chr20	4701393	4701394	4712
chr20	4701394	4701395	4760
chr20	4701395	4701396	4755
chr20	4701396	4701397	4930
chr20	4701397	4701398	4968
chr20	4701398	4701399	5120
chr20	4701399	4701400	5208
chr20	4701400	4701401	5254
chr20	4701401	4701402	5291
chr20	4701402	4701403	5098
chr20	4701403	4701404	5018
chr20	4701404	4701405	5013
chr20	4701405	4701406	5016
chr20	4701406	4701407	5013
chr20	4701407	4701408	5012
chr20	4701408	4701409	5014
chr20	4701409	4701410	4952
chr20	4701410	4701411	4925
chr20	4701411	4701412	4851
chr20	4701412	4701413	4815
chr20	4701413	4701414	4699
chr20	4701414	4701415	4666
chr20	4701415	4701416	4621
chr20	4701416	4701417	4491
chr20	4701417	4701418	4467
chr20	4701418	4701419	4376
chr20	4701419	4701420	4372
chr20	4701420	4701421	4367
chr20	4701421	4701422	4365
chr20	4701422	4701423	4364
chr20	4701423	4701424	4019
chr20	4701424	4701425	4054
chr20	4701425	4701426	4044
chr20	4701426	4701427	4033
chr20	4701427	4701428	4016
chr20	4701428	4701430	3963
chr20	4701430	4701431	3953
chr20	4701431	4701432	3963
chr20	4701432	4701433	3971
chr20	4701433	4701434	3981
chr20	4701434	4701435	3983
chr20	4701435	4701436	3977
chr20	4701436	4701437	3883
chr20	4701437	4701438	3812
chr20	4701438	4701439	3784
chr20	4701439	4701440	3786
chr20	4701440	4701441	3775
chr20	4701441	4701442	3762
chr20	4701442	4701443	3736
chr20	4701443	4701444	3655
chr20	4701444	4701445	3604
chr20	4701445	4701446	3533
chr20	4701446	4701447	3532
chr20	4701447	4701448	3521
chr20	4701448	4701449	3378
chr20	4701449	4701450	3302
chr20	4701450	4701451	3046
chr20	4701451	4701452	2990
chr20	4701452	4701453	2961
chr20	4701453	4701454	2898
chr20	4701454	4701455	2884
chr20	4701455	4701456	2779
chr20	4701456	4701457	2746
chr20	4701457	4701458	2670
chr20	4701458	4701459	2664
chr20	4701459	4701460	2497
chr20	4701460	4701461	2324
chr20	4701461	4701462	2127
chr20	4701462	4701463	1929
chr20	4701463	4701464	1901
chr20	4701464	4701465	1874
chr20	4701465	4701466	1867
chr20	4701466	4701467	1850
chr20	4701467	4701468	1837
chr20	4701468	4701469	1474
chr20	4701469	4701470	1463
chr20	4701470	4701471	1380
chr20	4701471	4701472	1334
chr20	4701472	4701473	1113
chr20	4701473	4701474	1082
chr20	4701474	4701475	965
chr20	4701475	4701476	869
chr20	4701476	4701477	759
chr20	4701477	4701478	713
chr20	4701478	4701479	694
chr20	4701479	4701480	635
chr20	4701480	4701481	632
chr20	4701481	4701482	787
chr20	4701482	4701483	791
chr20	4701483	4701484	923
chr20	4701484	4701485	926
chr20	4701485	4701486	929
chr20	4701486	4701487	932
chr20	4701487	4701488	934
chr20	4701488	4701489	933
chr20	4701489	4701490	967
chr20	4701490	4701491	972
chr20	4701491	4701492	964
chr20	4701492	4701493	955
chr20	4701493	4701494	929
chr20	4701494	4701495	986
chr20	4701495	4701496	981
chr20	4701496	4701497	963
chr20	4701497	4701498	985
chr20	4701498	4701499	989
chr20	4701499	4701500	1069
chr20	4701500	4701501	1032
chr20	4701501	4701502	1030
chr20	4701502	4701503	1185
chr20	4701503	4701504	1192
chr20	4701504	4701505	1209
chr20	4701505	4701506	1217
chr20	4701506	4701507	1225
chr20	4701507	4701508	1431
chr20	4701508	4701509	1474
chr20	4701509	4701510	1517
chr20	4701510	4701511	1526
chr20	4701511	4701512	1528
chr20	4701512	4701513	1564
chr20	4701513	4701514	1575
chr20	4701514	4701515	1573
chr20	4701515	4701516	1568
chr20	4701516	4701517	1567
chr20	4701517	4701518	1566
chr20	4701518	4701520	1568
chr20	4701520	4701522	1561
chr20	4701522	4701523	1556
chr20	4701523	4701525	1554
chr20	4701525	4701526	1547
chr20	4701526	4701527	1540
chr20	4701527	4701528	1542
chr20	4701528	4701529	1538
chr20	4701529	4701530	1535
chr20	4701530	4701531	1523
chr20	4701531	4701532	1529
chr20	4701532	4701533	1523
chr20	4701533	4701534	1520
chr20	4701534	4701535	1513
chr20	4701535	4701536	1505
chr20	4701536	4701537	1504
chr20	4701537	4701538	1496
chr20	4701538	4701539	1488
chr20	4701539	4701540	1475
chr20	4701540	4701541	1471
chr20	4701541	4701542	1470
chr20	4701542	4701543	1466
chr20	4701543	4701544	1453
chr20	4701544	4701545	1449
chr20	4701545	4701546	1428
chr20	4701546	4701547	1409
chr20	4701547	4701548	1408
chr20	4701548	4701549	1398
chr20	4701549	4701550	1382
chr20	4701550	4701551	1340
chr20	4701551	4701552	1334
chr20	4701552	4701554	1310
chr20	4701554	4701555	1303
chr20	4701555	4701556	1297
chr20	4701556	4701557	1278
chr20	4701557	4701558	1098
chr20	4701558	4701559	1096
chr20	4701559	4701560	954
chr20	4701560	4701561	952
chr20	4701561	4701562	948
chr20	4701562	4701563	945
chr20	4701563	4701564	939
chr20	4701564	4701565	931
chr20	4701565	4701566	893
chr20	4701566	4701567	888
chr20	4701567	4701568	889
chr20	4701568	4701569	886
chr20	4701569	4701570	864
chr20	4701570	4701571	798
chr20	4701571	4701572	791
chr20	4701572	4701573	790
chr20	4701573	4701574	738
chr20	4701574	4701575	728
chr20	4701575	4701576	646
chr20	4701576	4701577	639
chr20	4701577	4701578	625
chr20	4701578	4701579	466
chr20	4701579	4701580	459
chr20	4701580	4701581	442
chr20	4701581	4701582	432
chr20	4701582	4701583	424
chr20	4701583	4701584	201
chr20	4701584	4701585	106
chr20	4701585	4701586	79
chr20	4701586	4701587	67
chr20	4701587	4701588	31
chr20	4701588	4701589	4
chr20	4701589	4701590	3
chr20	4701590	4701591	1
chr20	4701591	4703061	0
