track type=wiggle_0 name="Brain Cereb" description="Brain Cerebellum"
#bedGraph section chr20:4187302-4688745
chr20	4686048	4686122	2
chr20	4686122	4686124	1
chr20	4686124	4686262	0
chr20	4686262	4686318	1
chr20	4686318	4686338	2
chr20	4686338	4686341	1
chr20	4686341	4686343	3
chr20	4686343	4686348	4
chr20	4686348	4686349	5
chr20	4686349	4686351	6
chr20	4686351	4686369	7
chr20	4686369	4686376	8
chr20	4686376	4686377	9
chr20	4686377	4686382	10
chr20	4686382	4686383	12
chr20	4686383	4686384	13
chr20	4686384	4686389	14
chr20	4686389	4686390	16
chr20	4686390	4686391	17
chr20	4686391	4686392	18
chr20	4686392	4686393	19
chr20	4686393	4686394	20
chr20	4686394	4686397	19
chr20	4686397	4686398	20
chr20	4686398	4686399	21
chr20	4686399	4686402	22
chr20	4686402	4686405	24
chr20	4686405	4686406	25
chr20	4686406	4686407	27
chr20	4686407	4686412	28
chr20	4686412	4686415	29
chr20	4686415	4686417	32
chr20	4686417	4686418	31
chr20	4686418	4686420	30
chr20	4686420	4686424	31
chr20	4686424	4686426	30
chr20	4686426	4686427	34
chr20	4686427	4686428	33
chr20	4686428	4686433	35
chr20	4686433	4686434	37
chr20	4686434	4686436	39
chr20	4686436	4686437	43
chr20	4686437	4686438	45
chr20	4686438	4686439	48
chr20	4686439	4686440	49
chr20	4686440	4686441	50
chr20	4686441	4686442	53
chr20	4686442	4686443	54
chr20	4686443	4686444	55
chr20	4686444	4686445	56
chr20	4686445	4686446	55
chr20	4686446	4686448	56
chr20	4686448	4686449	57
chr20	4686449	4686451	62
chr20	4686451	4686454	63
chr20	4686454	4686455	64
chr20	4686455	4686456	67
chr20	4686456	4686457	69
chr20	4686457	4686459	68
chr20	4686459	4686460	71
chr20	4686460	4686461	72
chr20	4686461	4686463	75
chr20	4686463	4686464	83
chr20	4686464	4686466	86
chr20	4686466	4686467	85
chr20	4686467	4686468	91
chr20	4686468	4686469	93
chr20	4686469	4686470	100
chr20	4686470	4686471	119
chr20	4686471	4686472	216
chr20	4686472	4686473	224
chr20	4686473	4686474	238
chr20	4686474	4686475	276
chr20	4686475	4686476	282
chr20	4686476	4686477	296
chr20	4686477	4686478	310
chr20	4686478	4686479	363
chr20	4686479	4686480	389
chr20	4686480	4686481	407
chr20	4686481	4686482	434
chr20	4686482	4686483	438
chr20	4686483	4686484	441
chr20	4686484	4686485	443
chr20	4686485	4686486	460
chr20	4686486	4686487	464
chr20	4686487	4686488	465
chr20	4686488	4686489	487
chr20	4686489	4686490	491
chr20	4686490	4686491	512
chr20	4686491	4686493	514
chr20	4686493	4686494	520
chr20	4686494	4686495	522
chr20	4686495	4686496	525
chr20	4686496	4686497	529
chr20	4686497	4686498	536
chr20	4686498	4686499	550
chr20	4686499	4686500	551
chr20	4686500	4686501	554
chr20	4686501	4686502	557
chr20	4686502	4686503	556
chr20	4686503	4686504	587
chr20	4686504	4686505	592
chr20	4686505	4686506	597
chr20	4686506	4686507	602
chr20	4686507	4686508	604
chr20	4686508	4686509	361
chr20	4686509	4686510	367
chr20	4686510	4686511	372
chr20	4686511	4686512	387
chr20	4686512	4686513	1
chr20	4686513	4686595	0
chr20	4686595	4686645	1
chr20	4686645	4686670	3
chr20	4686670	4686692	2
chr20	4686692	4686697	3
chr20	4686697	4686699	4
chr20	4686699	4686718	6
chr20	4686718	4686721	7
chr20	4686721	4686728	5
chr20	4686728	4686733	6
chr20	4686733	4686734	8
chr20	4686734	4686735	13
chr20	4686735	4686736	16
chr20	4686736	4687108	0
chr20	4687108	4687171	1
chr20	4687171	4687184	2
chr20	4687184	4687247	1
chr20	4687247	4687370	0
chr20	4687370	4687446	1
chr20	4687446	4687458	0
chr20	4687458	4687485	1
chr20	4687485	4687530	2
chr20	4687530	4687534	3
chr20	4687534	4687559	2
chr20	4687559	4687561	4
chr20	4687561	4687606	3
chr20	4687606	4687619	2
chr20	4687619	4687635	3
chr20	4687635	4687692	1
chr20	4687692	4687695	2
chr20	4687695	4687719	1
chr20	4687719	4687750	3
chr20	4687750	4687767	5
chr20	4687767	4687786	4
chr20	4687786	4687826	2
chr20	4687826	4687914	0
chr20	4687914	4687971	1
chr20	4687971	4687989	2
chr20	4687989	4688032	1
chr20	4688032	4688047	2
chr20	4688047	4688108	1
chr20	4688108	4688133	0
chr20	4688133	4688209	1
chr20	4688209	4688322	0
chr20	4688322	4688398	1
chr20	4688398	4688425	0
chr20	4688425	4688453	1
chr20	4688453	4688501	2
chr20	4688501	4688529	1
chr20	4688529	4688576	0
chr20	4688576	4688622	1
chr20	4688622	4688651	2
chr20	4688651	4688698	1
chr20	4688698	4688745	0
#bedGraph section chr20:4688745-4699366
chr20	4688745	4688820	1
chr20	4688820	4688848	0
chr20	4688848	4688924	1
chr20	4688924	4688953	0
chr20	4688953	4688989	1
chr20	4688989	4689029	2
chr20	4689029	4689065	1
chr20	4689065	4689067	0
chr20	4689067	4689073	1
chr20	4689073	4689143	2
chr20	4689143	4689149	1
chr20	4689149	4689242	0
chr20	4689242	4689250	1
chr20	4689250	4689305	2
chr20	4689305	4689318	3
chr20	4689318	4689326	2
chr20	4689326	4689362	1
chr20	4689362	4689367	2
chr20	4689367	4689381	3
chr20	4689381	4689386	2
chr20	4689386	4689438	3
chr20	4689438	4689442	2
chr20	4689442	4689454	1
chr20	4689454	4689462	2
chr20	4689462	4689466	1
chr20	4689466	4689489	2
chr20	4689489	4689534	3
chr20	4689534	4689542	5
chr20	4689542	4689557	4
chr20	4689557	4689563	5
chr20	4689563	4689565	6
chr20	4689565	4689595	5
chr20	4689595	4689606	6
chr20	4689606	4689610	5
chr20	4689610	4689612	3
chr20	4689612	4689633	4
chr20	4689633	4689635	3
chr20	4689635	4689639	4
chr20	4689639	4689668	3
chr20	4689668	4689671	4
chr20	4689671	4689688	3
chr20	4689688	4689711	2
chr20	4689711	4689715	1
chr20	4689715	4689744	2
chr20	4689744	4689755	1
chr20	4689755	4689756	2
chr20	4689756	4689789	3
chr20	4689789	4689791	4
chr20	4689791	4689831	3
chr20	4689831	4689865	2
chr20	4689865	4689907	1
chr20	4689907	4690206	0
chr20	4690206	4690251	1
chr20	4690251	4690282	2
chr20	4690282	4690327	1
chr20	4690327	4690402	0
chr20	4690402	4690414	1
chr20	4690414	4690425	2
chr20	4690425	4690478	3
chr20	4690478	4690489	2
chr20	4690489	4690499	1
chr20	4690499	4690501	2
chr20	4690501	4690574	1
chr20	4690574	4690761	0
chr20	4690761	4690774	1
chr20	4690774	4690803	2
chr20	4690803	4690832	3
chr20	4690832	4690837	4
chr20	4690837	4690865	3
chr20	4690865	4690879	4
chr20	4690879	4690908	3
chr20	4690908	4690926	2
chr20	4690926	4690941	1
chr20	4690941	4691279	0
chr20	4691279	4691351	1
chr20	4691351	4691413	2
chr20	4691413	4691414	3
chr20	4691414	4691427	4
chr20	4691427	4691430	3
chr20	4691430	4691455	2
chr20	4691455	4691458	3
chr20	4691458	4691489	4
chr20	4691489	4691490	3
chr20	4691490	4691529	2
chr20	4691529	4691531	4
chr20	4691531	4691534	3
chr20	4691534	4691561	2
chr20	4691561	4691566	3
chr20	4691566	4691605	5
chr20	4691605	4691610	3
chr20	4691610	4691637	4
chr20	4691637	4691642	3
chr20	4691642	4691652	1
chr20	4691652	4691665	2
chr20	4691665	4691686	3
chr20	4691686	4691692	2
chr20	4691692	4691722	3
chr20	4691722	4691728	4
chr20	4691728	4691741	3
chr20	4691741	4691768	2
chr20	4691768	4691788	1
chr20	4691788	4691798	2
chr20	4691798	4691864	1
chr20	4691864	4691895	0
chr20	4691895	4691971	1
chr20	4691971	4691980	0
chr20	4691980	4692056	1
chr20	4692056	4692140	0
chr20	4692140	4692155	1
chr20	4692155	4692164	2
chr20	4692164	4692216	3
chr20	4692216	4692223	2
chr20	4692223	4692230	3
chr20	4692230	4692240	2
chr20	4692240	4692243	1
chr20	4692243	4692245	2
chr20	4692245	4692271	3
chr20	4692271	4692299	4
chr20	4692299	4692319	3
chr20	4692319	4692321	2
chr20	4692321	4692346	1
chr20	4692346	4692349	0
chr20	4692349	4692423	1
chr20	4692423	4692426	0
chr20	4692426	4692469	1
chr20	4692469	4692470	0
chr20	4692470	4692475	1
chr20	4692475	4692503	2
chr20	4692503	4692551	1
chr20	4692551	4692603	0
chr20	4692603	4692679	1
chr20	4692679	4692784	0
chr20	4692784	4692839	1
chr20	4692839	4692860	2
chr20	4692860	4692915	1
chr20	4692915	4692963	0
chr20	4692963	4692993	1
chr20	4692993	4693039	2
chr20	4693039	4693069	1
chr20	4693069	4693077	0
chr20	4693077	4693109	1
chr20	4693109	4693113	2
chr20	4693113	4693153	3
chr20	4693153	4693179	2
chr20	4693179	4693184	3
chr20	4693184	4693189	2
chr20	4693189	4693255	1
chr20	4693255	4693574	0
chr20	4693574	4693590	1
chr20	4693590	4693597	2
chr20	4693597	4693647	3
chr20	4693647	4693650	4
chr20	4693650	4693665	3
chr20	4693665	4693673	2
chr20	4693673	4693699	1
chr20	4693699	4693723	2
chr20	4693723	4693731	1
chr20	4693731	4693775	2
chr20	4693775	4693778	1
chr20	4693778	4693800	2
chr20	4693800	4693807	3
chr20	4693807	4693846	2
chr20	4693846	4693850	3
chr20	4693850	4693854	4
chr20	4693854	4693875	3
chr20	4693875	4693885	2
chr20	4693885	4693890	3
chr20	4693890	4693905	4
chr20	4693905	4693922	5
chr20	4693922	4693925	4
chr20	4693925	4693942	3
chr20	4693942	4693943	2
chr20	4693943	4693956	3
chr20	4693956	4693963	2
chr20	4693963	4693966	3
chr20	4693966	4693982	2
chr20	4693982	4693994	1
chr20	4693994	4694039	2
chr20	4694039	4694070	1
chr20	4694070	4694108	0
chr20	4694108	4694134	1
chr20	4694134	4694179	2
chr20	4694179	4694183	3
chr20	4694183	4694200	2
chr20	4694200	4694223	3
chr20	4694223	4694225	4
chr20	4694225	4694236	5
chr20	4694236	4694255	6
chr20	4694255	4694273	5
chr20	4694273	4694276	6
chr20	4694276	4694284	5
chr20	4694284	4694294	4
chr20	4694294	4694299	5
chr20	4694299	4694301	4
chr20	4694301	4694312	3
chr20	4694312	4694325	2
chr20	4694325	4694349	3
chr20	4694349	4694369	2
chr20	4694369	4694395	1
chr20	4694395	4694401	2
chr20	4694401	4694459	1
chr20	4694459	4694471	2
chr20	4694471	4694477	1
chr20	4694477	4694535	2
chr20	4694535	4694553	1
chr20	4694553	4694572	0
chr20	4694572	4694598	1
chr20	4694598	4694637	2
chr20	4694637	4694648	3
chr20	4694648	4694667	2
chr20	4694667	4694674	3
chr20	4694674	4694721	2
chr20	4694721	4694723	3
chr20	4694723	4694743	4
chr20	4694743	4694766	3
chr20	4694766	4694769	4
chr20	4694769	4694778	5
chr20	4694778	4694789	6
chr20	4694789	4694797	5
chr20	4694797	4694798	4
chr20	4694798	4694842	3
chr20	4694842	4694845	2
chr20	4694845	4694854	1
chr20	4694854	4694869	0
chr20	4694869	4694881	1
chr20	4694881	4694882	3
chr20	4694882	4694893	4
chr20	4694893	4694933	5
chr20	4694933	4694934	6
chr20	4694934	4694945	7
chr20	4694945	4694957	6
chr20	4694957	4694958	4
chr20	4694958	4694969	3
chr20	4694969	4695009	2
chr20	4695009	4695010	1
chr20	4695010	4695027	0
chr20	4695027	4695103	1
chr20	4695103	4695125	0
chr20	4695125	4695126	1
chr20	4695126	4695160	2
chr20	4695160	4695174	1
chr20	4695174	4695175	2
chr20	4695175	4695200	3
chr20	4695200	4695219	2
chr20	4695219	4695222	3
chr20	4695222	4695223	4
chr20	4695223	4695244	5
chr20	4695244	4695245	6
chr20	4695245	4695251	7
chr20	4695251	4695260	6
chr20	4695260	4695265	7
chr20	4695265	4695276	8
chr20	4695276	4695295	9
chr20	4695295	4695298	11
chr20	4695298	4695299	10
chr20	4695299	4695307	9
chr20	4695307	4695316	11
chr20	4695316	4695321	12
chr20	4695321	4695326	11
chr20	4695326	4695334	10
chr20	4695334	4695339	9
chr20	4695339	4695341	10
chr20	4695341	4695342	9
chr20	4695342	4695347	10
chr20	4695347	4695349	12
chr20	4695349	4695352	13
chr20	4695352	4695371	12
chr20	4695371	4695372	9
chr20	4695372	4695374	10
chr20	4695374	4695383	11
chr20	4695383	4695390	9
chr20	4695390	4695393	8
chr20	4695393	4695396	9
chr20	4695396	4695400	8
chr20	4695400	4695403	9
chr20	4695403	4695415	11
chr20	4695415	4695418	10
chr20	4695418	4695423	9
chr20	4695423	4695425	7
chr20	4695425	4695426	6
chr20	4695426	4695432	7
chr20	4695432	4695448	8
chr20	4695448	4695450	7
chr20	4695450	4695469	6
chr20	4695469	4695476	5
chr20	4695476	4695479	4
chr20	4695479	4695489	2
chr20	4695489	4695492	3
chr20	4695492	4695497	4
chr20	4695497	4695502	5
chr20	4695502	4695503	4
chr20	4695503	4695508	5
chr20	4695508	4695532	4
chr20	4695532	4695535	5
chr20	4695535	4695564	6
chr20	4695564	4695565	7
chr20	4695565	4695568	6
chr20	4695568	4695572	5
chr20	4695572	4695579	4
chr20	4695579	4695580	3
chr20	4695580	4695608	4
chr20	4695608	4695611	3
chr20	4695611	4695639	2
chr20	4695639	4695656	1
chr20	4695656	4695664	0
chr20	4695664	4695735	1
chr20	4695735	4695740	2
chr20	4695740	4695747	1
chr20	4695747	4695753	2
chr20	4695753	4695759	3
chr20	4695759	4695765	4
chr20	4695765	4695790	5
chr20	4695790	4695792	7
chr20	4695792	4695803	8
chr20	4695803	4695809	9
chr20	4695809	4695811	10
chr20	4695811	4695812	9
chr20	4695812	4695823	7
chr20	4695823	4695825	6
chr20	4695825	4695828	7
chr20	4695828	4695840	6
chr20	4695840	4695842	5
chr20	4695842	4695866	6
chr20	4695866	4695868	4
chr20	4695868	4695885	3
chr20	4695885	4695891	2
chr20	4695891	4695901	3
chr20	4695901	4695905	2
chr20	4695905	4695912	1
chr20	4695912	4695917	2
chr20	4695917	4695953	3
chr20	4695953	4695966	5
chr20	4695966	4695967	6
chr20	4695967	4695971	5
chr20	4695971	4695981	7
chr20	4695981	4695988	9
chr20	4695988	4695998	8
chr20	4695998	4696009	9
chr20	4696009	4696029	10
chr20	4696029	4696040	8
chr20	4696040	4696041	9
chr20	4696041	4696043	8
chr20	4696043	4696047	7
chr20	4696047	4696048	6
chr20	4696048	4696050	7
chr20	4696050	4696057	9
chr20	4696057	4696069	7
chr20	4696069	4696074	6
chr20	4696074	4696082	5
chr20	4696082	4696085	7
chr20	4696085	4696112	6
chr20	4696112	4696116	7
chr20	4696116	4696124	6
chr20	4696124	4696126	4
chr20	4696126	4696132	3
chr20	4696132	4696136	4
chr20	4696136	4696137	5
chr20	4696137	4696151	7
chr20	4696151	4696159	8
chr20	4696159	4696161	9
chr20	4696161	4696186	10
chr20	4696186	4696188	11
chr20	4696188	4696196	10
chr20	4696196	4696201	11
chr20	4696201	4696212	12
chr20	4696212	4696213	11
chr20	4696213	4696219	10
chr20	4696219	4696220	11
chr20	4696220	4696227	12
chr20	4696227	4696232	11
chr20	4696232	4696234	10
chr20	4696234	4696235	9
chr20	4696235	4696237	8
chr20	4696237	4696246	7
chr20	4696246	4696255	8
chr20	4696255	4696260	10
chr20	4696260	4696262	11
chr20	4696262	4696277	10
chr20	4696277	4696279	9
chr20	4696279	4696284	10
chr20	4696284	4696289	9
chr20	4696289	4696292	8
chr20	4696292	4696293	9
chr20	4696293	4696295	10
chr20	4696295	4696312	8
chr20	4696312	4696321	9
chr20	4696321	4696330	8
chr20	4696330	4696335	7
chr20	4696335	4696341	6
chr20	4696341	4696344	8
chr20	4696344	4696348	9
chr20	4696348	4696355	8
chr20	4696355	4696366	7
chr20	4696366	4696367	6
chr20	4696367	4696368	7
chr20	4696368	4696371	6
chr20	4696371	4696372	7
chr20	4696372	4696387	8
chr20	4696387	4696388	9
chr20	4696388	4696402	8
chr20	4696402	4696406	9
chr20	4696406	4696417	8
chr20	4696417	4696420	6
chr20	4696420	4696436	5
chr20	4696436	4696437	6
chr20	4696437	4696438	7
chr20	4696438	4696441	8
chr20	4696441	4696443	9
chr20	4696443	4696445	8
chr20	4696445	4696447	10
chr20	4696447	4696463	8
chr20	4696463	4696477	7
chr20	4696477	4696493	6
chr20	4696493	4696507	7
chr20	4696507	4696512	8
chr20	4696512	4696513	7
chr20	4696513	4696516	5
chr20	4696516	4696521	4
chr20	4696521	4696542	2
chr20	4696542	4696556	3
chr20	4696556	4696569	4
chr20	4696569	4696572	3
chr20	4696572	4696578	4
chr20	4696578	4696583	6
chr20	4696583	4696618	5
chr20	4696618	4696619	4
chr20	4696619	4696632	5
chr20	4696632	4696640	4
chr20	4696640	4696643	5
chr20	4696643	4696647	6
chr20	4696647	4696653	5
chr20	4696653	4696654	4
chr20	4696654	4696664	3
chr20	4696664	4696677	4
chr20	4696677	4696687	5
chr20	4696687	4696695	6
chr20	4696695	4696704	5
chr20	4696704	4696708	6
chr20	4696708	4696716	7
chr20	4696716	4696719	6
chr20	4696719	4696740	5
chr20	4696740	4696753	4
chr20	4696753	4696762	3
chr20	4696762	4696763	5
chr20	4696763	4696764	4
chr20	4696764	4696777	5
chr20	4696777	4696779	6
chr20	4696779	4696780	7
chr20	4696780	4696783	6
chr20	4696783	4696789	5
chr20	4696789	4696808	7
chr20	4696808	4696810	8
chr20	4696810	4696814	9
chr20	4696814	4696818	10
chr20	4696818	4696831	11
chr20	4696831	4696837	12
chr20	4696837	4696838	10
chr20	4696838	4696840	9
chr20	4696840	4696842	8
chr20	4696842	4696855	9
chr20	4696855	4696865	8
chr20	4696865	4696869	6
chr20	4696869	4696872	7
chr20	4696872	4696883	8
chr20	4696883	4696884	7
chr20	4696884	4696885	8
chr20	4696885	4696890	7
chr20	4696890	4696894	6
chr20	4696894	4696906	5
chr20	4696906	4696917	4
chr20	4696917	4696918	3
chr20	4696918	4696922	4
chr20	4696922	4696930	5
chr20	4696930	4696944	6
chr20	4696944	4696945	5
chr20	4696945	4696948	6
chr20	4696948	4696952	5
chr20	4696952	4696954	6
chr20	4696954	4696960	7
chr20	4696960	4696966	6
chr20	4696966	4696982	7
chr20	4696982	4696992	8
chr20	4696992	4696994	9
chr20	4696994	4696998	8
chr20	4696998	4697006	7
chr20	4697006	4697016	6
chr20	4697016	4697021	7
chr20	4697021	4697030	6
chr20	4697030	4697042	5
chr20	4697042	4697055	4
chr20	4697055	4697058	5
chr20	4697058	4697068	4
chr20	4697068	4697075	3
chr20	4697075	4697087	4
chr20	4697087	4697091	5
chr20	4697091	4697092	6
chr20	4697092	4697104	5
chr20	4697104	4697131	4
chr20	4697131	4697151	3
chr20	4697151	4697163	2
chr20	4697163	4697167	1
chr20	4697167	4697210	0
chr20	4697210	4697218	1
chr20	4697218	4697232	2
chr20	4697232	4697236	3
chr20	4697236	4697245	4
chr20	4697245	4697250	5
chr20	4697250	4697261	6
chr20	4697261	4697265	7
chr20	4697265	4697267	8
chr20	4697267	4697285	10
chr20	4697285	4697291	9
chr20	4697291	4697294	10
chr20	4697294	4697308	9
chr20	4697308	4697310	8
chr20	4697310	4697312	9
chr20	4697312	4697319	8
chr20	4697319	4697321	9
chr20	4697321	4697325	8
chr20	4697325	4697337	7
chr20	4697337	4697340	6
chr20	4697340	4697342	5
chr20	4697342	4697343	6
chr20	4697343	4697354	4
chr20	4697354	4697357	5
chr20	4697357	4697365	6
chr20	4697365	4697370	7
chr20	4697370	4697372	8
chr20	4697372	4697377	9
chr20	4697377	4697384	10
chr20	4697384	4697386	11
chr20	4697386	4697390	10
chr20	4697390	4697393	11
chr20	4697393	4697395	12
chr20	4697395	4697417	11
chr20	4697417	4697426	10
chr20	4697426	4697430	11
chr20	4697430	4697431	10
chr20	4697431	4697433	11
chr20	4697433	4697434	10
chr20	4697434	4697436	11
chr20	4697436	4697440	12
chr20	4697440	4697443	11
chr20	4697443	4697446	10
chr20	4697446	4697448	9
chr20	4697448	4697453	8
chr20	4697453	4697460	7
chr20	4697460	4697466	6
chr20	4697466	4697469	5
chr20	4697469	4697485	4
chr20	4697485	4697488	5
chr20	4697488	4697495	6
chr20	4697495	4697497	7
chr20	4697497	4697502	8
chr20	4697502	4697507	7
chr20	4697507	4697510	6
chr20	4697510	4697512	5
chr20	4697512	4697516	4
chr20	4697516	4697542	5
chr20	4697542	4697554	6
chr20	4697554	4697560	7
chr20	4697560	4697562	6
chr20	4697562	4697563	7
chr20	4697563	4697564	6
chr20	4697564	4697566	7
chr20	4697566	4697571	8
chr20	4697571	4697573	7
chr20	4697573	4697578	6
chr20	4697578	4697592	7
chr20	4697592	4697612	6
chr20	4697612	4697613	7
chr20	4697613	4697618	9
chr20	4697618	4697624	12
chr20	4697624	4697629	13
chr20	4697629	4697637	12
chr20	4697637	4697639	11
chr20	4697639	4697640	12
chr20	4697640	4697642	11
chr20	4697642	4697648	10
chr20	4697648	4697653	11
chr20	4697653	4697654	13
chr20	4697654	4697656	12
chr20	4697656	4697665	13
chr20	4697665	4697666	15
chr20	4697666	4697668	16
chr20	4697668	4697684	17
chr20	4697684	4697688	18
chr20	4697688	4697689	17
chr20	4697689	4697694	15
chr20	4697694	4697695	11
chr20	4697695	4697700	12
chr20	4697700	4697707	11
chr20	4697707	4697715	12
chr20	4697715	4697718	11
chr20	4697718	4697724	12
chr20	4697724	4697729	11
chr20	4697729	4697732	9
chr20	4697732	4697736	8
chr20	4697736	4697741	9
chr20	4697741	4697742	8
chr20	4697742	4697750	6
chr20	4697750	4697753	7
chr20	4697753	4697760	8
chr20	4697760	4697768	7
chr20	4697768	4697769	8
chr20	4697769	4697771	9
chr20	4697771	4697779	8
chr20	4697779	4697782	9
chr20	4697782	4697790	8
chr20	4697790	4697792	9
chr20	4697792	4697794	10
chr20	4697794	4697796	9
chr20	4697796	4697800	10
chr20	4697800	4697805	11
chr20	4697805	4697812	12
chr20	4697812	4697813	11
chr20	4697813	4697816	13
chr20	4697816	4697826	12
chr20	4697826	4697844	11
chr20	4697844	4697845	10
chr20	4697845	4697851	9
chr20	4697851	4697855	11
chr20	4697855	4697856	10
chr20	4697856	4697866	11
chr20	4697866	4697868	10
chr20	4697868	4697874	9
chr20	4697874	4697875	10
chr20	4697875	4697878	11
chr20	4697878	4697881	12
chr20	4697881	4697889	11
chr20	4697889	4697894	9
chr20	4697894	4697904	10
chr20	4697904	4697905	11
chr20	4697905	4697913	10
chr20	4697913	4697914	11
chr20	4697914	4697923	12
chr20	4697923	4697925	11
chr20	4697925	4697927	12
chr20	4697927	4697930	10
chr20	4697930	4697931	13
chr20	4697931	4697935	14
chr20	4697935	4697942	15
chr20	4697942	4697947	14
chr20	4697947	4697952	13
chr20	4697952	4697954	12
chr20	4697954	4697958	11
chr20	4697958	4697959	13
chr20	4697959	4697960	15
chr20	4697960	4697961	16
chr20	4697961	4697962	17
chr20	4697962	4697966	18
chr20	4697966	4697970	19
chr20	4697970	4697978	18
chr20	4697978	4697980	20
chr20	4697980	4697987	19
chr20	4697987	4697989	20
chr20	4697989	4697990	19
chr20	4697990	4697998	18
chr20	4697998	4698005	19
chr20	4698005	4698006	20
chr20	4698006	4698009	17
chr20	4698009	4698010	18
chr20	4698010	4698011	19
chr20	4698011	4698027	18
chr20	4698027	4698034	17
chr20	4698034	4698035	15
chr20	4698035	4698037	13
chr20	4698037	4698042	11
chr20	4698042	4698045	10
chr20	4698045	4698049	11
chr20	4698049	4698050	13
chr20	4698050	4698054	14
chr20	4698054	4698063	12
chr20	4698063	4698073	11
chr20	4698073	4698075	10
chr20	4698075	4698078	11
chr20	4698078	4698081	12
chr20	4698081	4698083	11
chr20	4698083	4698084	10
chr20	4698084	4698086	9
chr20	4698086	4698101	8
chr20	4698101	4698112	9
chr20	4698112	4698121	8
chr20	4698121	4698123	7
chr20	4698123	4698125	8
chr20	4698125	4698126	6
chr20	4698126	4698133	5
chr20	4698133	4698134	6
chr20	4698134	4698137	8
chr20	4698137	4698150	10
chr20	4698150	4698153	9
chr20	4698153	4698154	10
chr20	4698154	4698160	9
chr20	4698160	4698161	10
chr20	4698161	4698177	9
chr20	4698177	4698178	8
chr20	4698178	4698198	9
chr20	4698198	4698199	10
chr20	4698199	4698201	9
chr20	4698201	4698209	10
chr20	4698209	4698210	9
chr20	4698210	4698212	7
chr20	4698212	4698220	6
chr20	4698220	4698225	7
chr20	4698225	4698229	8
chr20	4698229	4698236	11
chr20	4698236	4698243	12
chr20	4698243	4698247	13
chr20	4698247	4698248	14
chr20	4698248	4698254	15
chr20	4698254	4698265	14
chr20	4698265	4698266	15
chr20	4698266	4698267	16
chr20	4698267	4698268	18
chr20	4698268	4698274	19
chr20	4698274	4698277	18
chr20	4698277	4698289	17
chr20	4698289	4698294	16
chr20	4698294	4698296	17
chr20	4698296	4698298	16
chr20	4698298	4698301	17
chr20	4698301	4698305	16
chr20	4698305	4698312	12
chr20	4698312	4698319	10
chr20	4698319	4698323	9
chr20	4698323	4698324	8
chr20	4698324	4698341	7
chr20	4698341	4698343	5
chr20	4698343	4698344	3
chr20	4698344	4698345	2
chr20	4698345	4698358	3
chr20	4698358	4698360	4
chr20	4698360	4698368	5
chr20	4698368	4698374	6
chr20	4698374	4698394	5
chr20	4698394	4698421	6
chr20	4698421	4698425	5
chr20	4698425	4698429	6
chr20	4698429	4698431	7
chr20	4698431	4698433	8
chr20	4698433	4698434	9
chr20	4698434	4698436	8
chr20	4698436	4698443	7
chr20	4698443	4698445	6
chr20	4698445	4698470	5
chr20	4698470	4698476	4
chr20	4698476	4698497	7
chr20	4698497	4698501	9
chr20	4698501	4698502	8
chr20	4698502	4698505	9
chr20	4698505	4698507	8
chr20	4698507	4698509	7
chr20	4698509	4698533	6
chr20	4698533	4698547	7
chr20	4698547	4698551	8
chr20	4698551	4698552	6
chr20	4698552	4698573	4
chr20	4698573	4698577	2
chr20	4698577	4698578	3
chr20	4698578	4698582	4
chr20	4698582	4698601	5
chr20	4698601	4698609	6
chr20	4698609	4698620	5
chr20	4698620	4698638	6
chr20	4698638	4698642	7
chr20	4698642	4698644	9
chr20	4698644	4698653	10
chr20	4698653	4698654	9
chr20	4698654	4698658	8
chr20	4698658	4698663	7
chr20	4698663	4698672	8
chr20	4698672	4698674	9
chr20	4698674	4698677	10
chr20	4698677	4698681	9
chr20	4698681	4698684	10
chr20	4698684	4698685	11
chr20	4698685	4698696	12
chr20	4698696	4698699	11
chr20	4698699	4698704	10
chr20	4698704	4698709	11
chr20	4698709	4698714	12
chr20	4698714	4698718	11
chr20	4698718	4698723	9
chr20	4698723	4698733	10
chr20	4698733	4698739	11
chr20	4698739	4698745	10
chr20	4698745	4698748	11
chr20	4698748	4698750	10
chr20	4698750	4698757	9
chr20	4698757	4698758	8
chr20	4698758	4698760	9
chr20	4698760	4698761	8
chr20	4698761	4698777	7
chr20	4698777	4698780	8
chr20	4698780	4698785	7
chr20	4698785	4698796	6
chr20	4698796	4698799	5
chr20	4698799	4698800	4
chr20	4698800	4698809	5
chr20	4698809	4698811	4
chr20	4698811	4698817	5
chr20	4698817	4698821	6
chr20	4698821	4698834	5
chr20	4698834	4698853	4
chr20	4698853	4698857	3
chr20	4698857	4698865	4
chr20	4698865	4698868	5
chr20	4698868	4698875	6
chr20	4698875	4698882	5
chr20	4698882	4698887	7
chr20	4698887	4698892	6
chr20	4698892	4698895	5
chr20	4698895	4698910	6
chr20	4698910	4698933	7
chr20	4698933	4698937	6
chr20	4698937	4698939	7
chr20	4698939	4698941	8
chr20	4698941	4698944	7
chr20	4698944	4698948	6
chr20	4698948	4698958	8
chr20	4698958	4698967	6
chr20	4698967	4698971	7
chr20	4698971	4698972	6
chr20	4698972	4698981	10
chr20	4698981	4698986	11
chr20	4698986	4698992	10
chr20	4698992	4698993	11
chr20	4698993	4699010	12
chr20	4699010	4699013	13
chr20	4699013	4699015	12
chr20	4699015	4699023	11
chr20	4699023	4699024	10
chr20	4699024	4699025	9
chr20	4699025	4699030	10
chr20	4699030	4699040	12
chr20	4699040	4699042	13
chr20	4699042	4699044	12
chr20	4699044	4699048	13
chr20	4699048	4699053	10
chr20	4699053	4699057	13
chr20	4699057	4699067	12
chr20	4699067	4699069	11
chr20	4699069	4699071	10
chr20	4699071	4699072	11
chr20	4699072	4699074	12
chr20	4699074	4699086	13
chr20	4699086	4699098	12
chr20	4699098	4699100	11
chr20	4699100	4699104	10
chr20	4699104	4699106	11
chr20	4699106	4699107	9
chr20	4699107	4699113	8
chr20	4699113	4699115	9
chr20	4699115	4699120	8
chr20	4699120	4699129	9
chr20	4699129	4699146	6
chr20	4699146	4699148	5
chr20	4699148	4699149	4
chr20	4699149	4699150	6
chr20	4699150	4699151	5
chr20	4699151	4699153	6
chr20	4699153	4699155	7
chr20	4699155	4699163	8
chr20	4699163	4699176	9
chr20	4699176	4699180	10
chr20	4699180	4699182	8
chr20	4699182	4699189	10
chr20	4699189	4699190	9
chr20	4699190	4699195	10
chr20	4699195	4699196	9
chr20	4699196	4699197	8
chr20	4699197	4699203	9
chr20	4699203	4699206	10
chr20	4699206	4699207	11
chr20	4699207	4699209	12
chr20	4699209	4699210	13
chr20	4699210	4699211	632
chr20	4699211	4699212	630
chr20	4699212	4699213	626
chr20	4699213	4699214	629
chr20	4699214	4699215	625
chr20	4699215	4699216	655
chr20	4699216	4699217	657
chr20	4699217	4699218	675
chr20	4699218	4699219	677
chr20	4699219	4699220	678
chr20	4699220	4699221	680
chr20	4699221	4699222	688
chr20	4699222	4699223	705
chr20	4699223	4699224	707
chr20	4699224	4699225	719
chr20	4699225	4699226	724
chr20	4699226	4699227	727
chr20	4699227	4699228	726
chr20	4699228	4699229	727
chr20	4699229	4699230	759
chr20	4699230	4699231	783
chr20	4699231	4699232	796
chr20	4699232	4699234	824
chr20	4699234	4699235	822
chr20	4699235	4699236	820
chr20	4699236	4699237	836
chr20	4699237	4699238	844
chr20	4699238	4699239	856
chr20	4699239	4699240	857
chr20	4699240	4699241	864
chr20	4699241	4699242	859
chr20	4699242	4699244	856
chr20	4699244	4699245	879
chr20	4699245	4699246	847
chr20	4699246	4699247	861
chr20	4699247	4699248	896
chr20	4699248	4699249	866
chr20	4699249	4699250	823
chr20	4699250	4699251	820
chr20	4699251	4699252	808
chr20	4699252	4699253	774
chr20	4699253	4699254	769
chr20	4699254	4699255	755
chr20	4699255	4699256	731
chr20	4699256	4699257	709
chr20	4699257	4699258	695
chr20	4699258	4699259	686
chr20	4699259	4699260	669
chr20	4699260	4699261	668
chr20	4699261	4699262	681
chr20	4699262	4699263	680
chr20	4699263	4699264	686
chr20	4699264	4699265	671
chr20	4699265	4699266	667
chr20	4699266	4699267	663
chr20	4699267	4699268	662
chr20	4699268	4699270	659
chr20	4699270	4699271	655
chr20	4699271	4699272	654
chr20	4699272	4699274	653
chr20	4699274	4699275	661
chr20	4699275	4699276	656
chr20	4699276	4699277	652
chr20	4699277	4699278	635
chr20	4699278	4699279	630
chr20	4699279	4699280	627
chr20	4699280	4699281	628
chr20	4699281	4699282	611
chr20	4699282	4699283	615
chr20	4699283	4699284	618
chr20	4699284	4699285	617
chr20	4699285	4699286	635
chr20	4699286	4699287	642
chr20	4699287	4699288	650
chr20	4699288	4699289	653
chr20	4699289	4699290	657
chr20	4699290	4699291	646
chr20	4699291	4699292	651
chr20	4699292	4699293	649
chr20	4699293	4699294	636
chr20	4699294	4699295	640
chr20	4699295	4699297	651
chr20	4699297	4699298	646
chr20	4699298	4699299	629
chr20	4699299	4699300	626
chr20	4699300	4699301	633
chr20	4699301	4699302	639
chr20	4699302	4699303	643
chr20	4699303	4699304	639
chr20	4699304	4699305	638
chr20	4699305	4699306	621
chr20	4699306	4699307	600
chr20	4699307	4699308	597
chr20	4699308	4699309	561
chr20	4699309	4699310	562
chr20	4699310	4699311	564
chr20	4699311	4699312	571
chr20	4699312	4699313	563
chr20	4699313	4699314	547
chr20	4699314	4699315	542
chr20	4699315	4699316	554
chr20	4699316	4699317	551
chr20	4699317	4699318	570
chr20	4699318	4699319	575
chr20	4699319	4699320	567
chr20	4699320	4699321	532
chr20	4699321	4699322	520
chr20	4699322	4699323	493
chr20	4699323	4699324	437
chr20	4699324	4699325	440
chr20	4699325	4699326	444
chr20	4699326	4699327	443
chr20	4699327	4699329	447
chr20	4699329	4699330	439
chr20	4699330	4699331	436
chr20	4699331	4699333	435
chr20	4699333	4699334	442
chr20	4699334	4699336	447
chr20	4699336	4699337	448
chr20	4699337	4699338	432
chr20	4699338	4699339	426
chr20	4699339	4699340	424
chr20	4699340	4699341	423
chr20	4699341	4699342	424
chr20	4699342	4699343	436
chr20	4699343	4699344	432
chr20	4699344	4699345	434
chr20	4699345	4699346	435
chr20	4699346	4699347	433
chr20	4699347	4699348	429
chr20	4699348	4699349	422
chr20	4699349	4699350	419
chr20	4699350	4699351	420
chr20	4699351	4699352	417
chr20	4699352	4699353	414
chr20	4699353	4699354	416
chr20	4699354	4699355	414
chr20	4699355	4699356	412
chr20	4699356	4699357	427
chr20	4699357	4699358	428
chr20	4699358	4699359	419
chr20	4699359	4699360	408
chr20	4699360	4699361	409
chr20	4699361	4699362	387
chr20	4699362	4699363	382
chr20	4699363	4699364	378
chr20	4699364	4699365	365
chr20	4699365	4699366	362
#bedGraph section chr20:4699366-4700421
chr20	4699366	4699367	371
chr20	4699367	4699369	364
chr20	4699369	4699370	361
chr20	4699370	4699371	359
chr20	4699371	4699372	352
chr20	4699372	4699373	349
chr20	4699373	4699374	348
chr20	4699374	4699375	346
chr20	4699375	4699376	343
chr20	4699376	4699377	328
chr20	4699377	4699378	316
chr20	4699378	4699379	310
chr20	4699379	4699380	306
chr20	4699380	4699381	305
chr20	4699381	4699382	295
chr20	4699382	4699383	292
chr20	4699383	4699384	290
chr20	4699384	4699385	289
chr20	4699385	4699387	288
chr20	4699387	4699388	294
chr20	4699388	4699391	291
chr20	4699391	4699392	279
chr20	4699392	4699393	272
chr20	4699393	4699394	258
chr20	4699394	4699395	250
chr20	4699395	4699397	249
chr20	4699397	4699398	243
chr20	4699398	4699399	244
chr20	4699399	4699401	242
chr20	4699401	4699402	241
chr20	4699402	4699403	238
chr20	4699403	4699404	229
chr20	4699404	4699405	226
chr20	4699405	4699406	225
chr20	4699406	4699408	226
chr20	4699408	4699409	217
chr20	4699409	4699410	210
chr20	4699410	4699411	205
chr20	4699411	4699412	219
chr20	4699412	4699413	214
chr20	4699413	4699414	208
chr20	4699414	4699415	204
chr20	4699415	4699416	198
chr20	4699416	4699417	199
chr20	4699417	4699418	197
chr20	4699418	4699419	195
chr20	4699419	4699420	194
chr20	4699420	4699421	199
chr20	4699421	4699422	195
chr20	4699422	4699423	205
chr20	4699423	4699424	209
chr20	4699424	4699425	212
chr20	4699425	4699426	214
chr20	4699426	4699427	213
chr20	4699427	4699428	218
chr20	4699428	4699430	221
chr20	4699430	4699432	223
chr20	4699432	4699434	211
chr20	4699434	4699435	218
chr20	4699435	4699436	231
chr20	4699436	4699437	229
chr20	4699437	4699438	232
chr20	4699438	4699440	235
chr20	4699440	4699441	237
chr20	4699441	4699442	236
chr20	4699442	4699443	232
chr20	4699443	4699444	231
chr20	4699444	4699445	236
chr20	4699445	4699446	235
chr20	4699446	4699447	233
chr20	4699447	4699448	239
chr20	4699448	4699449	246
chr20	4699449	4699450	248
chr20	4699450	4699451	253
chr20	4699451	4699452	257
chr20	4699452	4699453	272
chr20	4699453	4699454	273
chr20	4699454	4699455	276
chr20	4699455	4699456	281
chr20	4699456	4699457	285
chr20	4699457	4699458	296
chr20	4699458	4699459	304
chr20	4699459	4699460	343
chr20	4699460	4699461	352
chr20	4699461	4699462	364
chr20	4699462	4699464	374
chr20	4699464	4699466	388
chr20	4699466	4699467	398
chr20	4699467	4699468	399
chr20	4699468	4699470	419
chr20	4699470	4699471	432
chr20	4699471	4699472	435
chr20	4699472	4699473	436
chr20	4699473	4699474	443
chr20	4699474	4699475	446
chr20	4699475	4699477	454
chr20	4699477	4699478	452
chr20	4699478	4699479	455
chr20	4699479	4699480	457
chr20	4699480	4699481	454
chr20	4699481	4699482	458
chr20	4699482	4699483	468
chr20	4699483	4699484	513
chr20	4699484	4699485	527
chr20	4699485	4699486	536
chr20	4699486	4699487	539
chr20	4699487	4699488	540
chr20	4699488	4699489	549
chr20	4699489	4699490	548
chr20	4699490	4699491	574
chr20	4699491	4699492	581
chr20	4699492	4699493	583
chr20	4699493	4699494	607
chr20	4699494	4699495	599
chr20	4699495	4699496	605
chr20	4699496	4699497	603
chr20	4699497	4699498	616
chr20	4699498	4699499	608
chr20	4699499	4699500	613
chr20	4699500	4699501	621
chr20	4699501	4699503	646
chr20	4699503	4699504	705
chr20	4699504	4699505	729
chr20	4699505	4699507	754
chr20	4699507	4699508	762
chr20	4699508	4699509	771
chr20	4699509	4699510	773
chr20	4699510	4699511	777
chr20	4699511	4699512	779
chr20	4699512	4699513	800
chr20	4699513	4699514	815
chr20	4699514	4699515	822
chr20	4699515	4699516	844
chr20	4699516	4699517	852
chr20	4699517	4699518	859
chr20	4699518	4699519	857
chr20	4699519	4699520	858
chr20	4699520	4699521	860
chr20	4699521	4699522	867
chr20	4699522	4699523	905
chr20	4699523	4699524	910
chr20	4699524	4699525	915
chr20	4699525	4699526	932
chr20	4699526	4699527	927
chr20	4699527	4699528	931
chr20	4699528	4699529	913
chr20	4699529	4699530	919
chr20	4699530	4699531	917
chr20	4699531	4699532	914
chr20	4699532	4699533	965
chr20	4699533	4699535	1026
chr20	4699535	4699536	1008
chr20	4699536	4699537	1005
chr20	4699537	4699538	993
chr20	4699538	4699539	981
chr20	4699539	4699540	976
chr20	4699540	4699541	963
chr20	4699541	4699542	960
chr20	4699542	4699543	948
chr20	4699543	4699544	956
chr20	4699544	4699546	943
chr20	4699546	4699547	934
chr20	4699547	4699548	940
chr20	4699548	4699549	949
chr20	4699549	4699550	950
chr20	4699550	4699552	961
chr20	4699552	4699553	995
chr20	4699553	4699554	1004
chr20	4699554	4699555	1007
chr20	4699555	4699556	1018
chr20	4699556	4699557	1030
chr20	4699557	4699558	1032
chr20	4699558	4699559	1027
chr20	4699559	4699560	984
chr20	4699560	4699561	976
chr20	4699561	4699562	964
chr20	4699562	4699563	965
chr20	4699563	4699564	959
chr20	4699564	4699565	953
chr20	4699565	4699566	966
chr20	4699566	4699567	949
chr20	4699567	4699568	948
chr20	4699568	4699569	950
chr20	4699569	4699570	967
chr20	4699570	4699571	984
chr20	4699571	4699572	982
chr20	4699572	4699573	1000
chr20	4699573	4699574	988
chr20	4699574	4699575	991
chr20	4699575	4699576	992
chr20	4699576	4699577	984
chr20	4699577	4699578	951
chr20	4699578	4699579	942
chr20	4699579	4699580	893
chr20	4699580	4699581	883
chr20	4699581	4699582	860
chr20	4699582	4699583	915
chr20	4699583	4699584	937
chr20	4699584	4699585	939
chr20	4699585	4699586	960
chr20	4699586	4699587	959
chr20	4699587	4699588	989
chr20	4699588	4699589	976
chr20	4699589	4699590	964
chr20	4699590	4699591	977
chr20	4699591	4699592	965
chr20	4699592	4699593	1022
chr20	4699593	4699594	1021
chr20	4699594	4699595	1019
chr20	4699595	4699596	1049
chr20	4699596	4699597	1056
chr20	4699597	4699598	1089
chr20	4699598	4699599	1074
chr20	4699599	4699600	1069
chr20	4699600	4699601	1071
chr20	4699601	4699602	1066
chr20	4699602	4699603	1068
chr20	4699603	4699604	1080
chr20	4699604	4699605	1085
chr20	4699605	4699606	1081
chr20	4699606	4699607	1116
chr20	4699607	4699608	1201
chr20	4699608	4699609	1171
chr20	4699609	4699610	1126
chr20	4699610	4699611	1125
chr20	4699611	4699612	1114
chr20	4699612	4699613	1111
chr20	4699613	4699614	1118
chr20	4699614	4699615	1127
chr20	4699615	4699616	1125
chr20	4699616	4699617	1197
chr20	4699617	4699618	1248
chr20	4699618	4699619	1284
chr20	4699619	4699620	1286
chr20	4699620	4699621	1301
chr20	4699621	4699622	1319
chr20	4699622	4699623	1337
chr20	4699623	4699624	1340
chr20	4699624	4699625	1348
chr20	4699625	4699626	1343
chr20	4699626	4699627	1345
chr20	4699627	4699628	1372
chr20	4699628	4699629	1349
chr20	4699629	4699630	1354
chr20	4699630	4699631	1362
chr20	4699631	4699632	1355
chr20	4699632	4699633	1343
chr20	4699633	4699634	1366
chr20	4699634	4699635	1367
chr20	4699635	4699636	1420
chr20	4699636	4699637	1444
chr20	4699637	4699638	1483
chr20	4699638	4699639	1522
chr20	4699639	4699640	1528
chr20	4699640	4699641	1541
chr20	4699641	4699642	1563
chr20	4699642	4699643	1571
chr20	4699643	4699644	1574
chr20	4699644	4699645	1570
chr20	4699645	4699646	1532
chr20	4699646	4699647	1527
chr20	4699647	4699648	1542
chr20	4699648	4699649	1561
chr20	4699649	4699650	1567
chr20	4699650	4699651	1568
chr20	4699651	4699652	1581
chr20	4699652	4699653	1589
chr20	4699653	4699654	1622
chr20	4699654	4699655	1650
chr20	4699655	4699656	1676
chr20	4699656	4699657	1698
chr20	4699657	4699658	1706
chr20	4699658	4699659	1693
chr20	4699659	4699660	1674
chr20	4699660	4699661	1700
chr20	4699661	4699662	1790
chr20	4699662	4699663	1816
chr20	4699663	4699664	1791
chr20	4699664	4699665	1788
chr20	4699665	4699666	1776
chr20	4699666	4699667	1766
chr20	4699667	4699668	1758
chr20	4699668	4699669	1709
chr20	4699669	4699670	1703
chr20	4699670	4699671	1725
chr20	4699671	4699672	1762
chr20	4699672	4699673	1823
chr20	4699673	4699674	1839
chr20	4699674	4699675	1856
chr20	4699675	4699676	1850
chr20	4699676	4699677	1871
chr20	4699677	4699678	1872
chr20	4699678	4699679	1901
chr20	4699679	4699680	1884
chr20	4699680	4699681	1905
chr20	4699681	4699682	1916
chr20	4699682	4699683	1953
chr20	4699683	4699684	1884
chr20	4699684	4699685	1871
chr20	4699685	4699686	1904
chr20	4699686	4699687	1913
chr20	4699687	4699688	1912
chr20	4699688	4699689	1916
chr20	4699689	4699690	1910
chr20	4699690	4699691	1967
chr20	4699691	4699692	2004
chr20	4699692	4699693	1963
chr20	4699693	4699694	1928
chr20	4699694	4699695	1924
chr20	4699695	4699696	1971
chr20	4699696	4699697	1956
chr20	4699697	4699698	1979
chr20	4699698	4699699	1962
chr20	4699699	4699700	1990
chr20	4699700	4699701	2078
chr20	4699701	4699702	2070
chr20	4699702	4699703	2095
chr20	4699703	4699704	2059
chr20	4699704	4699705	2070
chr20	4699705	4699706	2095
chr20	4699706	4699707	2099
chr20	4699707	4699708	2097
chr20	4699708	4699709	2120
chr20	4699709	4699710	2113
chr20	4699710	4699711	2112
chr20	4699711	4699712	2061
chr20	4699712	4699713	2057
chr20	4699713	4699714	2065
chr20	4699714	4699715	2043
chr20	4699715	4699716	2034
chr20	4699716	4699717	2035
chr20	4699717	4699718	2022
chr20	4699718	4699719	2018
chr20	4699719	4699720	2044
chr20	4699720	4699721	2057
chr20	4699721	4699722	2061
chr20	4699722	4699723	2072
chr20	4699723	4699724	2079
chr20	4699724	4699725	2056
chr20	4699725	4699726	2067
chr20	4699726	4699727	2166
chr20	4699727	4699728	2197
chr20	4699728	4699729	2208
chr20	4699729	4699730	2182
chr20	4699730	4699731	2186
chr20	4699731	4699732	2179
chr20	4699732	4699733	2227
chr20	4699733	4699734	2237
chr20	4699734	4699735	2198
chr20	4699735	4699736	2264
chr20	4699736	4699737	2228
chr20	4699737	4699738	2145
chr20	4699738	4699739	2177
chr20	4699739	4699740	2172
chr20	4699740	4699741	2212
chr20	4699741	4699742	2247
chr20	4699742	4699743	2253
chr20	4699743	4699744	2258
chr20	4699744	4699745	2271
chr20	4699745	4699746	2298
chr20	4699746	4699747	2291
chr20	4699747	4699748	2241
chr20	4699748	4699749	2179
chr20	4699749	4699750	2139
chr20	4699750	4699751	2143
chr20	4699751	4699752	2193
chr20	4699752	4699753	2160
chr20	4699753	4699754	2158
chr20	4699754	4699755	2127
chr20	4699755	4699756	2121
chr20	4699756	4699757	2197
chr20	4699757	4699758	2226
chr20	4699758	4699759	2153
chr20	4699759	4699760	2161
chr20	4699760	4699761	2149
chr20	4699761	4699762	2135
chr20	4699762	4699763	2157
chr20	4699763	4699764	2190
chr20	4699764	4699765	2248
chr20	4699765	4699766	2321
chr20	4699766	4699767	2269
chr20	4699767	4699768	2256
chr20	4699768	4699769	2240
chr20	4699769	4699770	2252
chr20	4699770	4699771	2244
chr20	4699771	4699772	2214
chr20	4699772	4699773	2236
chr20	4699773	4699775	2208
chr20	4699775	4699776	2183
chr20	4699776	4699777	2100
chr20	4699777	4699778	2190
chr20	4699778	4699779	2232
chr20	4699779	4699780	2254
chr20	4699780	4699781	2286
chr20	4699781	4699782	2259
chr20	4699782	4699783	2269
chr20	4699783	4699784	2283
chr20	4699784	4699785	2282
chr20	4699785	4699786	2264
chr20	4699786	4699787	2269
chr20	4699787	4699788	2296
chr20	4699788	4699789	2316
chr20	4699789	4699790	2278
chr20	4699790	4699791	2269
chr20	4699791	4699792	2312
chr20	4699792	4699793	2290
chr20	4699793	4699794	2309
chr20	4699794	4699795	2308
chr20	4699795	4699796	2290
chr20	4699796	4699797	2287
chr20	4699797	4699798	2281
chr20	4699798	4699799	2261
chr20	4699799	4699800	2243
chr20	4699800	4699801	2225
chr20	4699801	4699802	2301
chr20	4699802	4699803	2205
chr20	4699803	4699804	2228
chr20	4699804	4699805	2235
chr20	4699805	4699806	2267
chr20	4699806	4699807	2244
chr20	4699807	4699808	2231
chr20	4699808	4699809	2173
chr20	4699809	4699810	2171
chr20	4699810	4699811	2176
chr20	4699811	4699812	2146
chr20	4699812	4699813	2189
chr20	4699813	4699814	2454
chr20	4699814	4699815	2444
chr20	4699815	4699816	2556
chr20	4699816	4699817	2518
chr20	4699817	4699818	2491
chr20	4699818	4699819	2476
chr20	4699819	4699820	2488
chr20	4699820	4699821	2464
chr20	4699821	4699822	2458
chr20	4699822	4699823	2453
chr20	4699823	4699824	2440
chr20	4699824	4699825	2438
chr20	4699825	4699826	2478
chr20	4699826	4699827	2460
chr20	4699827	4699828	2448
chr20	4699828	4699829	2453
chr20	4699829	4699830	2454
chr20	4699830	4699831	2473
chr20	4699831	4699832	2460
chr20	4699832	4699833	2375
chr20	4699833	4699834	2343
chr20	4699834	4699835	2340
chr20	4699835	4699836	2336
chr20	4699836	4699837	2366
chr20	4699837	4699838	2376
chr20	4699838	4699839	2353
chr20	4699839	4699840	2313
chr20	4699840	4699841	2260
chr20	4699841	4699842	2221
chr20	4699842	4699843	2235
chr20	4699843	4699844	2213
chr20	4699844	4699845	2211
chr20	4699845	4699846	2182
chr20	4699846	4699847	2171
chr20	4699847	4699848	2164
chr20	4699848	4699849	2141
chr20	4699849	4699850	2160
chr20	4699850	4699851	2159
chr20	4699851	4699852	2152
chr20	4699852	4699853	2160
chr20	4699853	4699854	2123
chr20	4699854	4699855	2050
chr20	4699855	4699856	2040
chr20	4699856	4699857	1990
chr20	4699857	4699858	1993
chr20	4699858	4699859	1979
chr20	4699859	4699860	1969
chr20	4699860	4699861	1958
chr20	4699861	4699862	1942
chr20	4699862	4699863	1958
chr20	4699863	4699864	1926
chr20	4699864	4699865	1918
chr20	4699865	4699866	1908
chr20	4699866	4699867	1926
chr20	4699867	4699868	1889
chr20	4699868	4699869	1897
chr20	4699869	4699870	1856
chr20	4699870	4699871	1862
chr20	4699871	4699872	1838
chr20	4699872	4699873	1847
chr20	4699873	4699874	1883
chr20	4699874	4699875	1882
chr20	4699875	4699876	1888
chr20	4699876	4699877	1892
chr20	4699877	4699878	1805
chr20	4699878	4699880	1897
chr20	4699880	4699881	1912
chr20	4699881	4699882	1863
chr20	4699882	4699883	1865
chr20	4699883	4699884	1876
chr20	4699884	4699885	1939
chr20	4699885	4699886	1918
chr20	4699886	4699887	1922
chr20	4699887	4699888	1884
chr20	4699888	4699889	1831
chr20	4699889	4699890	1534
chr20	4699890	4699891	1494
chr20	4699891	4699892	1375
chr20	4699892	4699893	1371
chr20	4699893	4699894	1377
chr20	4699894	4699895	1386
chr20	4699895	4699896	1376
chr20	4699896	4699897	1370
chr20	4699897	4699898	1362
chr20	4699898	4699899	1348
chr20	4699899	4699900	1347
chr20	4699900	4699901	1325
chr20	4699901	4699902	1346
chr20	4699902	4699903	1344
chr20	4699903	4699904	1308
chr20	4699904	4699905	1317
chr20	4699905	4699906	1331
chr20	4699906	4699907	1351
chr20	4699907	4699908	1365
chr20	4699908	4699909	1460
chr20	4699909	4699910	1462
chr20	4699910	4699911	1457
chr20	4699911	4699912	1474
chr20	4699912	4699913	1436
chr20	4699913	4699914	1406
chr20	4699914	4699915	1411
chr20	4699915	4699916	1418
chr20	4699916	4699917	1453
chr20	4699917	4699918	1423
chr20	4699918	4699919	1460
chr20	4699919	4699920	1479
chr20	4699920	4699921	1480
chr20	4699921	4699922	1506
chr20	4699922	4699923	1523
chr20	4699923	4699924	1524
chr20	4699924	4699925	1566
chr20	4699925	4699926	1574
chr20	4699926	4699927	1595
chr20	4699927	4699928	1620
chr20	4699928	4699929	1608
chr20	4699929	4699930	1560
chr20	4699930	4699931	1554
chr20	4699931	4699932	1544
chr20	4699932	4699933	1548
chr20	4699933	4699934	1538
chr20	4699934	4699935	1532
chr20	4699935	4699936	1557
chr20	4699936	4699937	1550
chr20	4699937	4699938	1556
chr20	4699938	4699939	1560
chr20	4699939	4699940	1567
chr20	4699940	4699941	1542
chr20	4699941	4699942	1546
chr20	4699942	4699943	1531
chr20	4699943	4699944	1549
chr20	4699944	4699945	1618
chr20	4699945	4699946	1671
chr20	4699946	4699947	1823
chr20	4699947	4699948	1838
chr20	4699948	4699949	1845
chr20	4699949	4699950	1839
chr20	4699950	4699951	1850
chr20	4699951	4699952	1865
chr20	4699952	4699953	1862
chr20	4699953	4699954	1894
chr20	4699954	4699955	1809
chr20	4699955	4699956	1762
chr20	4699956	4699957	1753
chr20	4699957	4699958	1763
chr20	4699958	4699959	1759
chr20	4699959	4699960	1753
chr20	4699960	4699961	1721
chr20	4699961	4699962	1730
chr20	4699962	4699963	1715
chr20	4699963	4699964	1752
chr20	4699964	4699965	1760
chr20	4699965	4699966	1745
chr20	4699966	4699967	1753
chr20	4699967	4699968	1777
chr20	4699968	4699969	1770
chr20	4699969	4699970	1775
chr20	4699970	4699971	1795
chr20	4699971	4699972	1809
chr20	4699972	4699973	1813
chr20	4699973	4699974	1829
chr20	4699974	4699975	1832
chr20	4699975	4699976	1837
chr20	4699976	4699977	1875
chr20	4699977	4699978	1823
chr20	4699978	4699979	1820
chr20	4699979	4699980	1822
chr20	4699980	4699981	1827
chr20	4699981	4699982	1821
chr20	4699982	4699983	1880
chr20	4699983	4699984	1914
chr20	4699984	4699985	1851
chr20	4699985	4699986	1871
chr20	4699986	4699987	1885
chr20	4699987	4699988	1875
chr20	4699988	4699990	1867
chr20	4699990	4699991	1894
chr20	4699991	4699992	1906
chr20	4699992	4699993	1915
chr20	4699993	4699994	1924
chr20	4699994	4699995	1874
chr20	4699995	4699996	1866
chr20	4699996	4699997	1845
chr20	4699997	4699998	1822
chr20	4699998	4699999	1806
chr20	4699999	4700000	1788
chr20	4700000	4700001	1734
chr20	4700001	4700002	1696
chr20	4700002	4700003	1672
chr20	4700003	4700004	1636
chr20	4700004	4700005	1641
chr20	4700005	4700006	1650
chr20	4700006	4700007	1675
chr20	4700007	4700008	1682
chr20	4700008	4700009	1693
chr20	4700009	4700010	1698
chr20	4700010	4700011	1704
chr20	4700011	4700012	1682
chr20	4700012	4700013	1691
chr20	4700013	4700014	1684
chr20	4700014	4700015	1687
chr20	4700015	4700016	1749
chr20	4700016	4700017	1781
chr20	4700017	4700018	1782
chr20	4700018	4700019	1786
chr20	4700019	4700020	1762
chr20	4700020	4700021	1695
chr20	4700021	4700022	1654
chr20	4700022	4700023	1556
chr20	4700023	4700024	1558
chr20	4700024	4700025	1562
chr20	4700025	4700026	1542
chr20	4700026	4700027	1528
chr20	4700027	4700028	1506
chr20	4700028	4700029	1515
chr20	4700029	4700030	1487
chr20	4700030	4700031	1489
chr20	4700031	4700032	1484
chr20	4700032	4700033	1471
chr20	4700033	4700034	1479
chr20	4700034	4700035	1483
chr20	4700035	4700036	1532
chr20	4700036	4700037	1511
chr20	4700037	4700038	1549
chr20	4700038	4700039	1543
chr20	4700039	4700041	1511
chr20	4700041	4700042	1536
chr20	4700042	4700043	1546
chr20	4700043	4700044	1561
chr20	4700044	4700045	1559
chr20	4700045	4700046	1584
chr20	4700046	4700047	1561
chr20	4700047	4700048	1558
chr20	4700048	4700049	1559
chr20	4700049	4700050	1555
chr20	4700050	4700051	1568
chr20	4700051	4700052	1593
chr20	4700052	4700053	1584
chr20	4700053	4700054	1581
chr20	4700054	4700055	1655
chr20	4700055	4700056	1719
chr20	4700056	4700057	1743
chr20	4700057	4700058	1737
chr20	4700058	4700059	1648
chr20	4700059	4700060	1602
chr20	4700060	4700061	1600
chr20	4700061	4700062	1577
chr20	4700062	4700063	1584
chr20	4700063	4700064	1613
chr20	4700064	4700065	1619
chr20	4700065	4700066	1658
chr20	4700066	4700067	1632
chr20	4700067	4700068	1599
chr20	4700068	4700069	1624
chr20	4700069	4700070	1683
chr20	4700070	4700071	1786
chr20	4700071	4700072	1783
chr20	4700072	4700073	1800
chr20	4700073	4700074	1802
chr20	4700074	4700075	1839
chr20	4700075	4700076	1842
chr20	4700076	4700077	1920
chr20	4700077	4700078	1930
chr20	4700078	4700079	1936
chr20	4700079	4700081	1921
chr20	4700081	4700082	1920
chr20	4700082	4700083	1899
chr20	4700083	4700084	1890
chr20	4700084	4700085	1874
chr20	4700085	4700086	1869
chr20	4700086	4700087	1867
chr20	4700087	4700088	1889
chr20	4700088	4700089	1918
chr20	4700089	4700090	1912
chr20	4700090	4700091	1890
chr20	4700091	4700092	1841
chr20	4700092	4700093	1811
chr20	4700093	4700094	1993
chr20	4700094	4700095	2034
chr20	4700095	4700096	2097
chr20	4700096	4700097	2146
chr20	4700097	4700098	2136
chr20	4700098	4700099	2103
chr20	4700099	4700100	2112
chr20	4700100	4700101	2105
chr20	4700101	4700102	2124
chr20	4700102	4700103	2134
chr20	4700103	4700104	2177
chr20	4700104	4700105	2154
chr20	4700105	4700106	2184
chr20	4700106	4700107	2191
chr20	4700107	4700108	2181
chr20	4700108	4700109	2198
chr20	4700109	4700110	2203
chr20	4700110	4700111	2177
chr20	4700111	4700112	2123
chr20	4700112	4700113	2110
chr20	4700113	4700114	2066
chr20	4700114	4700115	2083
chr20	4700115	4700116	2100
chr20	4700116	4700117	2084
chr20	4700117	4700118	2063
chr20	4700118	4700119	2047
chr20	4700119	4700120	2052
chr20	4700120	4700121	2060
chr20	4700121	4700122	2025
chr20	4700122	4700123	2087
chr20	4700123	4700124	2084
chr20	4700124	4700125	2096
chr20	4700125	4700126	2085
chr20	4700126	4700127	2074
chr20	4700127	4700128	2058
chr20	4700128	4700129	2049
chr20	4700129	4700130	2046
chr20	4700130	4700131	1976
chr20	4700131	4700132	1906
chr20	4700132	4700133	1907
chr20	4700133	4700134	1922
chr20	4700134	4700135	2026
chr20	4700135	4700136	2250
chr20	4700136	4700137	2323
chr20	4700137	4700138	2346
chr20	4700138	4700139	2333
chr20	4700139	4700140	2299
chr20	4700140	4700141	2337
chr20	4700141	4700142	2295
chr20	4700142	4700143	2293
chr20	4700143	4700144	2281
chr20	4700144	4700145	2228
chr20	4700145	4700146	2152
chr20	4700146	4700147	2189
chr20	4700147	4700148	2187
chr20	4700148	4700149	2174
chr20	4700149	4700150	2169
chr20	4700150	4700151	2143
chr20	4700151	4700152	2138
chr20	4700152	4700153	2170
chr20	4700153	4700154	2167
chr20	4700154	4700155	2187
chr20	4700155	4700156	2194
chr20	4700156	4700157	2247
chr20	4700157	4700158	2251
chr20	4700158	4700159	2278
chr20	4700159	4700160	2299
chr20	4700160	4700161	2316
chr20	4700161	4700162	2312
chr20	4700162	4700163	2325
chr20	4700163	4700164	2315
chr20	4700164	4700165	2274
chr20	4700165	4700166	2291
chr20	4700166	4700167	2293
chr20	4700167	4700168	2277
chr20	4700168	4700169	2257
chr20	4700169	4700170	2088
chr20	4700170	4700171	2034
chr20	4700171	4700172	1971
chr20	4700172	4700173	1908
chr20	4700173	4700174	1999
chr20	4700174	4700175	1964
chr20	4700175	4700176	1961
chr20	4700176	4700177	1958
chr20	4700177	4700178	1952
chr20	4700178	4700179	1990
chr20	4700179	4700180	2011
chr20	4700180	4700181	2010
chr20	4700181	4700182	1965
chr20	4700182	4700183	1955
chr20	4700183	4700184	1995
chr20	4700184	4700185	1972
chr20	4700185	4700186	1964
chr20	4700186	4700187	1973
chr20	4700187	4700188	1983
chr20	4700188	4700189	2023
chr20	4700189	4700190	2037
chr20	4700190	4700191	2021
chr20	4700191	4700192	2020
chr20	4700192	4700193	2023
chr20	4700193	4700194	2019
chr20	4700194	4700195	2045
chr20	4700195	4700196	2051
chr20	4700196	4700197	2076
chr20	4700197	4700198	2089
chr20	4700198	4700199	2033
chr20	4700199	4700200	2036
chr20	4700200	4700201	2056
chr20	4700201	4700202	2098
chr20	4700202	4700203	2094
chr20	4700203	4700204	2075
chr20	4700204	4700205	2076
chr20	4700205	4700206	2117
chr20	4700206	4700207	2128
chr20	4700207	4700208	2146
chr20	4700208	4700209	2161
chr20	4700209	4700210	2139
chr20	4700210	4700211	2190
chr20	4700211	4700212	1979
chr20	4700212	4700213	1916
chr20	4700213	4700214	1887
chr20	4700214	4700215	1884
chr20	4700215	4700216	1909
chr20	4700216	4700217	1891
chr20	4700217	4700218	1908
chr20	4700218	4700219	1918
chr20	4700219	4700220	1919
chr20	4700220	4700221	1916
chr20	4700221	4700222	1937
chr20	4700222	4700223	1812
chr20	4700223	4700224	1822
chr20	4700224	4700225	1831
chr20	4700225	4700226	1843
chr20	4700226	4700227	1895
chr20	4700227	4700228	1946
chr20	4700228	4700229	1869
chr20	4700229	4700230	1872
chr20	4700230	4700231	1878
chr20	4700231	4700232	1843
chr20	4700232	4700233	1815
chr20	4700233	4700234	1796
chr20	4700234	4700235	1786
chr20	4700235	4700236	1764
chr20	4700236	4700237	1760
chr20	4700237	4700238	1770
chr20	4700238	4700239	1761
chr20	4700239	4700240	1762
chr20	4700240	4700241	1759
chr20	4700241	4700242	1750
chr20	4700242	4700243	1772
chr20	4700243	4700244	1791
chr20	4700244	4700245	1794
chr20	4700245	4700246	1789
chr20	4700246	4700247	1818
chr20	4700247	4700248	1827
chr20	4700248	4700249	1850
chr20	4700249	4700250	1777
chr20	4700250	4700251	1781
chr20	4700251	4700252	1793
chr20	4700252	4700253	1819
chr20	4700253	4700254	1806
chr20	4700254	4700255	1776
chr20	4700255	4700256	1727
chr20	4700256	4700257	1729
chr20	4700257	4700258	1737
chr20	4700258	4700259	1745
chr20	4700259	4700260	1738
chr20	4700260	4700262	1766
chr20	4700262	4700263	1776
chr20	4700263	4700264	1766
chr20	4700264	4700265	1724
chr20	4700265	4700266	1709
chr20	4700266	4700267	1728
chr20	4700267	4700268	1709
chr20	4700268	4700269	1714
chr20	4700269	4700270	1718
chr20	4700270	4700271	1699
chr20	4700271	4700272	1659
chr20	4700272	4700273	1634
chr20	4700273	4700274	1642
chr20	4700274	4700275	1669
chr20	4700275	4700276	1660
chr20	4700276	4700277	1658
chr20	4700277	4700278	1607
chr20	4700278	4700279	1602
chr20	4700279	4700280	1621
chr20	4700280	4700281	1614
chr20	4700281	4700282	1569
chr20	4700282	4700283	1554
chr20	4700283	4700284	1518
chr20	4700284	4700285	1546
chr20	4700285	4700286	1544
chr20	4700286	4700287	1463
chr20	4700287	4700288	1442
chr20	4700288	4700289	1444
chr20	4700289	4700290	1460
chr20	4700290	4700291	1514
chr20	4700291	4700292	1488
chr20	4700292	4700293	1508
chr20	4700293	4700294	1513
chr20	4700294	4700295	1546
chr20	4700295	4700296	1558
chr20	4700296	4700297	1573
chr20	4700297	4700298	1591
chr20	4700298	4700299	1632
chr20	4700299	4700300	1655
chr20	4700300	4700301	1651
chr20	4700301	4700302	1646
chr20	4700302	4700303	1571
chr20	4700303	4700304	1517
chr20	4700304	4700305	1503
chr20	4700305	4700306	1537
chr20	4700306	4700307	1569
chr20	4700307	4700308	1563
chr20	4700308	4700309	1609
chr20	4700309	4700310	1611
chr20	4700310	4700311	1675
chr20	4700311	4700312	1696
chr20	4700312	4700313	1729
chr20	4700313	4700314	1728
chr20	4700314	4700315	1724
chr20	4700315	4700316	1739
chr20	4700316	4700317	1778
chr20	4700317	4700318	1815
chr20	4700318	4700319	1798
chr20	4700319	4700320	1784
chr20	4700320	4700321	1786
chr20	4700321	4700322	1789
chr20	4700322	4700323	1788
chr20	4700323	4700324	1806
chr20	4700324	4700325	1781
chr20	4700325	4700326	1776
chr20	4700326	4700327	1786
chr20	4700327	4700328	1770
chr20	4700328	4700329	1749
chr20	4700329	4700330	1743
chr20	4700330	4700331	1762
chr20	4700331	4700332	1781
chr20	4700332	4700333	1824
chr20	4700333	4700334	1858
chr20	4700334	4700335	1846
chr20	4700335	4700336	1828
chr20	4700336	4700338	1789
chr20	4700338	4700339	1763
chr20	4700339	4700340	1773
chr20	4700340	4700341	1786
chr20	4700341	4700342	1779
chr20	4700342	4700343	1754
chr20	4700343	4700344	1756
chr20	4700344	4700346	1757
chr20	4700346	4700347	1745
chr20	4700347	4700348	1733
chr20	4700348	4700349	1736
chr20	4700349	4700350	1741
chr20	4700350	4700351	1709
chr20	4700351	4700352	1762
chr20	4700352	4700353	1777
chr20	4700353	4700354	1793
chr20	4700354	4700355	1839
chr20	4700355	4700356	1856
chr20	4700356	4700357	1901
chr20	4700357	4700358	1912
chr20	4700358	4700359	1913
chr20	4700359	4700360	1915
chr20	4700360	4700361	1850
chr20	4700361	4700362	1825
chr20	4700362	4700363	1760
chr20	4700363	4700364	1750
chr20	4700364	4700365	1764
chr20	4700365	4700366	1766
chr20	4700366	4700367	1819
chr20	4700367	4700368	1827
chr20	4700368	4700369	1789
chr20	4700369	4700370	1788
chr20	4700370	4700371	1776
chr20	4700371	4700372	1779
chr20	4700372	4700373	1767
chr20	4700373	4700374	1657
chr20	4700374	4700375	1649
chr20	4700375	4700376	1675
chr20	4700376	4700377	1674
chr20	4700377	4700378	1701
chr20	4700378	4700379	1712
chr20	4700379	4700380	1726
chr20	4700380	4700381	1734
chr20	4700381	4700382	1725
chr20	4700382	4700383	1770
chr20	4700383	4700384	1778
chr20	4700384	4700385	1754
chr20	4700385	4700386	1800
chr20	4700386	4700387	1782
chr20	4700387	4700388	1841
chr20	4700388	4700389	1844
chr20	4700389	4700390	1838
chr20	4700390	4700391	1847
chr20	4700391	4700392	1807
chr20	4700392	4700393	1775
chr20	4700393	4700394	1736
chr20	4700394	4700395	1741
chr20	4700395	4700396	1739
chr20	4700396	4700397	1727
chr20	4700397	4700398	1740
chr20	4700398	4700399	1717
chr20	4700399	4700400	1692
chr20	4700400	4700401	1682
chr20	4700401	4700402	1654
chr20	4700402	4700403	1650
chr20	4700403	4700405	1637
chr20	4700405	4700406	1628
chr20	4700406	4700407	1593
chr20	4700407	4700408	1569
chr20	4700408	4700409	1570
chr20	4700409	4700410	1539
chr20	4700410	4700411	1569
chr20	4700411	4700412	1567
chr20	4700412	4700413	1575
chr20	4700413	4700414	1580
chr20	4700414	4700415	1622
chr20	4700415	4700417	1650
chr20	4700417	4700419	1653
chr20	4700419	4700420	1650
chr20	4700420	4700421	1653
#bedGraph section chr20:4700421-4701468
chr20	4700421	4700422	1656
chr20	4700422	4700423	1658
chr20	4700423	4700424	1665
chr20	4700424	4700425	1650
chr20	4700425	4700426	1620
chr20	4700426	4700427	1617
chr20	4700427	4700428	1550
chr20	4700428	4700429	1599
chr20	4700429	4700430	1592
chr20	4700430	4700431	1525
chr20	4700431	4700432	1536
chr20	4700432	4700433	1490
chr20	4700433	4700434	1481
chr20	4700434	4700435	1494
chr20	4700435	4700436	1561
chr20	4700436	4700437	1590
chr20	4700437	4700438	1628
chr20	4700438	4700439	1646
chr20	4700439	4700440	1671
chr20	4700440	4700441	1663
chr20	4700441	4700442	1683
chr20	4700442	4700443	1584
chr20	4700443	4700444	1591
chr20	4700444	4700445	1589
chr20	4700445	4700446	1573
chr20	4700446	4700447	1566
chr20	4700447	4700448	1552
chr20	4700448	4700449	1564
chr20	4700449	4700450	1578
chr20	4700450	4700451	1594
chr20	4700451	4700452	1556
chr20	4700452	4700453	1562
chr20	4700453	4700454	1534
chr20	4700454	4700455	1536
chr20	4700455	4700456	1530
chr20	4700456	4700457	1520
chr20	4700457	4700458	1479
chr20	4700458	4700459	1439
chr20	4700459	4700460	1478
chr20	4700460	4700461	1467
chr20	4700461	4700462	1397
chr20	4700462	4700463	1357
chr20	4700463	4700464	1283
chr20	4700464	4700465	1285
chr20	4700465	4700466	1289
chr20	4700466	4700467	1280
chr20	4700467	4700468	1296
chr20	4700468	4700469	1311
chr20	4700469	4700470	1407
chr20	4700470	4700471	1401
chr20	4700471	4700472	1402
chr20	4700472	4700473	1408
chr20	4700473	4700474	1389
chr20	4700474	4700475	1380
chr20	4700475	4700477	1395
chr20	4700477	4700478	1425
chr20	4700478	4700480	1440
chr20	4700480	4700481	1439
chr20	4700481	4700482	1457
chr20	4700482	4700483	1558
chr20	4700483	4700484	1603
chr20	4700484	4700485	1569
chr20	4700485	4700486	1568
chr20	4700486	4700487	1537
chr20	4700487	4700488	1529
chr20	4700488	4700489	1543
chr20	4700489	4700490	1527
chr20	4700490	4700491	1495
chr20	4700491	4700492	1467
chr20	4700492	4700493	1463
chr20	4700493	4700494	1460
chr20	4700494	4700495	1599
chr20	4700495	4700496	1598
chr20	4700496	4700497	1594
chr20	4700497	4700498	1587
chr20	4700498	4700499	1582
chr20	4700499	4700500	1595
chr20	4700500	4700501	1610
chr20	4700501	4700502	1694
chr20	4700502	4700503	1708
chr20	4700503	4700504	1701
chr20	4700504	4700505	1650
chr20	4700505	4700506	1641
chr20	4700506	4700507	1636
chr20	4700507	4700508	1622
chr20	4700508	4700509	1633
chr20	4700509	4700510	1694
chr20	4700510	4700511	1728
chr20	4700511	4700512	1678
chr20	4700512	4700513	1658
chr20	4700513	4700514	1656
chr20	4700514	4700515	1677
chr20	4700515	4700516	1666
chr20	4700516	4700517	1674
chr20	4700517	4700518	1650
chr20	4700518	4700519	1695
chr20	4700519	4700520	1704
chr20	4700520	4700521	1759
chr20	4700521	4700522	1766
chr20	4700522	4700523	1755
chr20	4700523	4700524	1769
chr20	4700524	4700525	1768
chr20	4700525	4700526	1765
chr20	4700526	4700527	1746
chr20	4700527	4700528	1751
chr20	4700528	4700529	1747
chr20	4700529	4700530	1762
chr20	4700530	4700531	1769
chr20	4700531	4700532	1768
chr20	4700532	4700533	1792
chr20	4700533	4700534	1787
chr20	4700534	4700535	1791
chr20	4700535	4700536	1768
chr20	4700536	4700537	1779
chr20	4700537	4700538	1776
chr20	4700538	4700539	1772
chr20	4700539	4700540	1807
chr20	4700540	4700541	1819
chr20	4700541	4700542	1813
chr20	4700542	4700543	1807
chr20	4700543	4700544	1813
chr20	4700544	4700545	1804
chr20	4700545	4700546	1731
chr20	4700546	4700547	1770
chr20	4700547	4700548	1848
chr20	4700548	4700549	1855
chr20	4700549	4700550	1857
chr20	4700550	4700551	1867
chr20	4700551	4700552	1849
chr20	4700552	4700553	1844
chr20	4700553	4700554	1856
chr20	4700554	4700555	1837
chr20	4700555	4700556	1841
chr20	4700556	4700557	1844
chr20	4700557	4700558	1835
chr20	4700558	4700559	1737
chr20	4700559	4700560	1725
chr20	4700560	4700561	1724
chr20	4700561	4700562	1720
chr20	4700562	4700563	1761
chr20	4700563	4700564	1830
chr20	4700564	4700565	1849
chr20	4700565	4700566	1893
chr20	4700566	4700567	1902
chr20	4700567	4700568	1919
chr20	4700568	4700569	1944
chr20	4700569	4700570	1984
chr20	4700570	4700571	1882
chr20	4700571	4700572	1883
chr20	4700572	4700574	1889
chr20	4700574	4700575	1897
chr20	4700575	4700576	1879
chr20	4700576	4700577	1862
chr20	4700577	4700578	1773
chr20	4700578	4700579	1765
chr20	4700579	4700580	1779
chr20	4700580	4700581	1803
chr20	4700581	4700582	1820
chr20	4700582	4700583	1832
chr20	4700583	4700584	1820
chr20	4700584	4700585	1812
chr20	4700585	4700586	1771
chr20	4700586	4700587	1736
chr20	4700587	4700588	1744
chr20	4700588	4700589	1785
chr20	4700589	4700590	1755
chr20	4700590	4700591	1722
chr20	4700591	4700592	1737
chr20	4700592	4700593	1729
chr20	4700593	4700594	1788
chr20	4700594	4700595	1749
chr20	4700595	4700596	1739
chr20	4700596	4700597	1681
chr20	4700597	4700598	1669
chr20	4700598	4700599	1708
chr20	4700599	4700600	1690
chr20	4700600	4700601	1677
chr20	4700601	4700602	1686
chr20	4700602	4700603	1697
chr20	4700603	4700604	1680
chr20	4700604	4700605	1689
chr20	4700605	4700606	1665
chr20	4700606	4700607	1645
chr20	4700607	4700608	1641
chr20	4700608	4700609	1626
chr20	4700609	4700610	1745
chr20	4700610	4700611	1699
chr20	4700611	4700612	1740
chr20	4700612	4700613	1743
chr20	4700613	4700614	1763
chr20	4700614	4700615	1812
chr20	4700615	4700616	1830
chr20	4700616	4700617	1896
chr20	4700617	4700618	1965
chr20	4700618	4700619	2025
chr20	4700619	4700620	2046
chr20	4700620	4700621	2061
chr20	4700621	4700622	2047
chr20	4700622	4700623	2025
chr20	4700623	4700624	1952
chr20	4700624	4700625	1943
chr20	4700625	4700626	1951
chr20	4700626	4700627	1945
chr20	4700627	4700628	1970
chr20	4700628	4700629	1978
chr20	4700629	4700630	1961
chr20	4700630	4700631	1953
chr20	4700631	4700632	1957
chr20	4700632	4700633	1959
chr20	4700633	4700634	1950
chr20	4700634	4700635	1949
chr20	4700635	4700636	1936
chr20	4700636	4700637	1981
chr20	4700637	4700638	2047
chr20	4700638	4700639	2020
chr20	4700639	4700640	2025
chr20	4700640	4700641	2005
chr20	4700641	4700642	1989
chr20	4700642	4700643	1988
chr20	4700643	4700644	1977
chr20	4700644	4700645	1967
chr20	4700645	4700646	1935
chr20	4700646	4700647	1921
chr20	4700647	4700648	1947
chr20	4700648	4700649	1937
chr20	4700649	4700650	1945
chr20	4700650	4700651	1948
chr20	4700651	4700652	1991
chr20	4700652	4700653	2008
chr20	4700653	4700654	2010
chr20	4700654	4700655	2008
chr20	4700655	4700656	1988
chr20	4700656	4700657	1964
chr20	4700657	4700658	1956
chr20	4700658	4700660	1936
chr20	4700660	4700661	1921
chr20	4700661	4700662	1890
chr20	4700662	4700663	1899
chr20	4700663	4700664	1883
chr20	4700664	4700665	1832
chr20	4700665	4700666	1830
chr20	4700666	4700667	1807
chr20	4700667	4700668	1798
chr20	4700668	4700669	1776
chr20	4700669	4700670	1730
chr20	4700670	4700671	1702
chr20	4700671	4700672	1696
chr20	4700672	4700673	1690
chr20	4700673	4700674	1694
chr20	4700674	4700675	1656
chr20	4700675	4700676	1651
chr20	4700676	4700677	1658
chr20	4700677	4700678	1642
chr20	4700678	4700679	1637
chr20	4700679	4700680	1678
chr20	4700680	4700681	1708
chr20	4700681	4700682	1756
chr20	4700682	4700683	1811
chr20	4700683	4700684	1817
chr20	4700684	4700685	1813
chr20	4700685	4700687	1703
chr20	4700687	4700688	1635
chr20	4700688	4700689	1625
chr20	4700689	4700690	1630
chr20	4700690	4700691	1567
chr20	4700691	4700692	1527
chr20	4700692	4700693	1458
chr20	4700693	4700694	1392
chr20	4700694	4700695	1313
chr20	4700695	4700696	1330
chr20	4700696	4700697	1347
chr20	4700697	4700698	1436
chr20	4700698	4700699	1441
chr20	4700699	4700700	1451
chr20	4700700	4700701	1454
chr20	4700701	4700702	1461
chr20	4700702	4700703	1452
chr20	4700703	4700705	1458
chr20	4700705	4700706	1451
chr20	4700706	4700707	1465
chr20	4700707	4700708	1457
chr20	4700708	4700709	1476
chr20	4700709	4700710	1478
chr20	4700710	4700712	1471
chr20	4700712	4700713	1439
chr20	4700713	4700714	1438
chr20	4700714	4700715	1430
chr20	4700715	4700716	1346
chr20	4700716	4700718	1324
chr20	4700718	4700719	1327
chr20	4700719	4700720	1333
chr20	4700720	4700721	1337
chr20	4700721	4700722	1354
chr20	4700722	4700723	1338
chr20	4700723	4700724	1332
chr20	4700724	4700725	1433
chr20	4700725	4700727	1426
chr20	4700727	4700728	1434
chr20	4700728	4700729	1486
chr20	4700729	4700730	1577
chr20	4700730	4700731	1606
chr20	4700731	4700732	1638
chr20	4700732	4700733	1687
chr20	4700733	4700734	1711
chr20	4700734	4700735	1728
chr20	4700735	4700736	1730
chr20	4700736	4700737	1740
chr20	4700737	4700738	1741
chr20	4700738	4700739	1735
chr20	4700739	4700740	1741
chr20	4700740	4700741	1748
chr20	4700741	4700742	1761
chr20	4700742	4700743	1768
chr20	4700743	4700745	1797
chr20	4700745	4700747	1784
chr20	4700747	4700748	1786
chr20	4700748	4700750	1778
chr20	4700750	4700751	1846
chr20	4700751	4700752	1851
chr20	4700752	4700753	1850
chr20	4700753	4700754	1852
chr20	4700754	4700755	1862
chr20	4700755	4700756	1819
chr20	4700756	4700757	1786
chr20	4700757	4700758	1740
chr20	4700758	4700759	1684
chr20	4700759	4700760	1676
chr20	4700760	4700761	1674
chr20	4700761	4700762	1701
chr20	4700762	4700763	1714
chr20	4700763	4700765	1713
chr20	4700765	4700766	1697
chr20	4700766	4700767	1689
chr20	4700767	4700768	1680
chr20	4700768	4700769	1738
chr20	4700769	4700771	1759
chr20	4700771	4700772	1706
chr20	4700772	4700773	1669
chr20	4700773	4700774	1564
chr20	4700774	4700775	1583
chr20	4700775	4700776	1582
chr20	4700776	4700777	1590
chr20	4700777	4700778	1657
chr20	4700778	4700779	1670
chr20	4700779	4700780	1648
chr20	4700780	4700781	1647
chr20	4700781	4700782	1686
chr20	4700782	4700783	1680
chr20	4700783	4700784	1687
chr20	4700784	4700785	1655
chr20	4700785	4700786	1644
chr20	4700786	4700787	1639
chr20	4700787	4700788	1628
chr20	4700788	4700789	1602
chr20	4700789	4700790	1538
chr20	4700790	4700791	1540
chr20	4700791	4700792	1543
chr20	4700792	4700793	1557
chr20	4700793	4700794	1564
chr20	4700794	4700795	1572
chr20	4700795	4700796	1542
chr20	4700796	4700797	1560
chr20	4700797	4700798	1655
chr20	4700798	4700799	1687
chr20	4700799	4700800	1690
chr20	4700800	4700801	1606
chr20	4700801	4700802	1601
chr20	4700802	4700803	1624
chr20	4700803	4700804	1584
chr20	4700804	4700805	1547
chr20	4700805	4700807	1446
chr20	4700807	4700808	1601
chr20	4700808	4700809	1604
chr20	4700809	4700810	1662
chr20	4700810	4700811	1649
chr20	4700811	4700812	1667
chr20	4700812	4700813	1672
chr20	4700813	4700814	1700
chr20	4700814	4700815	1776
chr20	4700815	4700816	1780
chr20	4700816	4700817	1840
chr20	4700817	4700818	1836
chr20	4700818	4700819	1943
chr20	4700819	4700820	1937
chr20	4700820	4700821	1965
chr20	4700821	4700822	1987
chr20	4700822	4700823	1988
chr20	4700823	4700824	2028
chr20	4700824	4700825	2027
chr20	4700825	4700826	2031
chr20	4700826	4700827	1987
chr20	4700827	4700828	1995
chr20	4700828	4700829	2000
chr20	4700829	4700830	2003
chr20	4700830	4700831	1978
chr20	4700831	4700832	2010
chr20	4700832	4700833	2030
chr20	4700833	4700834	2089
chr20	4700834	4700835	2186
chr20	4700835	4700836	2304
chr20	4700836	4700837	2341
chr20	4700837	4700838	2327
chr20	4700838	4700839	2447
chr20	4700839	4700840	2458
chr20	4700840	4700841	2512
chr20	4700841	4700842	2527
chr20	4700842	4700843	2524
chr20	4700843	4700844	2525
chr20	4700844	4700845	2465
chr20	4700845	4700846	2507
chr20	4700846	4700847	2531
chr20	4700847	4700848	2559
chr20	4700848	4700849	2565
chr20	4700849	4700850	2568
chr20	4700850	4700851	2534
chr20	4700851	4700852	2540
chr20	4700852	4700853	2532
chr20	4700853	4700854	2463
chr20	4700854	4700855	2453
chr20	4700855	4700856	2456
chr20	4700856	4700857	2445
chr20	4700857	4700858	2419
chr20	4700858	4700859	2410
chr20	4700859	4700860	2404
chr20	4700860	4700861	2399
chr20	4700861	4700862	2400
chr20	4700862	4700863	2469
chr20	4700863	4700864	2486
chr20	4700864	4700865	2530
chr20	4700865	4700866	2538
chr20	4700866	4700867	2546
chr20	4700867	4700868	2580
chr20	4700868	4700869	2620
chr20	4700869	4700870	2653
chr20	4700870	4700871	2702
chr20	4700871	4700872	2723
chr20	4700872	4700873	2740
chr20	4700873	4700874	2617
chr20	4700874	4700875	2638
chr20	4700875	4700876	2659
chr20	4700876	4700877	2686
chr20	4700877	4700878	2720
chr20	4700878	4700879	2792
chr20	4700879	4700880	2804
chr20	4700880	4700881	2789
chr20	4700881	4700882	2794
chr20	4700882	4700883	2792
chr20	4700883	4700884	2608
chr20	4700884	4700885	2546
chr20	4700885	4700887	2516
chr20	4700887	4700888	2502
chr20	4700888	4700889	2515
chr20	4700889	4700890	2488
chr20	4700890	4700891	2470
chr20	4700891	4700892	2473
chr20	4700892	4700893	2412
chr20	4700893	4700894	2426
chr20	4700894	4700895	2317
chr20	4700895	4700896	2324
chr20	4700896	4700897	2368
chr20	4700897	4700898	2376
chr20	4700898	4700899	2410
chr20	4700899	4700900	2406
chr20	4700900	4700901	2411
chr20	4700901	4700902	2425
chr20	4700902	4700903	2416
chr20	4700903	4700904	2459
chr20	4700904	4700905	2503
chr20	4700905	4700906	2512
chr20	4700906	4700907	2545
chr20	4700907	4700908	2539
chr20	4700908	4700909	2542
chr20	4700909	4700910	2475
chr20	4700910	4700911	2393
chr20	4700911	4700912	2306
chr20	4700912	4700913	2268
chr20	4700913	4700914	2257
chr20	4700914	4700915	2155
chr20	4700915	4700916	2212
chr20	4700916	4700917	2205
chr20	4700917	4700918	2215
chr20	4700918	4700919	2218
chr20	4700919	4700920	2208
chr20	4700920	4700921	2210
chr20	4700921	4700922	2166
chr20	4700922	4700923	2134
chr20	4700923	4700924	2133
chr20	4700924	4700925	2123
chr20	4700925	4700926	2106
chr20	4700926	4700927	2181
chr20	4700927	4700928	2169
chr20	4700928	4700929	2160
chr20	4700929	4700930	2165
chr20	4700930	4700931	2175
chr20	4700931	4700932	2187
chr20	4700932	4700933	2226
chr20	4700933	4700934	2250
chr20	4700934	4700935	2291
chr20	4700935	4700936	2309
chr20	4700936	4700937	2332
chr20	4700937	4700938	2462
chr20	4700938	4700939	2475
chr20	4700939	4700940	2531
chr20	4700940	4700941	2521
chr20	4700941	4700942	2536
chr20	4700942	4700943	2531
chr20	4700943	4700944	2557
chr20	4700944	4700945	2562
chr20	4700945	4700946	2507
chr20	4700946	4700947	2446
chr20	4700947	4700948	2425
chr20	4700948	4700949	2380
chr20	4700949	4700950	2419
chr20	4700950	4700951	2399
chr20	4700951	4700952	2361
chr20	4700952	4700953	2321
chr20	4700953	4700954	2291
chr20	4700954	4700955	2217
chr20	4700955	4700956	2223
chr20	4700956	4700957	2216
chr20	4700957	4700958	2212
chr20	4700958	4700959	2215
chr20	4700959	4700960	2223
chr20	4700960	4700961	2272
chr20	4700961	4700962	2442
chr20	4700962	4700963	2536
chr20	4700963	4700964	2582
chr20	4700964	4700965	2585
chr20	4700965	4700966	2593
chr20	4700966	4700967	2531
chr20	4700967	4700968	2523
chr20	4700968	4700969	2550
chr20	4700969	4700970	2525
chr20	4700970	4700971	2567
chr20	4700971	4700972	2574
chr20	4700972	4700973	2513
chr20	4700973	4700974	2488
chr20	4700974	4700975	2451
chr20	4700975	4700976	2426
chr20	4700976	4700977	2418
chr20	4700977	4700978	2398
chr20	4700978	4700979	2392
chr20	4700979	4700980	2331
chr20	4700980	4700981	2335
chr20	4700981	4700982	2345
chr20	4700982	4700983	2352
chr20	4700983	4700984	2573
chr20	4700984	4700985	2605
chr20	4700985	4700986	2621
chr20	4700986	4700987	2626
chr20	4700987	4700988	2627
chr20	4700988	4700989	2654
chr20	4700989	4700990	2665
chr20	4700990	4700991	2709
chr20	4700991	4700992	2639
chr20	4700992	4700993	2706
chr20	4700993	4700994	2746
chr20	4700994	4700995	2753
chr20	4700995	4700996	2756
chr20	4700996	4700997	2761
chr20	4700997	4700998	2760
chr20	4700998	4700999	2755
chr20	4700999	4701000	2737
chr20	4701000	4701001	2739
chr20	4701001	4701002	2773
chr20	4701002	4701003	2714
chr20	4701003	4701004	2839
chr20	4701004	4701005	2855
chr20	4701005	4701006	2849
chr20	4701006	4701007	2841
chr20	4701007	4701008	2819
chr20	4701008	4701009	2767
chr20	4701009	4701010	2806
chr20	4701010	4701011	2781
chr20	4701011	4701012	2767
chr20	4701012	4701013	2747
chr20	4701013	4701014	2599
chr20	4701014	4701015	2554
chr20	4701015	4701016	2474
chr20	4701016	4701017	2453
chr20	4701017	4701018	2435
chr20	4701018	4701019	2447
chr20	4701019	4701020	2442
chr20	4701020	4701021	2463
chr20	4701021	4701023	2526
chr20	4701023	4701024	2536
chr20	4701024	4701025	2550
chr20	4701025	4701026	2612
chr20	4701026	4701027	2615
chr20	4701027	4701028	2691
chr20	4701028	4701029	2735
chr20	4701029	4701030	2728
chr20	4701030	4701031	2715
chr20	4701031	4701032	2727
chr20	4701032	4701033	2718
chr20	4701033	4701034	2696
chr20	4701034	4701035	2678
chr20	4701035	4701036	2736
chr20	4701036	4701037	2661
chr20	4701037	4701038	2483
chr20	4701038	4701039	2392
chr20	4701039	4701040	2352
chr20	4701040	4701041	2329
chr20	4701041	4701042	2327
chr20	4701042	4701043	2338
chr20	4701043	4701044	2343
chr20	4701044	4701045	2313
chr20	4701045	4701046	2369
chr20	4701046	4701047	2440
chr20	4701047	4701048	2439
chr20	4701048	4701049	2431
chr20	4701049	4701050	2485
chr20	4701050	4701051	2581
chr20	4701051	4701052	2724
chr20	4701052	4701053	2741
chr20	4701053	4701054	2733
chr20	4701054	4701055	2752
chr20	4701055	4701056	2772
chr20	4701056	4701057	2740
chr20	4701057	4701058	2728
chr20	4701058	4701059	2709
chr20	4701059	4701060	2431
chr20	4701060	4701061	2417
chr20	4701061	4701062	2403
chr20	4701062	4701063	2399
chr20	4701063	4701064	2419
chr20	4701064	4701065	2395
chr20	4701065	4701066	2351
chr20	4701066	4701067	2440
chr20	4701067	4701068	2425
chr20	4701068	4701069	2329
chr20	4701069	4701070	2315
chr20	4701070	4701071	2310
chr20	4701071	4701072	2304
chr20	4701072	4701073	2297
chr20	4701073	4701074	2301
chr20	4701074	4701075	2297
chr20	4701075	4701076	2336
chr20	4701076	4701077	2338
chr20	4701077	4701078	2354
chr20	4701078	4701079	2349
chr20	4701079	4701080	2254
chr20	4701080	4701081	2235
chr20	4701081	4701082	2233
chr20	4701082	4701083	2234
chr20	4701083	4701084	2236
chr20	4701084	4701085	2272
chr20	4701085	4701086	2240
chr20	4701086	4701087	2231
chr20	4701087	4701088	2236
chr20	4701088	4701089	2233
chr20	4701089	4701090	2259
chr20	4701090	4701091	2273
chr20	4701091	4701092	2286
chr20	4701092	4701093	2289
chr20	4701093	4701094	2301
chr20	4701094	4701095	2345
chr20	4701095	4701096	2309
chr20	4701096	4701097	2244
chr20	4701097	4701098	2192
chr20	4701098	4701099	2199
chr20	4701099	4701100	2179
chr20	4701100	4701101	2336
chr20	4701101	4701102	2199
chr20	4701102	4701103	2242
chr20	4701103	4701104	2193
chr20	4701104	4701105	2169
chr20	4701105	4701106	2198
chr20	4701106	4701107	2193
chr20	4701107	4701109	2188
chr20	4701109	4701110	2247
chr20	4701110	4701111	2343
chr20	4701111	4701112	2337
chr20	4701112	4701113	2416
chr20	4701113	4701114	2463
chr20	4701114	4701115	2487
chr20	4701115	4701116	2501
chr20	4701116	4701117	2515
chr20	4701117	4701118	2521
chr20	4701118	4701119	2522
chr20	4701119	4701120	2535
chr20	4701120	4701121	2561
chr20	4701121	4701122	2496
chr20	4701122	4701123	2373
chr20	4701123	4701124	2372
chr20	4701124	4701125	2380
chr20	4701125	4701126	2257
chr20	4701126	4701127	2128
chr20	4701127	4701128	2068
chr20	4701128	4701129	2084
chr20	4701129	4701131	2114
chr20	4701131	4701132	2118
chr20	4701132	4701133	2107
chr20	4701133	4701134	2105
chr20	4701134	4701135	2090
chr20	4701135	4701136	2070
chr20	4701136	4701137	2080
chr20	4701137	4701138	2074
chr20	4701138	4701139	2092
chr20	4701139	4701140	2032
chr20	4701140	4701141	2024
chr20	4701141	4701142	2000
chr20	4701142	4701143	1863
chr20	4701143	4701144	1847
chr20	4701144	4701145	1849
chr20	4701145	4701146	1831
chr20	4701146	4701147	1845
chr20	4701147	4701148	1880
chr20	4701148	4701149	1907
chr20	4701149	4701150	1936
chr20	4701150	4701151	1928
chr20	4701151	4701152	1896
chr20	4701152	4701153	1925
chr20	4701153	4701154	1911
chr20	4701154	4701155	1955
chr20	4701155	4701156	1947
chr20	4701156	4701157	1957
chr20	4701157	4701158	1981
chr20	4701158	4701159	2001
chr20	4701159	4701160	2015
chr20	4701160	4701161	2006
chr20	4701161	4701162	1975
chr20	4701162	4701163	1977
chr20	4701163	4701164	1993
chr20	4701164	4701165	2071
chr20	4701165	4701166	2079
chr20	4701166	4701167	2104
chr20	4701167	4701168	2135
chr20	4701168	4701169	2151
chr20	4701169	4701170	2150
chr20	4701170	4701171	2080
chr20	4701171	4701172	2064
chr20	4701172	4701173	2059
chr20	4701173	4701174	2062
chr20	4701174	4701175	2143
chr20	4701175	4701176	2122
chr20	4701176	4701177	1975
chr20	4701177	4701178	1964
chr20	4701178	4701179	1916
chr20	4701179	4701180	1884
chr20	4701180	4701181	1883
chr20	4701181	4701182	1865
chr20	4701182	4701183	1861
chr20	4701183	4701184	1854
chr20	4701184	4701185	1892
chr20	4701185	4701186	1807
chr20	4701186	4701187	1732
chr20	4701187	4701188	1670
chr20	4701188	4701189	1586
chr20	4701189	4701190	1548
chr20	4701190	4701191	1511
chr20	4701191	4701192	1504
chr20	4701192	4701193	1493
chr20	4701193	4701194	1478
chr20	4701194	4701195	1455
chr20	4701195	4701196	1437
chr20	4701196	4701197	1404
chr20	4701197	4701198	1410
chr20	4701198	4701199	1399
chr20	4701199	4701200	1384
chr20	4701200	4701201	1375
chr20	4701201	4701202	1389
chr20	4701202	4701203	1393
chr20	4701203	4701204	1391
chr20	4701204	4701205	1372
chr20	4701205	4701206	1344
chr20	4701206	4701207	1474
chr20	4701207	4701208	1459
chr20	4701208	4701209	1453
chr20	4701209	4701210	1442
chr20	4701210	4701211	1447
chr20	4701211	4701212	1453
chr20	4701212	4701213	1458
chr20	4701213	4701214	1452
chr20	4701214	4701215	1429
chr20	4701215	4701216	1438
chr20	4701216	4701217	1436
chr20	4701217	4701218	1444
chr20	4701218	4701219	1449
chr20	4701219	4701220	1457
chr20	4701220	4701221	1450
chr20	4701221	4701222	1460
chr20	4701222	4701223	1448
chr20	4701223	4701224	1409
chr20	4701224	4701225	1411
chr20	4701225	4701226	1412
chr20	4701226	4701227	1455
chr20	4701227	4701228	1474
chr20	4701228	4701229	1460
chr20	4701229	4701230	1467
chr20	4701230	4701231	1405
chr20	4701231	4701232	1400
chr20	4701232	4701233	1398
chr20	4701233	4701234	1389
chr20	4701234	4701235	1366
chr20	4701235	4701236	1388
chr20	4701236	4701237	1361
chr20	4701237	4701238	1362
chr20	4701238	4701239	1374
chr20	4701239	4701240	1415
chr20	4701240	4701241	1376
chr20	4701241	4701242	1358
chr20	4701242	4701243	1294
chr20	4701243	4701244	1300
chr20	4701244	4701245	1250
chr20	4701245	4701246	1283
chr20	4701246	4701247	1282
chr20	4701247	4701248	1296
chr20	4701248	4701249	1294
chr20	4701249	4701250	1283
chr20	4701250	4701251	1203
chr20	4701251	4701252	1198
chr20	4701252	4701253	1214
chr20	4701253	4701254	1226
chr20	4701254	4701255	1236
chr20	4701255	4701256	1283
chr20	4701256	4701257	1295
chr20	4701257	4701258	1272
chr20	4701258	4701259	1258
chr20	4701259	4701260	1246
chr20	4701260	4701261	1216
chr20	4701261	4701262	1246
chr20	4701262	4701263	1241
chr20	4701263	4701264	1251
chr20	4701264	4701265	1252
chr20	4701265	4701266	1250
chr20	4701266	4701267	1260
chr20	4701267	4701268	1251
chr20	4701268	4701269	1257
chr20	4701269	4701270	1250
chr20	4701270	4701271	1265
chr20	4701271	4701272	1266
chr20	4701272	4701273	1274
chr20	4701273	4701274	1271
chr20	4701274	4701275	1280
chr20	4701275	4701276	1278
chr20	4701276	4701277	1299
chr20	4701277	4701278	1311
chr20	4701278	4701279	1310
chr20	4701279	4701280	1321
chr20	4701280	4701281	1319
chr20	4701281	4701282	1328
chr20	4701282	4701283	1218
chr20	4701283	4701284	1225
chr20	4701284	4701285	1236
chr20	4701285	4701286	1248
chr20	4701286	4701287	1238
chr20	4701287	4701288	1230
chr20	4701288	4701289	1211
chr20	4701289	4701290	1217
chr20	4701290	4701291	1247
chr20	4701291	4701292	1239
chr20	4701292	4701293	1305
chr20	4701293	4701294	1302
chr20	4701294	4701295	1296
chr20	4701295	4701296	1288
chr20	4701296	4701297	1378
chr20	4701297	4701298	1381
chr20	4701298	4701299	1399
chr20	4701299	4701300	1401
chr20	4701300	4701301	1414
chr20	4701301	4701302	1385
chr20	4701302	4701303	1362
chr20	4701303	4701304	1485
chr20	4701304	4701305	1505
chr20	4701305	4701306	1511
chr20	4701306	4701308	1510
chr20	4701308	4701309	1590
chr20	4701309	4701310	1583
chr20	4701310	4701311	1581
chr20	4701311	4701312	1557
chr20	4701312	4701313	1553
chr20	4701313	4701314	1570
chr20	4701314	4701315	1573
chr20	4701315	4701316	1522
chr20	4701316	4701317	1478
chr20	4701317	4701318	1507
chr20	4701318	4701319	1530
chr20	4701319	4701320	1534
chr20	4701320	4701321	1553
chr20	4701321	4701322	1529
chr20	4701322	4701323	1522
chr20	4701323	4701324	1512
chr20	4701324	4701325	1536
chr20	4701325	4701326	1550
chr20	4701326	4701327	1650
chr20	4701327	4701328	1691
chr20	4701328	4701329	1684
chr20	4701329	4701330	1665
chr20	4701330	4701331	1653
chr20	4701331	4701332	1606
chr20	4701332	4701333	1596
chr20	4701333	4701334	1617
chr20	4701334	4701335	1627
chr20	4701335	4701336	1644
chr20	4701336	4701337	1652
chr20	4701337	4701338	1663
chr20	4701338	4701339	1673
chr20	4701339	4701340	1693
chr20	4701340	4701341	1751
chr20	4701341	4701342	1795
chr20	4701342	4701343	1822
chr20	4701343	4701345	1827
chr20	4701345	4701346	1846
chr20	4701346	4701347	1838
chr20	4701347	4701348	1938
chr20	4701348	4701349	1932
chr20	4701349	4701350	1934
chr20	4701350	4701351	1937
chr20	4701351	4701352	1948
chr20	4701352	4701353	1952
chr20	4701353	4701354	1928
chr20	4701354	4701355	1919
chr20	4701355	4701356	1905
chr20	4701356	4701357	1909
chr20	4701357	4701358	1884
chr20	4701358	4701359	1840
chr20	4701359	4701360	1833
chr20	4701360	4701361	1863
chr20	4701361	4701362	1884
chr20	4701362	4701363	1886
chr20	4701363	4701364	1884
chr20	4701364	4701365	1882
chr20	4701365	4701366	1869
chr20	4701366	4701367	1852
chr20	4701367	4701368	1886
chr20	4701368	4701369	1862
chr20	4701369	4701370	1878
chr20	4701370	4701371	1872
chr20	4701371	4701372	1855
chr20	4701372	4701373	1824
chr20	4701373	4701374	1853
chr20	4701374	4701375	1927
chr20	4701375	4701376	1945
chr20	4701376	4701377	1918
chr20	4701377	4701378	1939
chr20	4701378	4701379	1907
chr20	4701379	4701380	1835
chr20	4701380	4701381	1778
chr20	4701381	4701382	1788
chr20	4701382	4701383	1802
chr20	4701383	4701384	1878
chr20	4701384	4701385	1887
chr20	4701385	4701386	1953
chr20	4701386	4701387	2003
chr20	4701387	4701388	2023
chr20	4701388	4701389	2046
chr20	4701389	4701390	2047
chr20	4701390	4701391	2034
chr20	4701391	4701392	2019
chr20	4701392	4701393	2090
chr20	4701393	4701394	2075
chr20	4701394	4701395	2104
chr20	4701395	4701396	2105
chr20	4701396	4701397	2191
chr20	4701397	4701398	2219
chr20	4701398	4701399	2276
chr20	4701399	4701400	2302
chr20	4701400	4701401	2322
chr20	4701401	4701402	2331
chr20	4701402	4701403	2253
chr20	4701403	4701404	2218
chr20	4701404	4701405	2223
chr20	4701405	4701406	2226
chr20	4701406	4701407	2222
chr20	4701407	4701408	2230
chr20	4701408	4701409	2228
chr20	4701409	4701410	2203
chr20	4701410	4701411	2188
chr20	4701411	4701412	2178
chr20	4701412	4701413	2156
chr20	4701413	4701414	2115
chr20	4701414	4701415	2108
chr20	4701415	4701416	2083
chr20	4701416	4701417	2000
chr20	4701417	4701418	1978
chr20	4701418	4701419	1948
chr20	4701419	4701420	1946
chr20	4701420	4701421	1945
chr20	4701421	4701422	1936
chr20	4701422	4701423	1925
chr20	4701423	4701424	1822
chr20	4701424	4701425	1843
chr20	4701425	4701426	1840
chr20	4701426	4701427	1835
chr20	4701427	4701428	1822
chr20	4701428	4701429	1787
chr20	4701429	4701430	1785
chr20	4701430	4701431	1784
chr20	4701431	4701432	1786
chr20	4701432	4701433	1793
chr20	4701433	4701434	1801
chr20	4701434	4701436	1804
chr20	4701436	4701437	1760
chr20	4701437	4701438	1739
chr20	4701438	4701439	1734
chr20	4701439	4701440	1751
chr20	4701440	4701441	1750
chr20	4701441	4701442	1744
chr20	4701442	4701443	1723
chr20	4701443	4701444	1679
chr20	4701444	4701445	1651
chr20	4701445	4701446	1632
chr20	4701446	4701448	1641
chr20	4701448	4701449	1578
chr20	4701449	4701450	1546
chr20	4701450	4701451	1448
chr20	4701451	4701452	1434
chr20	4701452	4701453	1427
chr20	4701453	4701454	1404
chr20	4701454	4701455	1398
chr20	4701455	4701456	1350
chr20	4701456	4701457	1353
chr20	4701457	4701458	1318
chr20	4701458	4701459	1309
chr20	4701459	4701460	1216
chr20	4701460	4701461	1122
chr20	4701461	4701462	1063
chr20	4701462	4701463	975
chr20	4701463	4701464	965
chr20	4701464	4701465	958
chr20	4701465	4701466	953
chr20	4701466	4701467	948
chr20	4701467	4701468	943
#bedGraph section chr20:4701468-4780668
chr20	4701468	4701469	859
chr20	4701469	4701470	839
chr20	4701470	4701471	785
chr20	4701471	4701472	749
chr20	4701472	4701473	636
chr20	4701473	4701474	619
chr20	4701474	4701475	583
chr20	4701475	4701476	548
chr20	4701476	4701477	493
chr20	4701477	4701478	463
chr20	4701478	4701479	458
chr20	4701479	4701480	445
chr20	4701480	4701481	443
chr20	4701481	4701482	509
chr20	4701482	4701483	513
chr20	4701483	4701484	556
chr20	4701484	4701485	559
chr20	4701485	4701486	562
chr20	4701486	4701487	565
chr20	4701487	4701488	560
chr20	4701488	4701489	569
chr20	4701489	4701490	579
chr20	4701490	4701491	577
chr20	4701491	4701492	574
chr20	4701492	4701493	566
chr20	4701493	4701494	564
chr20	4701494	4701495	588
chr20	4701495	4701496	594
chr20	4701496	4701497	584
chr20	4701497	4701498	580
chr20	4701498	4701499	585
chr20	4701499	4701500	632
chr20	4701500	4701501	619
chr20	4701501	4701502	616
chr20	4701502	4701503	682
chr20	4701503	4701504	691
chr20	4701504	4701505	698
chr20	4701505	4701506	705
chr20	4701506	4701507	707
chr20	4701507	4701508	791
chr20	4701508	4701509	825
chr20	4701509	4701510	852
chr20	4701510	4701512	855
chr20	4701512	4701513	881
chr20	4701513	4701514	887
chr20	4701514	4701515	881
chr20	4701515	4701516	864
chr20	4701516	4701517	863
chr20	4701517	4701519	862
chr20	4701519	4701520	869
chr20	4701520	4701521	862
chr20	4701521	4701522	859
chr20	4701522	4701523	849
chr20	4701523	4701524	841
chr20	4701524	4701525	840
chr20	4701525	4701526	828
chr20	4701526	4701527	824
chr20	4701527	4701528	823
chr20	4701528	4701529	811
chr20	4701529	4701530	801
chr20	4701530	4701531	795
chr20	4701531	4701532	788
chr20	4701532	4701533	778
chr20	4701533	4701534	775
chr20	4701534	4701535	774
chr20	4701535	4701536	770
chr20	4701536	4701537	765
chr20	4701537	4701538	763
chr20	4701538	4701539	756
chr20	4701539	4701540	744
chr20	4701540	4701541	739
chr20	4701541	4701542	738
chr20	4701542	4701543	737
chr20	4701543	4701544	733
chr20	4701544	4701545	731
chr20	4701545	4701546	724
chr20	4701546	4701547	719
chr20	4701547	4701548	716
chr20	4701548	4701549	708
chr20	4701549	4701550	701
chr20	4701550	4701551	678
chr20	4701551	4701552	677
chr20	4701552	4701553	671
chr20	4701553	4701554	669
chr20	4701554	4701555	666
chr20	4701555	4701556	658
chr20	4701556	4701557	648
chr20	4701557	4701558	565
chr20	4701558	4701559	564
chr20	4701559	4701561	509
chr20	4701561	4701562	503
chr20	4701562	4701563	501
chr20	4701563	4701564	496
chr20	4701564	4701565	488
chr20	4701565	4701567	476
chr20	4701567	4701568	475
chr20	4701568	4701569	474
chr20	4701569	4701570	463
chr20	4701570	4701571	425
chr20	4701571	4701573	424
chr20	4701573	4701574	411
chr20	4701574	4701575	402
chr20	4701575	4701576	353
chr20	4701576	4701577	346
chr20	4701577	4701578	341
chr20	4701578	4701579	263
chr20	4701579	4701580	257
chr20	4701580	4701581	252
chr20	4701581	4701582	244
chr20	4701582	4701583	239
chr20	4701583	4701584	130
chr20	4701584	4701585	74
chr20	4701585	4701586	57
chr20	4701586	4701587	52
chr20	4701587	4701588	35
chr20	4701588	4701589	4
chr20	4701589	4701590	3
chr20	4701590	4701597	1
chr20	4701597	4702046	0
