track type=wiggle_0 name="Brain Cereb Hemisph" description="Brain Cerebellar Hemisphere"
#bedGraph section chr20:4237986-4698955
chr20	4685948	4686127	0
chr20	4686127	4686179	1
chr20	4686179	4686203	2
chr20	4686203	4686255	1
chr20	4686255	4686261	0
chr20	4686261	4686283	1
chr20	4686283	4686337	2
chr20	4686337	4686358	1
chr20	4686358	4686364	0
chr20	4686364	4686382	2
chr20	4686382	4686389	3
chr20	4686389	4686391	5
chr20	4686391	4686400	6
chr20	4686400	4686405	7
chr20	4686405	4686408	8
chr20	4686408	4686409	9
chr20	4686409	4686413	10
chr20	4686413	4686415	11
chr20	4686415	4686418	13
chr20	4686418	4686419	14
chr20	4686419	4686426	15
chr20	4686426	4686428	17
chr20	4686428	4686433	18
chr20	4686433	4686434	21
chr20	4686434	4686436	25
chr20	4686436	4686437	29
chr20	4686437	4686438	30
chr20	4686438	4686440	33
chr20	4686440	4686441	31
chr20	4686441	4686442	34
chr20	4686442	4686444	35
chr20	4686444	4686449	36
chr20	4686449	4686451	37
chr20	4686451	4686452	43
chr20	4686452	4686453	46
chr20	4686453	4686455	47
chr20	4686455	4686456	51
chr20	4686456	4686458	53
chr20	4686458	4686459	52
chr20	4686459	4686460	58
chr20	4686460	4686461	59
chr20	4686461	4686462	62
chr20	4686462	4686463	64
chr20	4686463	4686464	73
chr20	4686464	4686465	75
chr20	4686465	4686466	73
chr20	4686466	4686467	75
chr20	4686467	4686468	84
chr20	4686468	4686470	86
chr20	4686470	4686471	94
chr20	4686471	4686472	153
chr20	4686472	4686473	160
chr20	4686473	4686474	177
chr20	4686474	4686475	213
chr20	4686475	4686476	216
chr20	4686476	4686477	221
chr20	4686477	4686478	227
chr20	4686478	4686479	248
chr20	4686479	4686480	265
chr20	4686480	4686481	280
chr20	4686481	4686482	308
chr20	4686482	4686483	313
chr20	4686483	4686484	314
chr20	4686484	4686485	312
chr20	4686485	4686486	321
chr20	4686486	4686488	325
chr20	4686488	4686489	338
chr20	4686489	4686490	337
chr20	4686490	4686491	349
chr20	4686491	4686492	352
chr20	4686492	4686493	353
chr20	4686493	4686494	360
chr20	4686494	4686495	359
chr20	4686495	4686496	363
chr20	4686496	4686497	372
chr20	4686497	4686498	378
chr20	4686498	4686499	385
chr20	4686499	4686500	386
chr20	4686500	4686501	389
chr20	4686501	4686503	393
chr20	4686503	4686504	412
chr20	4686504	4686505	421
chr20	4686505	4686506	426
chr20	4686506	4686507	428
chr20	4686507	4686508	435
chr20	4686508	4686509	255
chr20	4686509	4686510	254
chr20	4686510	4686511	255
chr20	4686511	4686512	272
chr20	4686512	4686555	1
chr20	4686555	4686642	0
chr20	4686642	4686689	1
chr20	4686689	4686694	2
chr20	4686694	4686718	3
chr20	4686718	4686733	4
chr20	4686733	4686734	6
chr20	4686734	4686735	7
chr20	4686735	4686736	9
chr20	4686736	4687381	0
chr20	4687381	4687421	1
chr20	4687421	4687457	2
chr20	4687457	4687497	1
chr20	4687497	4687649	0
chr20	4687649	4687708	1
chr20	4687708	4687725	2
chr20	4687725	4687784	1
chr20	4687784	4687844	0
chr20	4687844	4687881	1
chr20	4687881	4687891	2
chr20	4687891	4687920	3
chr20	4687920	4687957	2
chr20	4687957	4687967	1
chr20	4687967	4687985	0
chr20	4687985	4688001	1
chr20	4688001	4688077	2
chr20	4688077	4688136	1
chr20	4688136	4688353	0
chr20	4688353	4688367	1
chr20	4688367	4688397	3
chr20	4688397	4688429	4
chr20	4688429	4688435	3
chr20	4688435	4688443	4
chr20	4688443	4688473	2
chr20	4688473	4688511	1
chr20	4688511	4688518	0
chr20	4688518	4688528	1
chr20	4688528	4688556	2
chr20	4688556	4688594	3
chr20	4688594	4688599	2
chr20	4688599	4688604	3
chr20	4688604	4688632	2
chr20	4688632	4688633	1
chr20	4688633	4688675	2
chr20	4688675	4688708	1
chr20	4688708	4688751	0
chr20	4688751	4688825	1
chr20	4688825	4689581	0
chr20	4689581	4689582	1
chr20	4689582	4689642	2
chr20	4689642	4689657	3
chr20	4689657	4689658	2
chr20	4689658	4689679	1
chr20	4689679	4689718	2
chr20	4689718	4689755	1
chr20	4689755	4690331	0
chr20	4690331	4690407	1
chr20	4690407	4690431	0
chr20	4690431	4690445	1
chr20	4690445	4690507	2
chr20	4690507	4690521	1
chr20	4690521	4690527	0
chr20	4690527	4690603	1
chr20	4690603	4690927	0
chr20	4690927	4690956	2
chr20	4690956	4690975	3
chr20	4690975	4691003	4
chr20	4691003	4691032	2
chr20	4691032	4691051	1
chr20	4691051	4691114	0
chr20	4691114	4691117	2
chr20	4691117	4691153	3
chr20	4691153	4691190	4
chr20	4691190	4691193	2
chr20	4691193	4691229	1
chr20	4691229	4691292	0
chr20	4691292	4691337	1
chr20	4691337	4691362	2
chr20	4691362	4691368	3
chr20	4691368	4691413	2
chr20	4691413	4691438	1
chr20	4691438	4691579	0
chr20	4691579	4691583	1
chr20	4691583	4691655	2
chr20	4691655	4691659	1
chr20	4691659	4691665	0
chr20	4691665	4691701	1
chr20	4691701	4691717	2
chr20	4691717	4691741	3
chr20	4691741	4691748	2
chr20	4691748	4691777	3
chr20	4691777	4691793	2
chr20	4691793	4691815	1
chr20	4691815	4691824	2
chr20	4691824	4691855	1
chr20	4691855	4691875	2
chr20	4691875	4691876	3
chr20	4691876	4691891	4
chr20	4691891	4691931	3
chr20	4691931	4691943	2
chr20	4691943	4691948	3
chr20	4691948	4691950	4
chr20	4691950	4691952	3
chr20	4691952	4691986	2
chr20	4691986	4691995	3
chr20	4691995	4692019	4
chr20	4692019	4692024	3
chr20	4692024	4692062	2
chr20	4692062	4692071	1
chr20	4692071	4692123	0
chr20	4692123	4692199	1
chr20	4692199	4692913	0
chr20	4692913	4692939	1
chr20	4692939	4692989	3
chr20	4692989	4693015	2
chr20	4693015	4693067	0
chr20	4693067	4693143	2
chr20	4693143	4693520	0
chr20	4693520	4693596	1
chr20	4693596	4693686	0
chr20	4693686	4693762	1
chr20	4693762	4693811	0
chr20	4693811	4693887	1
chr20	4693887	4693913	0
chr20	4693913	4693989	1
chr20	4693989	4694083	0
chr20	4694083	4694158	1
chr20	4694158	4694220	0
chr20	4694220	4694292	1
chr20	4694292	4694296	2
chr20	4694296	4694364	1
chr20	4694364	4694368	2
chr20	4694368	4694440	1
chr20	4694440	4694451	0
chr20	4694451	4694527	1
chr20	4694527	4694981	0
chr20	4694981	4695028	1
chr20	4695028	4695057	2
chr20	4695057	4695058	1
chr20	4695058	4695089	3
chr20	4695089	4695104	4
chr20	4695104	4695119	3
chr20	4695119	4695132	4
chr20	4695132	4695134	6
chr20	4695134	4695165	4
chr20	4695165	4695195	3
chr20	4695195	4695206	2
chr20	4695206	4695252	0
chr20	4695252	4695296	1
chr20	4695296	4695328	2
chr20	4695328	4695372	1
chr20	4695372	4695404	0
chr20	4695404	4695450	1
chr20	4695450	4695480	2
chr20	4695480	4695526	1
chr20	4695526	4695679	0
chr20	4695679	4695715	1
chr20	4695715	4695747	2
chr20	4695747	4695755	3
chr20	4695755	4695791	2
chr20	4695791	4695808	1
chr20	4695808	4695823	2
chr20	4695823	4695829	1
chr20	4695829	4695853	2
chr20	4695853	4695863	3
chr20	4695863	4695884	4
chr20	4695884	4695905	3
chr20	4695905	4695939	2
chr20	4695939	4695965	1
chr20	4695965	4696004	2
chr20	4696004	4696006	1
chr20	4696006	4696011	2
chr20	4696011	4696041	3
chr20	4696041	4696063	2
chr20	4696063	4696082	3
chr20	4696082	4696087	2
chr20	4696087	4696139	1
chr20	4696139	4696379	0
chr20	4696379	4696455	1
chr20	4696455	4696474	0
chr20	4696474	4696481	1
chr20	4696481	4696550	3
chr20	4696550	4696557	2
chr20	4696557	4696583	0
chr20	4696583	4696598	2
chr20	4696598	4696629	3
chr20	4696629	4696659	4
chr20	4696659	4696664	2
chr20	4696664	4696674	3
chr20	4696674	4696740	2
chr20	4696740	4696781	1
chr20	4696781	4696782	0
chr20	4696782	4696808	1
chr20	4696808	4696816	2
chr20	4696816	4696829	3
chr20	4696829	4696858	5
chr20	4696858	4696870	4
chr20	4696870	4696884	5
chr20	4696884	4696892	4
chr20	4696892	4696905	3
chr20	4696905	4696923	1
chr20	4696923	4696946	3
chr20	4696946	4696976	2
chr20	4696976	4696986	3
chr20	4696986	4696999	4
chr20	4696999	4697008	2
chr20	4697008	4697014	3
chr20	4697014	4697052	4
chr20	4697052	4697062	3
chr20	4697062	4697084	2
chr20	4697084	4697090	1
chr20	4697090	4697197	0
chr20	4697197	4697273	1
chr20	4697273	4697295	0
chr20	4697295	4697326	1
chr20	4697326	4697344	2
chr20	4697344	4697371	3
chr20	4697371	4697377	2
chr20	4697377	4697389	3
chr20	4697389	4697402	4
chr20	4697402	4697420	3
chr20	4697420	4697436	2
chr20	4697436	4697465	3
chr20	4697465	4697469	2
chr20	4697469	4697472	3
chr20	4697472	4697512	4
chr20	4697512	4697521	3
chr20	4697521	4697530	4
chr20	4697530	4697533	5
chr20	4697533	4697545	6
chr20	4697545	4697548	5
chr20	4697548	4697555	4
chr20	4697555	4697562	5
chr20	4697562	4697591	6
chr20	4697591	4697597	7
chr20	4697597	4697602	6
chr20	4697602	4697605	7
chr20	4697605	4697606	6
chr20	4697606	4697609	5
chr20	4697609	4697611	4
chr20	4697611	4697617	5
chr20	4697617	4697618	6
chr20	4697618	4697631	7
chr20	4697631	4697638	6
chr20	4697638	4697667	5
chr20	4697667	4697678	4
chr20	4697678	4697684	3
chr20	4697684	4697687	4
chr20	4697687	4697692	3
chr20	4697692	4697693	4
chr20	4697693	4697694	3
chr20	4697694	4697697	2
chr20	4697697	4697718	3
chr20	4697718	4697724	4
chr20	4697724	4697725	5
chr20	4697725	4697728	6
chr20	4697728	4697740	7
chr20	4697740	4697745	8
chr20	4697745	4697753	9
chr20	4697753	4697760	10
chr20	4697760	4697768	9
chr20	4697768	4697772	8
chr20	4697772	4697773	9
chr20	4697773	4697775	8
chr20	4697775	4697794	9
chr20	4697794	4697800	8
chr20	4697800	4697801	7
chr20	4697801	4697804	6
chr20	4697804	4697814	5
chr20	4697814	4697821	4
chr20	4697821	4697829	3
chr20	4697829	4697848	2
chr20	4697848	4697851	1
chr20	4697851	4697854	0
chr20	4697854	4697858	1
chr20	4697858	4697894	2
chr20	4697894	4697911	3
chr20	4697911	4697925	4
chr20	4697925	4697930	6
chr20	4697930	4697934	5
chr20	4697934	4697951	4
chr20	4697951	4697956	5
chr20	4697956	4697970	6
chr20	4697970	4697985	5
chr20	4697985	4697987	6
chr20	4697987	4698001	5
chr20	4698001	4698027	3
chr20	4698027	4698032	2
chr20	4698032	4698055	1
chr20	4698055	4698061	2
chr20	4698061	4698074	1
chr20	4698074	4698079	2
chr20	4698079	4698080	4
chr20	4698080	4698091	5
chr20	4698091	4698094	6
chr20	4698094	4698124	7
chr20	4698124	4698128	8
chr20	4698128	4698131	9
chr20	4698131	4698138	8
chr20	4698138	4698150	9
chr20	4698150	4698155	8
chr20	4698155	4698156	6
chr20	4698156	4698166	5
chr20	4698166	4698167	6
chr20	4698167	4698170	5
chr20	4698170	4698174	4
chr20	4698174	4698196	5
chr20	4698196	4698198	7
chr20	4698198	4698200	8
chr20	4698200	4698204	7
chr20	4698204	4698214	6
chr20	4698214	4698242	5
chr20	4698242	4698250	4
chr20	4698250	4698268	3
chr20	4698268	4698270	4
chr20	4698270	4698272	5
chr20	4698272	4698274	3
chr20	4698274	4698286	2
chr20	4698286	4698298	3
chr20	4698298	4698316	4
chr20	4698316	4698330	5
chr20	4698330	4698334	7
chr20	4698334	4698344	8
chr20	4698344	4698346	7
chr20	4698346	4698358	6
chr20	4698358	4698362	8
chr20	4698362	4698363	7
chr20	4698363	4698392	8
chr20	4698392	4698406	7
chr20	4698406	4698407	5
chr20	4698407	4698410	6
chr20	4698410	4698413	5
chr20	4698413	4698427	6
chr20	4698427	4698430	7
chr20	4698430	4698433	8
chr20	4698433	4698434	9
chr20	4698434	4698439	7
chr20	4698439	4698450	6
chr20	4698450	4698463	5
chr20	4698463	4698476	6
chr20	4698476	4698481	7
chr20	4698481	4698487	6
chr20	4698487	4698489	8
chr20	4698489	4698494	7
chr20	4698494	4698495	8
chr20	4698495	4698496	9
chr20	4698496	4698503	10
chr20	4698503	4698506	9
chr20	4698506	4698509	8
chr20	4698509	4698512	7
chr20	4698512	4698530	8
chr20	4698530	4698531	9
chr20	4698531	4698539	11
chr20	4698539	4698552	10
chr20	4698552	4698554	9
chr20	4698554	4698561	11
chr20	4698561	4698563	12
chr20	4698563	4698569	10
chr20	4698569	4698570	11
chr20	4698570	4698571	10
chr20	4698571	4698572	9
chr20	4698572	4698578	8
chr20	4698578	4698582	10
chr20	4698582	4698588	11
chr20	4698588	4698606	10
chr20	4698606	4698607	9
chr20	4698607	4698629	7
chr20	4698629	4698630	6
chr20	4698630	4698631	5
chr20	4698631	4698637	6
chr20	4698637	4698642	5
chr20	4698642	4698645	6
chr20	4698645	4698654	5
chr20	4698654	4698673	3
chr20	4698673	4698676	4
chr20	4698676	4698683	5
chr20	4698683	4698685	6
chr20	4698685	4698691	7
chr20	4698691	4698692	8
chr20	4698692	4698698	9
chr20	4698698	4698707	10
chr20	4698707	4698734	9
chr20	4698734	4698749	8
chr20	4698749	4698752	7
chr20	4698752	4698759	6
chr20	4698759	4698760	5
chr20	4698760	4698764	4
chr20	4698764	4698767	5
chr20	4698767	4698768	4
chr20	4698768	4698774	3
chr20	4698774	4698778	2
chr20	4698778	4698794	3
chr20	4698794	4698805	2
chr20	4698805	4698823	3
chr20	4698823	4698836	4
chr20	4698836	4698839	6
chr20	4698839	4698854	5
chr20	4698854	4698859	4
chr20	4698859	4698866	5
chr20	4698866	4698889	6
chr20	4698889	4698898	7
chr20	4698898	4698899	8
chr20	4698899	4698912	7
chr20	4698912	4698915	5
chr20	4698915	4698927	6
chr20	4698927	4698935	7
chr20	4698935	4698939	6
chr20	4698939	4698942	7
chr20	4698942	4698955	6
#bedGraph section chr20:4698955-4700247
chr20	4698955	4698957	8
chr20	4698957	4698963	7
chr20	4698963	4698965	9
chr20	4698965	4698967	8
chr20	4698967	4698974	10
chr20	4698974	4698975	9
chr20	4698975	4698982	10
chr20	4698982	4698986	11
chr20	4698986	4698988	12
chr20	4698988	4698991	13
chr20	4698991	4698993	12
chr20	4698993	4699003	14
chr20	4699003	4699011	13
chr20	4699011	4699015	14
chr20	4699015	4699024	13
chr20	4699024	4699030	14
chr20	4699030	4699038	12
chr20	4699038	4699039	13
chr20	4699039	4699043	11
chr20	4699043	4699051	9
chr20	4699051	4699058	8
chr20	4699058	4699062	7
chr20	4699062	4699064	6
chr20	4699064	4699068	5
chr20	4699068	4699069	6
chr20	4699069	4699073	4
chr20	4699073	4699081	5
chr20	4699081	4699087	6
chr20	4699087	4699100	5
chr20	4699100	4699105	4
chr20	4699105	4699114	5
chr20	4699114	4699133	4
chr20	4699133	4699144	5
chr20	4699144	4699153	4
chr20	4699153	4699156	5
chr20	4699156	4699157	6
chr20	4699157	4699158	5
chr20	4699158	4699163	7
chr20	4699163	4699179	9
chr20	4699179	4699188	8
chr20	4699188	4699189	9
chr20	4699189	4699194	10
chr20	4699194	4699201	11
chr20	4699201	4699208	12
chr20	4699208	4699209	14
chr20	4699209	4699210	13
chr20	4699210	4699211	453
chr20	4699211	4699212	454
chr20	4699212	4699213	450
chr20	4699213	4699214	453
chr20	4699214	4699215	451
chr20	4699215	4699216	476
chr20	4699216	4699217	477
chr20	4699217	4699219	483
chr20	4699219	4699220	486
chr20	4699220	4699221	488
chr20	4699221	4699222	490
chr20	4699222	4699223	502
chr20	4699223	4699224	506
chr20	4699224	4699225	517
chr20	4699225	4699226	514
chr20	4699226	4699227	516
chr20	4699227	4699228	517
chr20	4699228	4699229	520
chr20	4699229	4699230	540
chr20	4699230	4699231	550
chr20	4699231	4699232	555
chr20	4699232	4699233	573
chr20	4699233	4699234	567
chr20	4699234	4699235	563
chr20	4699235	4699236	564
chr20	4699236	4699237	569
chr20	4699237	4699238	568
chr20	4699238	4699239	576
chr20	4699239	4699240	575
chr20	4699240	4699241	584
chr20	4699241	4699242	574
chr20	4699242	4699243	575
chr20	4699243	4699244	581
chr20	4699244	4699245	598
chr20	4699245	4699246	575
chr20	4699246	4699247	585
chr20	4699247	4699248	593
chr20	4699248	4699249	573
chr20	4699249	4699250	546
chr20	4699250	4699251	548
chr20	4699251	4699252	549
chr20	4699252	4699253	531
chr20	4699253	4699254	526
chr20	4699254	4699255	516
chr20	4699255	4699257	495
chr20	4699257	4699258	487
chr20	4699258	4699259	481
chr20	4699259	4699260	467
chr20	4699260	4699261	462
chr20	4699261	4699262	479
chr20	4699262	4699263	483
chr20	4699263	4699264	497
chr20	4699264	4699265	492
chr20	4699265	4699266	488
chr20	4699266	4699267	483
chr20	4699267	4699268	487
chr20	4699268	4699269	483
chr20	4699269	4699270	490
chr20	4699270	4699271	484
chr20	4699271	4699272	477
chr20	4699272	4699273	478
chr20	4699273	4699274	477
chr20	4699274	4699275	475
chr20	4699275	4699276	472
chr20	4699276	4699277	469
chr20	4699277	4699278	452
chr20	4699278	4699279	447
chr20	4699279	4699280	441
chr20	4699280	4699281	438
chr20	4699281	4699282	429
chr20	4699282	4699284	427
chr20	4699284	4699285	428
chr20	4699285	4699287	444
chr20	4699287	4699288	450
chr20	4699288	4699289	453
chr20	4699289	4699290	459
chr20	4699290	4699291	448
chr20	4699291	4699292	452
chr20	4699292	4699293	456
chr20	4699293	4699294	454
chr20	4699294	4699295	459
chr20	4699295	4699296	458
chr20	4699296	4699297	456
chr20	4699297	4699298	457
chr20	4699298	4699299	445
chr20	4699299	4699301	441
chr20	4699301	4699302	444
chr20	4699302	4699303	441
chr20	4699303	4699304	440
chr20	4699304	4699305	443
chr20	4699305	4699306	422
chr20	4699306	4699307	411
chr20	4699307	4699308	409
chr20	4699308	4699310	393
chr20	4699310	4699311	395
chr20	4699311	4699312	405
chr20	4699312	4699313	401
chr20	4699313	4699314	392
chr20	4699314	4699315	388
chr20	4699315	4699316	394
chr20	4699316	4699317	386
chr20	4699317	4699319	393
chr20	4699319	4699320	389
chr20	4699320	4699321	367
chr20	4699321	4699322	359
chr20	4699322	4699323	345
chr20	4699323	4699324	330
chr20	4699324	4699325	328
chr20	4699325	4699326	329
chr20	4699326	4699327	323
chr20	4699327	4699328	324
chr20	4699328	4699329	311
chr20	4699329	4699330	306
chr20	4699330	4699331	304
chr20	4699331	4699332	301
chr20	4699332	4699333	299
chr20	4699333	4699334	307
chr20	4699334	4699335	314
chr20	4699335	4699336	316
chr20	4699336	4699337	318
chr20	4699337	4699338	306
chr20	4699338	4699339	301
chr20	4699339	4699340	297
chr20	4699340	4699342	296
chr20	4699342	4699343	300
chr20	4699343	4699344	296
chr20	4699344	4699345	292
chr20	4699345	4699346	289
chr20	4699346	4699348	291
chr20	4699348	4699349	288
chr20	4699349	4699350	286
chr20	4699350	4699351	283
chr20	4699351	4699352	282
chr20	4699352	4699353	284
chr20	4699353	4699354	283
chr20	4699354	4699356	280
chr20	4699356	4699358	283
chr20	4699358	4699360	282
chr20	4699360	4699361	285
chr20	4699361	4699362	267
chr20	4699362	4699363	269
chr20	4699363	4699364	263
chr20	4699364	4699365	253
chr20	4699365	4699366	246
chr20	4699366	4699367	250
chr20	4699367	4699368	244
chr20	4699368	4699370	239
chr20	4699370	4699371	235
chr20	4699371	4699372	233
chr20	4699372	4699373	230
chr20	4699373	4699374	228
chr20	4699374	4699376	229
chr20	4699376	4699377	219
chr20	4699377	4699379	218
chr20	4699379	4699381	219
chr20	4699381	4699383	213
chr20	4699383	4699384	212
chr20	4699384	4699387	213
chr20	4699387	4699388	218
chr20	4699388	4699391	215
chr20	4699391	4699393	207
chr20	4699393	4699394	204
chr20	4699394	4699395	200
chr20	4699395	4699396	198
chr20	4699396	4699397	201
chr20	4699397	4699398	200
chr20	4699398	4699399	203
chr20	4699399	4699401	202
chr20	4699401	4699402	200
chr20	4699402	4699403	198
chr20	4699403	4699405	191
chr20	4699405	4699408	190
chr20	4699408	4699409	187
chr20	4699409	4699410	182
chr20	4699410	4699411	178
chr20	4699411	4699412	180
chr20	4699412	4699413	176
chr20	4699413	4699415	171
chr20	4699415	4699417	161
chr20	4699417	4699418	162
chr20	4699418	4699419	166
chr20	4699419	4699420	169
chr20	4699420	4699421	170
chr20	4699421	4699422	167
chr20	4699422	4699423	171
chr20	4699423	4699424	173
chr20	4699424	4699425	172
chr20	4699425	4699426	174
chr20	4699426	4699427	175
chr20	4699427	4699428	177
chr20	4699428	4699429	178
chr20	4699429	4699430	177
chr20	4699430	4699431	181
chr20	4699431	4699432	184
chr20	4699432	4699434	179
chr20	4699434	4699435	178
chr20	4699435	4699436	194
chr20	4699436	4699437	192
chr20	4699437	4699440	195
chr20	4699440	4699442	205
chr20	4699442	4699444	199
chr20	4699444	4699445	205
chr20	4699445	4699447	204
chr20	4699447	4699448	203
chr20	4699448	4699449	204
chr20	4699449	4699450	207
chr20	4699450	4699451	209
chr20	4699451	4699452	214
chr20	4699452	4699453	224
chr20	4699453	4699454	220
chr20	4699454	4699455	221
chr20	4699455	4699457	227
chr20	4699457	4699458	235
chr20	4699458	4699459	244
chr20	4699459	4699460	277
chr20	4699460	4699461	286
chr20	4699461	4699462	294
chr20	4699462	4699463	301
chr20	4699463	4699464	298
chr20	4699464	4699466	309
chr20	4699466	4699468	313
chr20	4699468	4699469	327
chr20	4699469	4699470	328
chr20	4699470	4699472	333
chr20	4699472	4699473	334
chr20	4699473	4699474	345
chr20	4699474	4699475	343
chr20	4699475	4699476	348
chr20	4699476	4699477	351
chr20	4699477	4699478	352
chr20	4699478	4699479	357
chr20	4699479	4699480	361
chr20	4699480	4699481	360
chr20	4699481	4699482	364
chr20	4699482	4699483	374
chr20	4699483	4699484	408
chr20	4699484	4699485	418
chr20	4699485	4699486	423
chr20	4699486	4699487	430
chr20	4699487	4699488	439
chr20	4699488	4699489	446
chr20	4699489	4699490	445
chr20	4699490	4699491	465
chr20	4699491	4699492	478
chr20	4699492	4699493	482
chr20	4699493	4699494	502
chr20	4699494	4699495	496
chr20	4699495	4699496	494
chr20	4699496	4699497	497
chr20	4699497	4699498	510
chr20	4699498	4699499	512
chr20	4699499	4699500	521
chr20	4699500	4699501	529
chr20	4699501	4699502	553
chr20	4699502	4699503	549
chr20	4699503	4699504	584
chr20	4699504	4699505	596
chr20	4699505	4699506	607
chr20	4699506	4699507	605
chr20	4699507	4699508	608
chr20	4699508	4699509	609
chr20	4699509	4699510	610
chr20	4699510	4699511	618
chr20	4699511	4699512	612
chr20	4699512	4699513	620
chr20	4699513	4699514	634
chr20	4699514	4699515	635
chr20	4699515	4699516	633
chr20	4699516	4699517	629
chr20	4699517	4699519	633
chr20	4699519	4699520	637
chr20	4699520	4699521	635
chr20	4699521	4699522	639
chr20	4699522	4699523	682
chr20	4699523	4699524	699
chr20	4699524	4699525	705
chr20	4699525	4699526	711
chr20	4699526	4699527	707
chr20	4699527	4699528	706
chr20	4699528	4699531	701
chr20	4699531	4699532	696
chr20	4699532	4699533	753
chr20	4699533	4699534	814
chr20	4699534	4699535	817
chr20	4699535	4699536	793
chr20	4699536	4699537	784
chr20	4699537	4699538	779
chr20	4699538	4699539	772
chr20	4699539	4699540	764
chr20	4699540	4699541	756
chr20	4699541	4699543	755
chr20	4699543	4699544	758
chr20	4699544	4699545	749
chr20	4699545	4699546	750
chr20	4699546	4699547	758
chr20	4699547	4699548	759
chr20	4699548	4699549	766
chr20	4699549	4699550	764
chr20	4699550	4699551	774
chr20	4699551	4699552	781
chr20	4699552	4699553	794
chr20	4699553	4699554	798
chr20	4699554	4699555	794
chr20	4699555	4699556	800
chr20	4699556	4699559	812
chr20	4699559	4699560	777
chr20	4699560	4699561	769
chr20	4699561	4699562	764
chr20	4699562	4699563	763
chr20	4699563	4699564	749
chr20	4699564	4699565	741
chr20	4699565	4699566	745
chr20	4699566	4699567	731
chr20	4699567	4699568	720
chr20	4699568	4699569	725
chr20	4699569	4699570	747
chr20	4699570	4699571	758
chr20	4699571	4699572	760
chr20	4699572	4699573	784
chr20	4699573	4699574	764
chr20	4699574	4699575	765
chr20	4699575	4699576	763
chr20	4699576	4699577	760
chr20	4699577	4699578	736
chr20	4699578	4699579	737
chr20	4699579	4699580	701
chr20	4699580	4699581	692
chr20	4699581	4699582	686
chr20	4699582	4699583	725
chr20	4699583	4699584	741
chr20	4699584	4699585	739
chr20	4699585	4699586	761
chr20	4699586	4699587	763
chr20	4699587	4699588	803
chr20	4699588	4699589	810
chr20	4699589	4699590	802
chr20	4699590	4699591	820
chr20	4699591	4699592	816
chr20	4699592	4699593	864
chr20	4699593	4699594	865
chr20	4699594	4699595	866
chr20	4699595	4699596	882
chr20	4699596	4699597	892
chr20	4699597	4699598	915
chr20	4699598	4699599	890
chr20	4699599	4699600	885
chr20	4699600	4699601	898
chr20	4699601	4699602	908
chr20	4699602	4699603	906
chr20	4699603	4699604	920
chr20	4699604	4699606	918
chr20	4699606	4699607	934
chr20	4699607	4699608	992
chr20	4699608	4699609	952
chr20	4699609	4699610	916
chr20	4699610	4699611	922
chr20	4699611	4699612	910
chr20	4699612	4699613	909
chr20	4699613	4699614	910
chr20	4699614	4699615	921
chr20	4699615	4699616	920
chr20	4699616	4699617	946
chr20	4699617	4699618	980
chr20	4699618	4699619	1002
chr20	4699619	4699620	1014
chr20	4699620	4699621	1023
chr20	4699621	4699622	1036
chr20	4699622	4699623	1053
chr20	4699623	4699624	1056
chr20	4699624	4699625	1065
chr20	4699625	4699627	1069
chr20	4699627	4699628	1077
chr20	4699628	4699629	1065
chr20	4699629	4699630	1069
chr20	4699630	4699631	1084
chr20	4699631	4699632	1083
chr20	4699632	4699633	1076
chr20	4699633	4699634	1080
chr20	4699634	4699635	1083
chr20	4699635	4699636	1134
chr20	4699636	4699637	1137
chr20	4699637	4699638	1162
chr20	4699638	4699639	1183
chr20	4699639	4699640	1203
chr20	4699640	4699641	1219
chr20	4699641	4699642	1237
chr20	4699642	4699643	1251
chr20	4699643	4699644	1262
chr20	4699644	4699645	1260
chr20	4699645	4699646	1224
chr20	4699646	4699647	1226
chr20	4699647	4699648	1241
chr20	4699648	4699649	1252
chr20	4699649	4699650	1251
chr20	4699650	4699651	1249
chr20	4699651	4699652	1254
chr20	4699652	4699653	1262
chr20	4699653	4699654	1289
chr20	4699654	4699655	1319
chr20	4699655	4699656	1347
chr20	4699656	4699657	1364
chr20	4699657	4699658	1372
chr20	4699658	4699659	1374
chr20	4699659	4699660	1355
chr20	4699660	4699661	1387
chr20	4699661	4699662	1451
chr20	4699662	4699663	1479
chr20	4699663	4699664	1440
chr20	4699664	4699665	1423
chr20	4699665	4699666	1417
chr20	4699666	4699668	1406
chr20	4699668	4699669	1355
chr20	4699669	4699670	1350
chr20	4699670	4699671	1375
chr20	4699671	4699672	1406
chr20	4699672	4699673	1462
chr20	4699673	4699674	1452
chr20	4699674	4699675	1463
chr20	4699675	4699676	1453
chr20	4699676	4699677	1464
chr20	4699677	4699678	1450
chr20	4699678	4699679	1474
chr20	4699679	4699680	1459
chr20	4699680	4699681	1482
chr20	4699681	4699682	1492
chr20	4699682	4699683	1522
chr20	4699683	4699684	1463
chr20	4699684	4699685	1452
chr20	4699685	4699686	1460
chr20	4699686	4699687	1456
chr20	4699687	4699688	1454
chr20	4699688	4699689	1458
chr20	4699689	4699690	1456
chr20	4699690	4699691	1489
chr20	4699691	4699692	1512
chr20	4699692	4699693	1518
chr20	4699693	4699694	1492
chr20	4699694	4699695	1487
chr20	4699695	4699696	1512
chr20	4699696	4699697	1504
chr20	4699697	4699698	1510
chr20	4699698	4699699	1485
chr20	4699699	4699700	1517
chr20	4699700	4699701	1559
chr20	4699701	4699702	1556
chr20	4699702	4699703	1580
chr20	4699703	4699704	1564
chr20	4699704	4699705	1575
chr20	4699705	4699706	1608
chr20	4699706	4699707	1610
chr20	4699707	4699708	1606
chr20	4699708	4699709	1629
chr20	4699709	4699710	1633
chr20	4699710	4699711	1642
chr20	4699711	4699712	1601
chr20	4699712	4699713	1613
chr20	4699713	4699714	1628
chr20	4699714	4699715	1622
chr20	4699715	4699716	1617
chr20	4699716	4699717	1615
chr20	4699717	4699718	1606
chr20	4699718	4699719	1593
chr20	4699719	4699720	1607
chr20	4699720	4699721	1605
chr20	4699721	4699722	1616
chr20	4699722	4699723	1619
chr20	4699723	4699724	1622
chr20	4699724	4699725	1602
chr20	4699725	4699726	1603
chr20	4699726	4699727	1699
chr20	4699727	4699729	1715
chr20	4699729	4699730	1704
chr20	4699730	4699731	1699
chr20	4699731	4699732	1707
chr20	4699732	4699733	1747
chr20	4699733	4699734	1759
chr20	4699734	4699735	1725
chr20	4699735	4699736	1777
chr20	4699736	4699737	1746
chr20	4699737	4699738	1670
chr20	4699738	4699739	1687
chr20	4699739	4699740	1709
chr20	4699740	4699741	1756
chr20	4699741	4699742	1779
chr20	4699742	4699743	1780
chr20	4699743	4699744	1785
chr20	4699744	4699745	1805
chr20	4699745	4699746	1825
chr20	4699746	4699747	1823
chr20	4699747	4699748	1780
chr20	4699748	4699749	1729
chr20	4699749	4699750	1716
chr20	4699750	4699751	1725
chr20	4699751	4699752	1761
chr20	4699752	4699753	1733
chr20	4699753	4699754	1731
chr20	4699754	4699755	1712
chr20	4699755	4699756	1718
chr20	4699756	4699757	1784
chr20	4699757	4699758	1826
chr20	4699758	4699759	1789
chr20	4699759	4699760	1797
chr20	4699760	4699761	1792
chr20	4699761	4699762	1783
chr20	4699762	4699763	1800
chr20	4699763	4699764	1817
chr20	4699764	4699765	1863
chr20	4699765	4699766	1910
chr20	4699766	4699767	1874
chr20	4699767	4699768	1866
chr20	4699768	4699769	1845
chr20	4699769	4699770	1850
chr20	4699770	4699771	1840
chr20	4699771	4699772	1820
chr20	4699772	4699773	1847
chr20	4699773	4699774	1834
chr20	4699774	4699775	1839
chr20	4699775	4699776	1836
chr20	4699776	4699777	1774
chr20	4699777	4699778	1830
chr20	4699778	4699779	1836
chr20	4699779	4699780	1838
chr20	4699780	4699781	1860
chr20	4699781	4699782	1828
chr20	4699782	4699783	1837
chr20	4699783	4699784	1857
chr20	4699784	4699785	1856
chr20	4699785	4699786	1857
chr20	4699786	4699787	1849
chr20	4699787	4699788	1862
chr20	4699788	4699789	1885
chr20	4699789	4699790	1861
chr20	4699790	4699791	1841
chr20	4699791	4699792	1876
chr20	4699792	4699793	1874
chr20	4699793	4699794	1905
chr20	4699794	4699796	1906
chr20	4699796	4699797	1903
chr20	4699797	4699798	1893
chr20	4699798	4699799	1876
chr20	4699799	4699800	1862
chr20	4699800	4699801	1844
chr20	4699801	4699802	1911
chr20	4699802	4699803	1811
chr20	4699803	4699804	1812
chr20	4699804	4699805	1814
chr20	4699805	4699806	1835
chr20	4699806	4699807	1831
chr20	4699807	4699808	1809
chr20	4699808	4699809	1783
chr20	4699809	4699810	1778
chr20	4699810	4699811	1783
chr20	4699811	4699812	1753
chr20	4699812	4699813	1795
chr20	4699813	4699814	2037
chr20	4699814	4699815	2005
chr20	4699815	4699816	2078
chr20	4699816	4699817	2036
chr20	4699817	4699818	2017
chr20	4699818	4699819	2013
chr20	4699819	4699820	2015
chr20	4699820	4699821	1990
chr20	4699821	4699822	1986
chr20	4699822	4699823	1980
chr20	4699823	4699825	1981
chr20	4699825	4699826	2002
chr20	4699826	4699827	1975
chr20	4699827	4699829	1959
chr20	4699829	4699830	1965
chr20	4699830	4699831	1982
chr20	4699831	4699832	1975
chr20	4699832	4699833	1889
chr20	4699833	4699834	1838
chr20	4699834	4699835	1831
chr20	4699835	4699836	1823
chr20	4699836	4699837	1848
chr20	4699837	4699838	1851
chr20	4699838	4699839	1835
chr20	4699839	4699840	1827
chr20	4699840	4699841	1780
chr20	4699841	4699842	1758
chr20	4699842	4699843	1777
chr20	4699843	4699844	1772
chr20	4699844	4699845	1773
chr20	4699845	4699846	1751
chr20	4699846	4699847	1753
chr20	4699847	4699848	1746
chr20	4699848	4699849	1724
chr20	4699849	4699850	1732
chr20	4699850	4699851	1729
chr20	4699851	4699852	1710
chr20	4699852	4699853	1718
chr20	4699853	4699854	1712
chr20	4699854	4699855	1676
chr20	4699855	4699856	1672
chr20	4699856	4699857	1646
chr20	4699857	4699858	1647
chr20	4699858	4699859	1627
chr20	4699859	4699860	1611
chr20	4699860	4699861	1598
chr20	4699861	4699862	1580
chr20	4699862	4699863	1610
chr20	4699863	4699864	1593
chr20	4699864	4699865	1581
chr20	4699865	4699866	1563
chr20	4699866	4699867	1593
chr20	4699867	4699868	1555
chr20	4699868	4699869	1560
chr20	4699869	4699870	1522
chr20	4699870	4699871	1528
chr20	4699871	4699872	1509
chr20	4699872	4699873	1511
chr20	4699873	4699874	1538
chr20	4699874	4699875	1534
chr20	4699875	4699876	1529
chr20	4699876	4699877	1533
chr20	4699877	4699878	1476
chr20	4699878	4699879	1547
chr20	4699879	4699880	1587
chr20	4699880	4699881	1593
chr20	4699881	4699882	1551
chr20	4699882	4699883	1545
chr20	4699883	4699884	1560
chr20	4699884	4699885	1602
chr20	4699885	4699886	1584
chr20	4699886	4699887	1596
chr20	4699887	4699888	1575
chr20	4699888	4699889	1536
chr20	4699889	4699890	1281
chr20	4699890	4699891	1264
chr20	4699891	4699892	1170
chr20	4699892	4699893	1155
chr20	4699893	4699894	1157
chr20	4699894	4699895	1159
chr20	4699895	4699896	1158
chr20	4699896	4699897	1160
chr20	4699897	4699898	1148
chr20	4699898	4699899	1140
chr20	4699899	4699900	1131
chr20	4699900	4699901	1108
chr20	4699901	4699902	1146
chr20	4699902	4699903	1145
chr20	4699903	4699904	1134
chr20	4699904	4699905	1149
chr20	4699905	4699906	1157
chr20	4699906	4699907	1184
chr20	4699907	4699908	1192
chr20	4699908	4699909	1299
chr20	4699909	4699910	1304
chr20	4699910	4699911	1303
chr20	4699911	4699912	1329
chr20	4699912	4699913	1310
chr20	4699913	4699914	1289
chr20	4699914	4699915	1300
chr20	4699915	4699916	1297
chr20	4699916	4699917	1344
chr20	4699917	4699918	1321
chr20	4699918	4699919	1351
chr20	4699919	4699920	1366
chr20	4699920	4699921	1375
chr20	4699921	4699922	1391
chr20	4699922	4699923	1410
chr20	4699923	4699924	1415
chr20	4699924	4699925	1446
chr20	4699925	4699926	1463
chr20	4699926	4699927	1470
chr20	4699927	4699928	1484
chr20	4699928	4699929	1476
chr20	4699929	4699930	1426
chr20	4699930	4699931	1420
chr20	4699931	4699932	1419
chr20	4699932	4699933	1425
chr20	4699933	4699934	1411
chr20	4699934	4699935	1410
chr20	4699935	4699936	1442
chr20	4699936	4699937	1439
chr20	4699937	4699938	1453
chr20	4699938	4699939	1430
chr20	4699939	4699940	1433
chr20	4699940	4699941	1412
chr20	4699941	4699942	1418
chr20	4699942	4699943	1390
chr20	4699943	4699944	1414
chr20	4699944	4699945	1464
chr20	4699945	4699946	1494
chr20	4699946	4699947	1613
chr20	4699947	4699948	1608
chr20	4699948	4699949	1622
chr20	4699949	4699950	1607
chr20	4699950	4699951	1624
chr20	4699951	4699953	1649
chr20	4699953	4699954	1670
chr20	4699954	4699955	1608
chr20	4699955	4699956	1550
chr20	4699956	4699957	1552
chr20	4699957	4699958	1565
chr20	4699958	4699959	1561
chr20	4699959	4699960	1548
chr20	4699960	4699961	1510
chr20	4699961	4699962	1511
chr20	4699962	4699963	1499
chr20	4699963	4699964	1526
chr20	4699964	4699965	1529
chr20	4699965	4699966	1520
chr20	4699966	4699967	1525
chr20	4699967	4699968	1537
chr20	4699968	4699969	1541
chr20	4699969	4699970	1542
chr20	4699970	4699971	1560
chr20	4699971	4699972	1571
chr20	4699972	4699973	1572
chr20	4699973	4699974	1597
chr20	4699974	4699975	1587
chr20	4699975	4699976	1600
chr20	4699976	4699977	1634
chr20	4699977	4699979	1581
chr20	4699979	4699980	1587
chr20	4699980	4699981	1597
chr20	4699981	4699982	1596
chr20	4699982	4699983	1686
chr20	4699983	4699984	1714
chr20	4699984	4699985	1634
chr20	4699985	4699986	1663
chr20	4699986	4699987	1666
chr20	4699987	4699988	1657
chr20	4699988	4699989	1640
chr20	4699989	4699990	1645
chr20	4699990	4699991	1657
chr20	4699991	4699992	1667
chr20	4699992	4699993	1648
chr20	4699993	4699994	1673
chr20	4699994	4699995	1618
chr20	4699995	4699996	1619
chr20	4699996	4699997	1597
chr20	4699997	4699998	1583
chr20	4699998	4699999	1562
chr20	4699999	4700000	1550
chr20	4700000	4700001	1509
chr20	4700001	4700002	1477
chr20	4700002	4700003	1461
chr20	4700003	4700004	1440
chr20	4700004	4700005	1445
chr20	4700005	4700006	1456
chr20	4700006	4700007	1466
chr20	4700007	4700008	1480
chr20	4700008	4700010	1501
chr20	4700010	4700011	1512
chr20	4700011	4700012	1480
chr20	4700012	4700013	1475
chr20	4700013	4700014	1468
chr20	4700014	4700015	1464
chr20	4700015	4700016	1525
chr20	4700016	4700017	1558
chr20	4700017	4700019	1554
chr20	4700019	4700020	1532
chr20	4700020	4700021	1463
chr20	4700021	4700022	1469
chr20	4700022	4700023	1420
chr20	4700023	4700024	1419
chr20	4700024	4700025	1418
chr20	4700025	4700026	1416
chr20	4700026	4700027	1403
chr20	4700027	4700028	1384
chr20	4700028	4700029	1389
chr20	4700029	4700030	1374
chr20	4700030	4700031	1372
chr20	4700031	4700032	1378
chr20	4700032	4700033	1365
chr20	4700033	4700034	1362
chr20	4700034	4700035	1372
chr20	4700035	4700036	1404
chr20	4700036	4700037	1396
chr20	4700037	4700038	1442
chr20	4700038	4700039	1441
chr20	4700039	4700040	1411
chr20	4700040	4700041	1406
chr20	4700041	4700042	1427
chr20	4700042	4700043	1436
chr20	4700043	4700044	1477
chr20	4700044	4700045	1475
chr20	4700045	4700046	1507
chr20	4700046	4700048	1499
chr20	4700048	4700049	1504
chr20	4700049	4700050	1498
chr20	4700050	4700051	1510
chr20	4700051	4700052	1547
chr20	4700052	4700053	1526
chr20	4700053	4700054	1528
chr20	4700054	4700055	1583
chr20	4700055	4700056	1614
chr20	4700056	4700057	1627
chr20	4700057	4700058	1632
chr20	4700058	4700059	1500
chr20	4700059	4700060	1469
chr20	4700060	4700061	1458
chr20	4700061	4700062	1434
chr20	4700062	4700063	1451
chr20	4700063	4700064	1459
chr20	4700064	4700065	1463
chr20	4700065	4700066	1517
chr20	4700066	4700067	1500
chr20	4700067	4700068	1488
chr20	4700068	4700069	1512
chr20	4700069	4700070	1563
chr20	4700070	4700071	1661
chr20	4700071	4700072	1651
chr20	4700072	4700073	1661
chr20	4700073	4700074	1659
chr20	4700074	4700075	1698
chr20	4700075	4700076	1702
chr20	4700076	4700077	1775
chr20	4700077	4700078	1787
chr20	4700078	4700079	1789
chr20	4700079	4700081	1784
chr20	4700081	4700082	1789
chr20	4700082	4700083	1780
chr20	4700083	4700084	1766
chr20	4700084	4700085	1743
chr20	4700085	4700086	1744
chr20	4700086	4700087	1740
chr20	4700087	4700088	1755
chr20	4700088	4700089	1791
chr20	4700089	4700090	1781
chr20	4700090	4700091	1776
chr20	4700091	4700092	1730
chr20	4700092	4700093	1700
chr20	4700093	4700094	1853
chr20	4700094	4700095	1898
chr20	4700095	4700096	1938
chr20	4700096	4700097	2002
chr20	4700097	4700098	1969
chr20	4700098	4700099	1943
chr20	4700099	4700100	1956
chr20	4700100	4700101	1949
chr20	4700101	4700102	1966
chr20	4700102	4700103	1972
chr20	4700103	4700104	2003
chr20	4700104	4700105	1991
chr20	4700105	4700106	2025
chr20	4700106	4700107	2031
chr20	4700107	4700108	2019
chr20	4700108	4700109	2058
chr20	4700109	4700110	2057
chr20	4700110	4700111	2041
chr20	4700111	4700112	1990
chr20	4700112	4700113	1974
chr20	4700113	4700114	1932
chr20	4700114	4700115	1962
chr20	4700115	4700116	1988
chr20	4700116	4700117	1970
chr20	4700117	4700118	1950
chr20	4700118	4700119	1943
chr20	4700119	4700120	1918
chr20	4700120	4700121	1929
chr20	4700121	4700122	1893
chr20	4700122	4700123	1945
chr20	4700123	4700124	1937
chr20	4700124	4700125	1950
chr20	4700125	4700126	1942
chr20	4700126	4700127	1941
chr20	4700127	4700128	1926
chr20	4700128	4700129	1916
chr20	4700129	4700130	1923
chr20	4700130	4700131	1875
chr20	4700131	4700132	1828
chr20	4700132	4700133	1826
chr20	4700133	4700134	1839
chr20	4700134	4700135	1929
chr20	4700135	4700136	2143
chr20	4700136	4700137	2184
chr20	4700137	4700138	2185
chr20	4700138	4700139	2171
chr20	4700139	4700140	2146
chr20	4700140	4700141	2174
chr20	4700141	4700143	2130
chr20	4700143	4700144	2121
chr20	4700144	4700145	2072
chr20	4700145	4700146	2009
chr20	4700146	4700147	2028
chr20	4700147	4700148	2014
chr20	4700148	4700149	2003
chr20	4700149	4700150	1999
chr20	4700150	4700151	1982
chr20	4700151	4700152	1978
chr20	4700152	4700153	2013
chr20	4700153	4700154	2008
chr20	4700154	4700155	2023
chr20	4700155	4700156	2027
chr20	4700156	4700157	2057
chr20	4700157	4700158	2051
chr20	4700158	4700159	2060
chr20	4700159	4700160	2089
chr20	4700160	4700161	2101
chr20	4700161	4700162	2097
chr20	4700162	4700163	2112
chr20	4700163	4700164	2107
chr20	4700164	4700165	2072
chr20	4700165	4700166	2088
chr20	4700166	4700167	2086
chr20	4700167	4700168	2064
chr20	4700168	4700169	2061
chr20	4700169	4700170	1912
chr20	4700170	4700171	1871
chr20	4700171	4700172	1831
chr20	4700172	4700173	1758
chr20	4700173	4700174	1844
chr20	4700174	4700175	1810
chr20	4700175	4700176	1821
chr20	4700176	4700177	1826
chr20	4700177	4700178	1813
chr20	4700178	4700179	1850
chr20	4700179	4700180	1842
chr20	4700180	4700181	1839
chr20	4700181	4700182	1798
chr20	4700182	4700183	1785
chr20	4700183	4700184	1827
chr20	4700184	4700185	1795
chr20	4700185	4700186	1794
chr20	4700186	4700187	1804
chr20	4700187	4700188	1819
chr20	4700188	4700189	1860
chr20	4700189	4700190	1877
chr20	4700190	4700191	1856
chr20	4700191	4700192	1839
chr20	4700192	4700193	1841
chr20	4700193	4700194	1840
chr20	4700194	4700195	1873
chr20	4700195	4700196	1875
chr20	4700196	4700197	1884
chr20	4700197	4700198	1898
chr20	4700198	4700199	1841
chr20	4700199	4700200	1849
chr20	4700200	4700201	1870
chr20	4700201	4700202	1906
chr20	4700202	4700203	1904
chr20	4700203	4700204	1882
chr20	4700204	4700205	1877
chr20	4700205	4700206	1893
chr20	4700206	4700207	1896
chr20	4700207	4700208	1905
chr20	4700208	4700209	1931
chr20	4700209	4700210	1903
chr20	4700210	4700211	1986
chr20	4700211	4700212	1798
chr20	4700212	4700213	1742
chr20	4700213	4700214	1735
chr20	4700214	4700215	1732
chr20	4700215	4700216	1765
chr20	4700216	4700217	1752
chr20	4700217	4700218	1768
chr20	4700218	4700219	1781
chr20	4700219	4700220	1786
chr20	4700220	4700221	1796
chr20	4700221	4700222	1812
chr20	4700222	4700223	1705
chr20	4700223	4700224	1719
chr20	4700224	4700225	1728
chr20	4700225	4700226	1737
chr20	4700226	4700227	1782
chr20	4700227	4700228	1823
chr20	4700228	4700229	1748
chr20	4700229	4700230	1745
chr20	4700230	4700231	1762
chr20	4700231	4700232	1751
chr20	4700232	4700233	1737
chr20	4700233	4700234	1724
chr20	4700234	4700235	1729
chr20	4700235	4700236	1715
chr20	4700236	4700237	1707
chr20	4700237	4700238	1719
chr20	4700238	4700239	1721
chr20	4700239	4700240	1726
chr20	4700240	4700241	1720
chr20	4700241	4700242	1706
chr20	4700242	4700243	1720
chr20	4700243	4700244	1739
chr20	4700244	4700246	1742
chr20	4700246	4700247	1762
#bedGraph section chr20:4700247-4701283
chr20	4700247	4700248	1769
chr20	4700248	4700249	1826
chr20	4700249	4700250	1752
chr20	4700250	4700251	1747
chr20	4700251	4700252	1766
chr20	4700252	4700253	1782
chr20	4700253	4700254	1792
chr20	4700254	4700255	1765
chr20	4700255	4700256	1749
chr20	4700256	4700257	1748
chr20	4700257	4700258	1752
chr20	4700258	4700259	1775
chr20	4700259	4700260	1773
chr20	4700260	4700261	1812
chr20	4700261	4700262	1811
chr20	4700262	4700263	1825
chr20	4700263	4700264	1807
chr20	4700264	4700265	1762
chr20	4700265	4700266	1746
chr20	4700266	4700267	1741
chr20	4700267	4700268	1729
chr20	4700268	4700269	1728
chr20	4700269	4700270	1734
chr20	4700270	4700271	1727
chr20	4700271	4700272	1697
chr20	4700272	4700273	1682
chr20	4700273	4700274	1686
chr20	4700274	4700275	1694
chr20	4700275	4700276	1685
chr20	4700276	4700277	1665
chr20	4700277	4700278	1618
chr20	4700278	4700279	1605
chr20	4700279	4700280	1616
chr20	4700280	4700281	1622
chr20	4700281	4700282	1597
chr20	4700282	4700283	1587
chr20	4700283	4700284	1568
chr20	4700284	4700285	1604
chr20	4700285	4700286	1609
chr20	4700286	4700287	1502
chr20	4700287	4700288	1485
chr20	4700288	4700289	1487
chr20	4700289	4700290	1501
chr20	4700290	4700291	1574
chr20	4700291	4700292	1551
chr20	4700292	4700293	1574
chr20	4700293	4700294	1573
chr20	4700294	4700295	1607
chr20	4700295	4700297	1618
chr20	4700297	4700298	1636
chr20	4700298	4700299	1667
chr20	4700299	4700300	1672
chr20	4700300	4700301	1669
chr20	4700301	4700302	1664
chr20	4700302	4700303	1612
chr20	4700303	4700304	1563
chr20	4700304	4700305	1538
chr20	4700305	4700306	1573
chr20	4700306	4700307	1581
chr20	4700307	4700308	1574
chr20	4700308	4700309	1630
chr20	4700309	4700310	1632
chr20	4700310	4700311	1689
chr20	4700311	4700312	1704
chr20	4700312	4700313	1760
chr20	4700313	4700314	1749
chr20	4700314	4700315	1733
chr20	4700315	4700316	1737
chr20	4700316	4700317	1775
chr20	4700317	4700318	1822
chr20	4700318	4700319	1819
chr20	4700319	4700320	1801
chr20	4700320	4700321	1804
chr20	4700321	4700322	1807
chr20	4700322	4700323	1833
chr20	4700323	4700324	1843
chr20	4700324	4700325	1807
chr20	4700325	4700326	1803
chr20	4700326	4700327	1802
chr20	4700327	4700328	1778
chr20	4700328	4700329	1754
chr20	4700329	4700330	1741
chr20	4700330	4700331	1765
chr20	4700331	4700332	1776
chr20	4700332	4700333	1801
chr20	4700333	4700334	1853
chr20	4700334	4700335	1851
chr20	4700335	4700336	1824
chr20	4700336	4700337	1766
chr20	4700337	4700338	1760
chr20	4700338	4700339	1732
chr20	4700339	4700340	1740
chr20	4700340	4700341	1750
chr20	4700341	4700342	1752
chr20	4700342	4700343	1741
chr20	4700343	4700344	1742
chr20	4700344	4700346	1759
chr20	4700346	4700347	1740
chr20	4700347	4700349	1736
chr20	4700349	4700350	1749
chr20	4700350	4700351	1742
chr20	4700351	4700352	1815
chr20	4700352	4700353	1824
chr20	4700353	4700354	1836
chr20	4700354	4700355	1900
chr20	4700355	4700356	1917
chr20	4700356	4700357	1956
chr20	4700357	4700358	1957
chr20	4700358	4700359	1956
chr20	4700359	4700360	1953
chr20	4700360	4700361	1873
chr20	4700361	4700362	1856
chr20	4700362	4700363	1804
chr20	4700363	4700364	1800
chr20	4700364	4700365	1841
chr20	4700365	4700366	1854
chr20	4700366	4700367	1882
chr20	4700367	4700368	1875
chr20	4700368	4700369	1819
chr20	4700369	4700370	1829
chr20	4700370	4700371	1811
chr20	4700371	4700372	1822
chr20	4700372	4700373	1817
chr20	4700373	4700374	1733
chr20	4700374	4700375	1725
chr20	4700375	4700376	1757
chr20	4700376	4700377	1759
chr20	4700377	4700378	1779
chr20	4700378	4700379	1785
chr20	4700379	4700380	1796
chr20	4700380	4700381	1810
chr20	4700381	4700382	1824
chr20	4700382	4700383	1869
chr20	4700383	4700384	1893
chr20	4700384	4700385	1867
chr20	4700385	4700386	1898
chr20	4700386	4700387	1894
chr20	4700387	4700388	1950
chr20	4700388	4700389	1926
chr20	4700389	4700390	1927
chr20	4700390	4700391	1937
chr20	4700391	4700392	1906
chr20	4700392	4700393	1878
chr20	4700393	4700394	1837
chr20	4700394	4700395	1847
chr20	4700395	4700396	1844
chr20	4700396	4700397	1826
chr20	4700397	4700398	1839
chr20	4700398	4700399	1823
chr20	4700399	4700400	1799
chr20	4700400	4700401	1779
chr20	4700401	4700402	1745
chr20	4700402	4700403	1749
chr20	4700403	4700404	1741
chr20	4700404	4700405	1748
chr20	4700405	4700406	1753
chr20	4700406	4700407	1716
chr20	4700407	4700408	1707
chr20	4700408	4700409	1717
chr20	4700409	4700410	1665
chr20	4700410	4700411	1685
chr20	4700411	4700412	1683
chr20	4700412	4700413	1695
chr20	4700413	4700414	1697
chr20	4700414	4700415	1730
chr20	4700415	4700416	1761
chr20	4700416	4700417	1763
chr20	4700417	4700418	1761
chr20	4700418	4700419	1762
chr20	4700419	4700420	1766
chr20	4700420	4700421	1758
chr20	4700421	4700422	1771
chr20	4700422	4700423	1764
chr20	4700423	4700424	1765
chr20	4700424	4700425	1759
chr20	4700425	4700426	1729
chr20	4700426	4700427	1718
chr20	4700427	4700428	1641
chr20	4700428	4700430	1698
chr20	4700430	4700431	1621
chr20	4700431	4700432	1630
chr20	4700432	4700433	1591
chr20	4700433	4700434	1581
chr20	4700434	4700435	1591
chr20	4700435	4700436	1654
chr20	4700436	4700437	1697
chr20	4700437	4700438	1733
chr20	4700438	4700439	1742
chr20	4700439	4700440	1754
chr20	4700440	4700441	1722
chr20	4700441	4700442	1735
chr20	4700442	4700443	1653
chr20	4700443	4700444	1671
chr20	4700444	4700445	1681
chr20	4700445	4700446	1659
chr20	4700446	4700447	1654
chr20	4700447	4700448	1638
chr20	4700448	4700449	1642
chr20	4700449	4700450	1648
chr20	4700450	4700451	1667
chr20	4700451	4700452	1623
chr20	4700452	4700453	1625
chr20	4700453	4700454	1600
chr20	4700454	4700455	1610
chr20	4700455	4700456	1604
chr20	4700456	4700457	1582
chr20	4700457	4700458	1545
chr20	4700458	4700459	1521
chr20	4700459	4700460	1527
chr20	4700460	4700461	1495
chr20	4700461	4700462	1445
chr20	4700462	4700463	1378
chr20	4700463	4700464	1320
chr20	4700464	4700465	1306
chr20	4700465	4700466	1314
chr20	4700466	4700467	1306
chr20	4700467	4700468	1322
chr20	4700468	4700469	1342
chr20	4700469	4700470	1453
chr20	4700470	4700471	1435
chr20	4700471	4700472	1436
chr20	4700472	4700473	1445
chr20	4700473	4700474	1430
chr20	4700474	4700475	1406
chr20	4700475	4700476	1450
chr20	4700476	4700477	1459
chr20	4700477	4700478	1498
chr20	4700478	4700479	1517
chr20	4700479	4700480	1516
chr20	4700480	4700481	1514
chr20	4700481	4700482	1510
chr20	4700482	4700483	1617
chr20	4700483	4700484	1630
chr20	4700484	4700485	1592
chr20	4700485	4700486	1590
chr20	4700486	4700487	1558
chr20	4700487	4700488	1555
chr20	4700488	4700489	1585
chr20	4700489	4700490	1578
chr20	4700490	4700491	1553
chr20	4700491	4700492	1525
chr20	4700492	4700493	1516
chr20	4700493	4700494	1517
chr20	4700494	4700495	1693
chr20	4700495	4700496	1694
chr20	4700496	4700497	1691
chr20	4700497	4700498	1673
chr20	4700498	4700499	1677
chr20	4700499	4700500	1727
chr20	4700500	4700501	1742
chr20	4700501	4700502	1859
chr20	4700502	4700503	1876
chr20	4700503	4700504	1884
chr20	4700504	4700505	1824
chr20	4700505	4700506	1813
chr20	4700506	4700507	1816
chr20	4700507	4700508	1799
chr20	4700508	4700509	1818
chr20	4700509	4700510	1888
chr20	4700510	4700511	1926
chr20	4700511	4700512	1883
chr20	4700512	4700513	1842
chr20	4700513	4700514	1847
chr20	4700514	4700515	1899
chr20	4700515	4700516	1893
chr20	4700516	4700517	1921
chr20	4700517	4700518	1899
chr20	4700518	4700519	1949
chr20	4700519	4700520	1953
chr20	4700520	4700521	2017
chr20	4700521	4700522	2025
chr20	4700522	4700523	2011
chr20	4700523	4700524	2039
chr20	4700524	4700525	2035
chr20	4700525	4700526	2049
chr20	4700526	4700527	2027
chr20	4700527	4700528	2039
chr20	4700528	4700529	2028
chr20	4700529	4700530	2060
chr20	4700530	4700531	2062
chr20	4700531	4700532	2067
chr20	4700532	4700533	2093
chr20	4700533	4700534	2088
chr20	4700534	4700535	2097
chr20	4700535	4700536	2067
chr20	4700536	4700537	2085
chr20	4700537	4700538	2087
chr20	4700538	4700539	2101
chr20	4700539	4700540	2147
chr20	4700540	4700541	2148
chr20	4700541	4700542	2142
chr20	4700542	4700543	2145
chr20	4700543	4700544	2155
chr20	4700544	4700545	2152
chr20	4700545	4700546	2069
chr20	4700546	4700547	2104
chr20	4700547	4700548	2214
chr20	4700548	4700549	2215
chr20	4700549	4700550	2214
chr20	4700550	4700551	2226
chr20	4700551	4700552	2188
chr20	4700552	4700553	2177
chr20	4700553	4700554	2185
chr20	4700554	4700555	2153
chr20	4700555	4700556	2154
chr20	4700556	4700557	2179
chr20	4700557	4700558	2180
chr20	4700558	4700559	2094
chr20	4700559	4700560	2097
chr20	4700560	4700561	2098
chr20	4700561	4700562	2101
chr20	4700562	4700563	2153
chr20	4700563	4700564	2202
chr20	4700564	4700565	2230
chr20	4700565	4700566	2286
chr20	4700566	4700567	2313
chr20	4700567	4700568	2334
chr20	4700568	4700569	2378
chr20	4700569	4700570	2420
chr20	4700570	4700571	2277
chr20	4700571	4700573	2276
chr20	4700573	4700574	2281
chr20	4700574	4700575	2288
chr20	4700575	4700576	2243
chr20	4700576	4700577	2224
chr20	4700577	4700578	2114
chr20	4700578	4700579	2092
chr20	4700579	4700580	2107
chr20	4700580	4700581	2135
chr20	4700581	4700582	2145
chr20	4700582	4700583	2159
chr20	4700583	4700584	2151
chr20	4700584	4700585	2138
chr20	4700585	4700586	2103
chr20	4700586	4700587	2075
chr20	4700587	4700588	2087
chr20	4700588	4700589	2130
chr20	4700589	4700590	2093
chr20	4700590	4700591	2044
chr20	4700591	4700592	2069
chr20	4700592	4700593	2044
chr20	4700593	4700594	2129
chr20	4700594	4700595	2073
chr20	4700595	4700596	2059
chr20	4700596	4700597	1991
chr20	4700597	4700598	1978
chr20	4700598	4700599	2038
chr20	4700599	4700600	2007
chr20	4700600	4700601	1994
chr20	4700601	4700602	1984
chr20	4700602	4700603	2013
chr20	4700603	4700604	2002
chr20	4700604	4700605	2013
chr20	4700605	4700606	1982
chr20	4700606	4700607	1955
chr20	4700607	4700608	1957
chr20	4700608	4700609	1953
chr20	4700609	4700610	2096
chr20	4700610	4700611	2046
chr20	4700611	4700612	2101
chr20	4700612	4700613	2112
chr20	4700613	4700614	2144
chr20	4700614	4700615	2197
chr20	4700615	4700616	2204
chr20	4700616	4700617	2252
chr20	4700617	4700618	2306
chr20	4700618	4700619	2362
chr20	4700619	4700620	2405
chr20	4700620	4700621	2417
chr20	4700621	4700622	2399
chr20	4700622	4700623	2402
chr20	4700623	4700624	2294
chr20	4700624	4700625	2285
chr20	4700625	4700626	2292
chr20	4700626	4700627	2284
chr20	4700627	4700628	2306
chr20	4700628	4700629	2322
chr20	4700629	4700630	2291
chr20	4700630	4700631	2287
chr20	4700631	4700632	2314
chr20	4700632	4700633	2311
chr20	4700633	4700634	2293
chr20	4700634	4700635	2281
chr20	4700635	4700636	2269
chr20	4700636	4700637	2336
chr20	4700637	4700638	2384
chr20	4700638	4700639	2352
chr20	4700639	4700640	2357
chr20	4700640	4700641	2302
chr20	4700641	4700642	2270
chr20	4700642	4700643	2248
chr20	4700643	4700644	2233
chr20	4700644	4700645	2201
chr20	4700645	4700646	2177
chr20	4700646	4700647	2155
chr20	4700647	4700648	2177
chr20	4700648	4700649	2167
chr20	4700649	4700650	2173
chr20	4700650	4700651	2171
chr20	4700651	4700652	2232
chr20	4700652	4700653	2255
chr20	4700653	4700654	2259
chr20	4700654	4700655	2257
chr20	4700655	4700656	2244
chr20	4700656	4700657	2214
chr20	4700657	4700658	2207
chr20	4700658	4700660	2186
chr20	4700660	4700661	2176
chr20	4700661	4700662	2140
chr20	4700662	4700663	2154
chr20	4700663	4700664	2137
chr20	4700664	4700665	2088
chr20	4700665	4700666	2077
chr20	4700666	4700667	2060
chr20	4700667	4700668	2036
chr20	4700668	4700669	2022
chr20	4700669	4700670	1957
chr20	4700670	4700671	1931
chr20	4700671	4700672	1927
chr20	4700672	4700673	1929
chr20	4700673	4700674	1930
chr20	4700674	4700675	1868
chr20	4700675	4700676	1871
chr20	4700676	4700677	1875
chr20	4700677	4700678	1877
chr20	4700678	4700679	1873
chr20	4700679	4700680	1962
chr20	4700680	4700681	1978
chr20	4700681	4700682	2056
chr20	4700682	4700683	2128
chr20	4700683	4700684	2110
chr20	4700684	4700685	2114
chr20	4700685	4700686	1981
chr20	4700686	4700687	1980
chr20	4700687	4700688	1913
chr20	4700688	4700689	1899
chr20	4700689	4700690	1905
chr20	4700690	4700691	1878
chr20	4700691	4700692	1849
chr20	4700692	4700693	1802
chr20	4700693	4700694	1741
chr20	4700694	4700695	1665
chr20	4700695	4700696	1694
chr20	4700696	4700697	1732
chr20	4700697	4700698	1824
chr20	4700698	4700699	1795
chr20	4700699	4700700	1796
chr20	4700700	4700701	1799
chr20	4700701	4700702	1808
chr20	4700702	4700703	1800
chr20	4700703	4700704	1806
chr20	4700704	4700705	1809
chr20	4700705	4700706	1811
chr20	4700706	4700707	1826
chr20	4700707	4700708	1795
chr20	4700708	4700709	1793
chr20	4700709	4700710	1817
chr20	4700710	4700711	1810
chr20	4700711	4700712	1808
chr20	4700712	4700713	1791
chr20	4700713	4700714	1813
chr20	4700714	4700715	1802
chr20	4700715	4700716	1747
chr20	4700716	4700717	1733
chr20	4700717	4700718	1740
chr20	4700718	4700719	1751
chr20	4700719	4700720	1776
chr20	4700720	4700721	1787
chr20	4700721	4700722	1792
chr20	4700722	4700723	1786
chr20	4700723	4700724	1777
chr20	4700724	4700725	1937
chr20	4700725	4700726	1935
chr20	4700726	4700727	1939
chr20	4700727	4700728	1961
chr20	4700728	4700729	2054
chr20	4700729	4700730	2150
chr20	4700730	4700731	2190
chr20	4700731	4700732	2221
chr20	4700732	4700733	2284
chr20	4700733	4700734	2307
chr20	4700734	4700735	2323
chr20	4700735	4700736	2321
chr20	4700736	4700737	2337
chr20	4700737	4700738	2342
chr20	4700738	4700739	2320
chr20	4700739	4700740	2325
chr20	4700740	4700741	2327
chr20	4700741	4700742	2343
chr20	4700742	4700743	2349
chr20	4700743	4700744	2394
chr20	4700744	4700745	2400
chr20	4700745	4700747	2377
chr20	4700747	4700748	2376
chr20	4700748	4700749	2372
chr20	4700749	4700750	2379
chr20	4700750	4700751	2481
chr20	4700751	4700752	2490
chr20	4700752	4700753	2504
chr20	4700753	4700754	2503
chr20	4700754	4700755	2529
chr20	4700755	4700756	2438
chr20	4700756	4700757	2406
chr20	4700757	4700758	2335
chr20	4700758	4700759	2266
chr20	4700759	4700760	2269
chr20	4700760	4700761	2250
chr20	4700761	4700762	2289
chr20	4700762	4700763	2297
chr20	4700763	4700764	2274
chr20	4700764	4700765	2272
chr20	4700765	4700766	2238
chr20	4700766	4700767	2182
chr20	4700767	4700768	2166
chr20	4700768	4700769	2233
chr20	4700769	4700770	2281
chr20	4700770	4700771	2296
chr20	4700771	4700772	2223
chr20	4700772	4700773	2166
chr20	4700773	4700774	2088
chr20	4700774	4700775	2101
chr20	4700775	4700776	2102
chr20	4700776	4700777	2115
chr20	4700777	4700778	2179
chr20	4700778	4700779	2208
chr20	4700779	4700780	2184
chr20	4700780	4700781	2181
chr20	4700781	4700782	2233
chr20	4700782	4700783	2245
chr20	4700783	4700784	2265
chr20	4700784	4700785	2248
chr20	4700785	4700786	2224
chr20	4700786	4700787	2220
chr20	4700787	4700788	2216
chr20	4700788	4700789	2161
chr20	4700789	4700790	2088
chr20	4700790	4700791	2079
chr20	4700791	4700792	2092
chr20	4700792	4700793	2111
chr20	4700793	4700794	2114
chr20	4700794	4700795	2112
chr20	4700795	4700796	2067
chr20	4700796	4700797	2120
chr20	4700797	4700798	2276
chr20	4700798	4700799	2321
chr20	4700799	4700800	2360
chr20	4700800	4700801	2207
chr20	4700801	4700802	2198
chr20	4700802	4700803	2218
chr20	4700803	4700804	2154
chr20	4700804	4700805	2077
chr20	4700805	4700806	1977
chr20	4700806	4700807	1945
chr20	4700807	4700808	2211
chr20	4700808	4700809	2233
chr20	4700809	4700810	2293
chr20	4700810	4700811	2287
chr20	4700811	4700812	2307
chr20	4700812	4700813	2320
chr20	4700813	4700814	2360
chr20	4700814	4700815	2472
chr20	4700815	4700816	2476
chr20	4700816	4700817	2569
chr20	4700817	4700818	2572
chr20	4700818	4700819	2693
chr20	4700819	4700820	2672
chr20	4700820	4700821	2703
chr20	4700821	4700822	2733
chr20	4700822	4700823	2736
chr20	4700823	4700824	2793
chr20	4700824	4700825	2795
chr20	4700825	4700826	2816
chr20	4700826	4700827	2735
chr20	4700827	4700828	2734
chr20	4700828	4700829	2739
chr20	4700829	4700830	2754
chr20	4700830	4700831	2698
chr20	4700831	4700832	2798
chr20	4700832	4700833	2833
chr20	4700833	4700834	2907
chr20	4700834	4700835	3088
chr20	4700835	4700836	3209
chr20	4700836	4700837	3254
chr20	4700837	4700838	3252
chr20	4700838	4700839	3442
chr20	4700839	4700840	3466
chr20	4700840	4700841	3573
chr20	4700841	4700842	3589
chr20	4700842	4700843	3585
chr20	4700843	4700844	3600
chr20	4700844	4700845	3534
chr20	4700845	4700846	3540
chr20	4700846	4700847	3572
chr20	4700847	4700848	3607
chr20	4700848	4700849	3617
chr20	4700849	4700850	3601
chr20	4700850	4700851	3579
chr20	4700851	4700852	3597
chr20	4700852	4700853	3611
chr20	4700853	4700854	3531
chr20	4700854	4700855	3510
chr20	4700855	4700856	3503
chr20	4700856	4700857	3485
chr20	4700857	4700858	3443
chr20	4700858	4700859	3422
chr20	4700859	4700860	3400
chr20	4700860	4700861	3388
chr20	4700861	4700862	3391
chr20	4700862	4700863	3502
chr20	4700863	4700864	3523
chr20	4700864	4700866	3583
chr20	4700866	4700867	3612
chr20	4700867	4700868	3686
chr20	4700868	4700869	3775
chr20	4700869	4700870	3823
chr20	4700870	4700871	3886
chr20	4700871	4700872	3906
chr20	4700872	4700873	3875
chr20	4700873	4700874	3704
chr20	4700874	4700875	3696
chr20	4700875	4700876	3702
chr20	4700876	4700877	3756
chr20	4700877	4700878	3831
chr20	4700878	4700879	3989
chr20	4700879	4700880	3994
chr20	4700880	4700881	3988
chr20	4700881	4700882	3987
chr20	4700882	4700883	4029
chr20	4700883	4700884	3754
chr20	4700884	4700885	3650
chr20	4700885	4700886	3643
chr20	4700886	4700887	3641
chr20	4700887	4700888	3628
chr20	4700888	4700889	3634
chr20	4700889	4700890	3621
chr20	4700890	4700891	3586
chr20	4700891	4700892	3598
chr20	4700892	4700893	3503
chr20	4700893	4700894	3534
chr20	4700894	4700895	3416
chr20	4700895	4700896	3404
chr20	4700896	4700897	3471
chr20	4700897	4700898	3462
chr20	4700898	4700899	3521
chr20	4700899	4700900	3511
chr20	4700900	4700901	3505
chr20	4700901	4700902	3502
chr20	4700902	4700903	3479
chr20	4700903	4700904	3557
chr20	4700904	4700905	3637
chr20	4700905	4700906	3638
chr20	4700906	4700907	3718
chr20	4700907	4700908	3696
chr20	4700908	4700909	3707
chr20	4700909	4700910	3635
chr20	4700910	4700911	3492
chr20	4700911	4700912	3411
chr20	4700912	4700914	3360
chr20	4700914	4700915	3176
chr20	4700915	4700916	3246
chr20	4700916	4700917	3174
chr20	4700917	4700919	3179
chr20	4700919	4700920	3156
chr20	4700920	4700921	3166
chr20	4700921	4700922	3131
chr20	4700922	4700923	3098
chr20	4700923	4700924	3069
chr20	4700924	4700925	3058
chr20	4700925	4700926	3039
chr20	4700926	4700927	3142
chr20	4700927	4700928	3125
chr20	4700928	4700929	3103
chr20	4700929	4700930	3110
chr20	4700930	4700931	3120
chr20	4700931	4700932	3164
chr20	4700932	4700933	3238
chr20	4700933	4700934	3249
chr20	4700934	4700935	3326
chr20	4700935	4700936	3344
chr20	4700936	4700937	3379
chr20	4700937	4700938	3566
chr20	4700938	4700939	3561
chr20	4700939	4700940	3697
chr20	4700940	4700941	3687
chr20	4700941	4700942	3748
chr20	4700942	4700943	3740
chr20	4700943	4700944	3744
chr20	4700944	4700945	3684
chr20	4700945	4700946	3609
chr20	4700946	4700947	3541
chr20	4700947	4700948	3526
chr20	4700948	4700949	3481
chr20	4700949	4700950	3551
chr20	4700950	4700951	3527
chr20	4700951	4700952	3484
chr20	4700952	4700953	3417
chr20	4700953	4700954	3353
chr20	4700954	4700955	3202
chr20	4700955	4700956	3210
chr20	4700956	4700958	3196
chr20	4700958	4700959	3181
chr20	4700959	4700960	3175
chr20	4700960	4700961	3233
chr20	4700961	4700962	3420
chr20	4700962	4700963	3534
chr20	4700963	4700964	3593
chr20	4700964	4700965	3603
chr20	4700965	4700966	3618
chr20	4700966	4700967	3530
chr20	4700967	4700968	3520
chr20	4700968	4700969	3559
chr20	4700969	4700970	3520
chr20	4700970	4700971	3561
chr20	4700971	4700972	3589
chr20	4700972	4700973	3517
chr20	4700973	4700974	3491
chr20	4700974	4700975	3449
chr20	4700975	4700976	3425
chr20	4700976	4700977	3427
chr20	4700977	4700978	3410
chr20	4700978	4700979	3407
chr20	4700979	4700980	3318
chr20	4700980	4700981	3305
chr20	4700981	4700982	3325
chr20	4700982	4700983	3353
chr20	4700983	4700984	3755
chr20	4700984	4700985	3725
chr20	4700985	4700986	3760
chr20	4700986	4700987	3754
chr20	4700987	4700988	3747
chr20	4700988	4700989	3785
chr20	4700989	4700990	3777
chr20	4700990	4700991	3816
chr20	4700991	4700992	3770
chr20	4700992	4700993	3831
chr20	4700993	4700994	3876
chr20	4700994	4700995	3881
chr20	4700995	4700996	3886
chr20	4700996	4700997	3876
chr20	4700997	4700998	3864
chr20	4700998	4700999	3849
chr20	4700999	4701000	3844
chr20	4701000	4701001	3842
chr20	4701001	4701002	3886
chr20	4701002	4701003	3815
chr20	4701003	4701004	4020
chr20	4701004	4701005	4047
chr20	4701005	4701006	4044
chr20	4701006	4701007	4033
chr20	4701007	4701008	3987
chr20	4701008	4701009	3912
chr20	4701009	4701010	3963
chr20	4701010	4701011	3915
chr20	4701011	4701012	3898
chr20	4701012	4701013	3874
chr20	4701013	4701014	3690
chr20	4701014	4701015	3620
chr20	4701015	4701016	3457
chr20	4701016	4701017	3415
chr20	4701017	4701018	3360
chr20	4701018	4701019	3382
chr20	4701019	4701020	3425
chr20	4701020	4701021	3503
chr20	4701021	4701022	3615
chr20	4701022	4701023	3611
chr20	4701023	4701024	3620
chr20	4701024	4701025	3641
chr20	4701025	4701026	3766
chr20	4701026	4701027	3757
chr20	4701027	4701028	3847
chr20	4701028	4701029	3905
chr20	4701029	4701030	3904
chr20	4701030	4701031	3908
chr20	4701031	4701032	3920
chr20	4701032	4701033	3910
chr20	4701033	4701034	3882
chr20	4701034	4701035	3863
chr20	4701035	4701036	3966
chr20	4701036	4701037	3911
chr20	4701037	4701038	3661
chr20	4701038	4701039	3545
chr20	4701039	4701040	3486
chr20	4701040	4701041	3454
chr20	4701041	4701042	3460
chr20	4701042	4701043	3478
chr20	4701043	4701044	3498
chr20	4701044	4701045	3450
chr20	4701045	4701046	3558
chr20	4701046	4701047	3674
chr20	4701047	4701048	3663
chr20	4701048	4701049	3634
chr20	4701049	4701050	3694
chr20	4701050	4701051	3880
chr20	4701051	4701052	4068
chr20	4701052	4701053	4064
chr20	4701053	4701054	4060
chr20	4701054	4701055	4083
chr20	4701055	4701056	4110
chr20	4701056	4701057	4056
chr20	4701057	4701058	4046
chr20	4701058	4701059	3959
chr20	4701059	4701060	3517
chr20	4701060	4701061	3507
chr20	4701061	4701062	3466
chr20	4701062	4701063	3448
chr20	4701063	4701064	3509
chr20	4701064	4701065	3468
chr20	4701065	4701066	3436
chr20	4701066	4701067	3594
chr20	4701067	4701068	3583
chr20	4701068	4701069	3501
chr20	4701069	4701070	3499
chr20	4701070	4701071	3495
chr20	4701071	4701072	3486
chr20	4701072	4701073	3482
chr20	4701073	4701074	3506
chr20	4701074	4701075	3504
chr20	4701075	4701076	3558
chr20	4701076	4701077	3579
chr20	4701077	4701078	3641
chr20	4701078	4701079	3638
chr20	4701079	4701080	3494
chr20	4701080	4701081	3450
chr20	4701081	4701082	3445
chr20	4701082	4701083	3442
chr20	4701083	4701084	3457
chr20	4701084	4701085	3560
chr20	4701085	4701086	3544
chr20	4701086	4701087	3516
chr20	4701087	4701088	3520
chr20	4701088	4701089	3526
chr20	4701089	4701090	3560
chr20	4701090	4701091	3572
chr20	4701091	4701092	3594
chr20	4701092	4701093	3605
chr20	4701093	4701094	3614
chr20	4701094	4701095	3659
chr20	4701095	4701096	3585
chr20	4701096	4701097	3474
chr20	4701097	4701098	3365
chr20	4701098	4701099	3369
chr20	4701099	4701100	3347
chr20	4701100	4701101	3540
chr20	4701101	4701102	3347
chr20	4701102	4701103	3455
chr20	4701103	4701104	3407
chr20	4701104	4701105	3368
chr20	4701105	4701106	3425
chr20	4701106	4701107	3428
chr20	4701107	4701108	3430
chr20	4701108	4701109	3434
chr20	4701109	4701110	3542
chr20	4701110	4701111	3688
chr20	4701111	4701112	3680
chr20	4701112	4701113	3791
chr20	4701113	4701114	3825
chr20	4701114	4701115	3865
chr20	4701115	4701116	3901
chr20	4701116	4701117	3909
chr20	4701117	4701118	3895
chr20	4701118	4701119	3881
chr20	4701119	4701120	3878
chr20	4701120	4701121	3903
chr20	4701121	4701122	3789
chr20	4701122	4701123	3644
chr20	4701123	4701124	3628
chr20	4701124	4701125	3632
chr20	4701125	4701126	3477
chr20	4701126	4701127	3273
chr20	4701127	4701128	3174
chr20	4701128	4701129	3205
chr20	4701129	4701130	3262
chr20	4701130	4701131	3288
chr20	4701131	4701132	3298
chr20	4701132	4701133	3279
chr20	4701133	4701134	3268
chr20	4701134	4701135	3264
chr20	4701135	4701136	3228
chr20	4701136	4701137	3232
chr20	4701137	4701138	3230
chr20	4701138	4701139	3269
chr20	4701139	4701140	3180
chr20	4701140	4701141	3178
chr20	4701141	4701142	3172
chr20	4701142	4701143	2946
chr20	4701143	4701144	2923
chr20	4701144	4701145	2929
chr20	4701145	4701146	2882
chr20	4701146	4701147	2923
chr20	4701147	4701148	2996
chr20	4701148	4701149	3034
chr20	4701149	4701151	3069
chr20	4701151	4701152	3018
chr20	4701152	4701153	3067
chr20	4701153	4701154	2993
chr20	4701154	4701155	3080
chr20	4701155	4701156	3043
chr20	4701156	4701157	3059
chr20	4701157	4701158	3122
chr20	4701158	4701159	3159
chr20	4701159	4701160	3179
chr20	4701160	4701161	3156
chr20	4701161	4701162	3097
chr20	4701162	4701163	3094
chr20	4701163	4701164	3122
chr20	4701164	4701165	3259
chr20	4701165	4701166	3265
chr20	4701166	4701167	3252
chr20	4701167	4701168	3279
chr20	4701168	4701169	3320
chr20	4701169	4701170	3314
chr20	4701170	4701171	3223
chr20	4701171	4701172	3198
chr20	4701172	4701173	3177
chr20	4701173	4701174	3169
chr20	4701174	4701175	3300
chr20	4701175	4701176	3307
chr20	4701176	4701177	3091
chr20	4701177	4701178	3065
chr20	4701178	4701179	2951
chr20	4701179	4701180	2919
chr20	4701180	4701181	2912
chr20	4701181	4701182	2876
chr20	4701182	4701183	2863
chr20	4701183	4701184	2861
chr20	4701184	4701185	2904
chr20	4701185	4701186	2760
chr20	4701186	4701187	2644
chr20	4701187	4701188	2540
chr20	4701188	4701189	2417
chr20	4701189	4701190	2394
chr20	4701190	4701191	2342
chr20	4701191	4701192	2323
chr20	4701192	4701193	2313
chr20	4701193	4701194	2304
chr20	4701194	4701195	2287
chr20	4701195	4701196	2256
chr20	4701196	4701197	2231
chr20	4701197	4701198	2230
chr20	4701198	4701199	2217
chr20	4701199	4701200	2199
chr20	4701200	4701201	2194
chr20	4701201	4701202	2204
chr20	4701202	4701203	2223
chr20	4701203	4701204	2233
chr20	4701204	4701205	2191
chr20	4701205	4701206	2128
chr20	4701206	4701207	2275
chr20	4701207	4701208	2250
chr20	4701208	4701209	2260
chr20	4701209	4701210	2244
chr20	4701210	4701211	2266
chr20	4701211	4701212	2291
chr20	4701212	4701213	2305
chr20	4701213	4701214	2284
chr20	4701214	4701215	2240
chr20	4701215	4701216	2244
chr20	4701216	4701217	2235
chr20	4701217	4701218	2251
chr20	4701218	4701219	2260
chr20	4701219	4701220	2269
chr20	4701220	4701221	2260
chr20	4701221	4701222	2280
chr20	4701222	4701223	2244
chr20	4701223	4701224	2178
chr20	4701224	4701225	2185
chr20	4701225	4701226	2183
chr20	4701226	4701227	2237
chr20	4701227	4701228	2243
chr20	4701228	4701229	2222
chr20	4701229	4701230	2234
chr20	4701230	4701231	2125
chr20	4701231	4701232	2120
chr20	4701232	4701233	2114
chr20	4701233	4701234	2089
chr20	4701234	4701235	2046
chr20	4701235	4701236	2062
chr20	4701236	4701237	2005
chr20	4701237	4701238	2002
chr20	4701238	4701239	2020
chr20	4701239	4701240	2078
chr20	4701240	4701241	1980
chr20	4701241	4701242	1934
chr20	4701242	4701243	1903
chr20	4701243	4701244	1910
chr20	4701244	4701245	1836
chr20	4701245	4701246	1902
chr20	4701246	4701247	1910
chr20	4701247	4701248	1945
chr20	4701248	4701249	1957
chr20	4701249	4701250	1952
chr20	4701250	4701251	1824
chr20	4701251	4701252	1818
chr20	4701252	4701253	1837
chr20	4701253	4701254	1865
chr20	4701254	4701255	1881
chr20	4701255	4701256	1985
chr20	4701256	4701257	2007
chr20	4701257	4701258	1975
chr20	4701258	4701259	1948
chr20	4701259	4701260	1927
chr20	4701260	4701261	1882
chr20	4701261	4701262	1919
chr20	4701262	4701263	1929
chr20	4701263	4701264	1954
chr20	4701264	4701265	1966
chr20	4701265	4701266	1967
chr20	4701266	4701267	1975
chr20	4701267	4701268	1962
chr20	4701268	4701269	1973
chr20	4701269	4701270	1956
chr20	4701270	4701271	1972
chr20	4701271	4701272	1973
chr20	4701272	4701273	2002
chr20	4701273	4701274	1983
chr20	4701274	4701275	2010
chr20	4701275	4701276	2012
chr20	4701276	4701277	2059
chr20	4701277	4701278	2115
chr20	4701278	4701279	2100
chr20	4701279	4701280	2098
chr20	4701280	4701281	2097
chr20	4701281	4701282	2153
chr20	4701282	4701283	1993
#bedGraph section chr20:4701283-4780241
chr20	4701283	4701284	1997
chr20	4701284	4701285	2008
chr20	4701285	4701286	2027
chr20	4701286	4701287	2008
chr20	4701287	4701288	1988
chr20	4701288	4701289	1964
chr20	4701289	4701290	1992
chr20	4701290	4701291	2090
chr20	4701291	4701292	2089
chr20	4701292	4701293	2254
chr20	4701293	4701294	2285
chr20	4701294	4701295	2283
chr20	4701295	4701296	2261
chr20	4701296	4701297	2553
chr20	4701297	4701298	2599
chr20	4701298	4701299	2675
chr20	4701299	4701300	2698
chr20	4701300	4701301	2764
chr20	4701301	4701302	2724
chr20	4701302	4701303	2737
chr20	4701303	4701304	3070
chr20	4701304	4701305	3177
chr20	4701305	4701306	3259
chr20	4701306	4701307	3250
chr20	4701307	4701308	3247
chr20	4701308	4701309	3486
chr20	4701309	4701310	3487
chr20	4701310	4701311	3497
chr20	4701311	4701312	3474
chr20	4701312	4701313	3469
chr20	4701313	4701314	3523
chr20	4701314	4701315	3550
chr20	4701315	4701316	3484
chr20	4701316	4701317	3466
chr20	4701317	4701318	3569
chr20	4701318	4701319	3625
chr20	4701319	4701320	3667
chr20	4701320	4701321	3725
chr20	4701321	4701322	3685
chr20	4701322	4701323	3680
chr20	4701323	4701324	3656
chr20	4701324	4701325	3678
chr20	4701325	4701326	3724
chr20	4701326	4701327	3996
chr20	4701327	4701328	4087
chr20	4701328	4701329	4108
chr20	4701329	4701331	4067
chr20	4701331	4701332	3975
chr20	4701332	4701333	3961
chr20	4701333	4701334	4016
chr20	4701334	4701335	4053
chr20	4701335	4701336	4125
chr20	4701336	4701337	4160
chr20	4701337	4701338	4218
chr20	4701338	4701339	4240
chr20	4701339	4701340	4303
chr20	4701340	4701341	4468
chr20	4701341	4701342	4529
chr20	4701342	4701343	4586
chr20	4701343	4701344	4617
chr20	4701344	4701345	4646
chr20	4701345	4701346	4705
chr20	4701346	4701347	4704
chr20	4701347	4701348	5040
chr20	4701348	4701349	5025
chr20	4701349	4701350	5047
chr20	4701350	4701351	5045
chr20	4701351	4701352	5064
chr20	4701352	4701353	5099
chr20	4701353	4701354	5035
chr20	4701354	4701356	5036
chr20	4701356	4701357	5050
chr20	4701357	4701358	4996
chr20	4701358	4701359	4945
chr20	4701359	4701360	4935
chr20	4701360	4701361	4994
chr20	4701361	4701362	5067
chr20	4701362	4701363	5069
chr20	4701363	4701364	5066
chr20	4701364	4701365	5075
chr20	4701365	4701366	5058
chr20	4701366	4701367	4979
chr20	4701367	4701368	5104
chr20	4701368	4701369	5052
chr20	4701369	4701370	5058
chr20	4701370	4701371	5051
chr20	4701371	4701372	5053
chr20	4701372	4701373	4910
chr20	4701373	4701374	4951
chr20	4701374	4701375	5140
chr20	4701375	4701376	5181
chr20	4701376	4701377	5130
chr20	4701377	4701378	5216
chr20	4701378	4701379	5176
chr20	4701379	4701380	4958
chr20	4701380	4701381	4829
chr20	4701381	4701382	4866
chr20	4701382	4701383	4888
chr20	4701383	4701384	5111
chr20	4701384	4701385	5031
chr20	4701385	4701386	5121
chr20	4701386	4701387	5240
chr20	4701387	4701388	5283
chr20	4701388	4701389	5325
chr20	4701389	4701390	5287
chr20	4701390	4701391	5261
chr20	4701391	4701392	5243
chr20	4701392	4701393	5461
chr20	4701393	4701394	5384
chr20	4701394	4701395	5511
chr20	4701395	4701396	5534
chr20	4701396	4701397	5691
chr20	4701397	4701398	5710
chr20	4701398	4701399	5808
chr20	4701399	4701400	5879
chr20	4701400	4701401	5963
chr20	4701401	4701402	5974
chr20	4701402	4701403	5746
chr20	4701403	4701404	5690
chr20	4701404	4701405	5662
chr20	4701405	4701406	5678
chr20	4701406	4701407	5665
chr20	4701407	4701408	5666
chr20	4701408	4701409	5663
chr20	4701409	4701410	5599
chr20	4701410	4701411	5556
chr20	4701411	4701412	5482
chr20	4701412	4701413	5445
chr20	4701413	4701414	5342
chr20	4701414	4701415	5314
chr20	4701415	4701416	5231
chr20	4701416	4701417	5020
chr20	4701417	4701418	5000
chr20	4701418	4701419	4931
chr20	4701419	4701420	4919
chr20	4701420	4701421	4901
chr20	4701421	4701422	4862
chr20	4701422	4701423	4841
chr20	4701423	4701424	4505
chr20	4701424	4701425	4531
chr20	4701425	4701426	4521
chr20	4701426	4701427	4506
chr20	4701427	4701428	4483
chr20	4701428	4701429	4391
chr20	4701429	4701430	4386
chr20	4701430	4701431	4370
chr20	4701431	4701432	4368
chr20	4701432	4701433	4421
chr20	4701433	4701434	4436
chr20	4701434	4701435	4451
chr20	4701435	4701436	4449
chr20	4701436	4701437	4369
chr20	4701437	4701438	4276
chr20	4701438	4701439	4264
chr20	4701439	4701441	4281
chr20	4701441	4701442	4267
chr20	4701442	4701443	4235
chr20	4701443	4701444	4115
chr20	4701444	4701445	4015
chr20	4701445	4701446	3953
chr20	4701446	4701447	3962
chr20	4701447	4701448	3959
chr20	4701448	4701449	3784
chr20	4701449	4701450	3713
chr20	4701450	4701451	3442
chr20	4701451	4701452	3383
chr20	4701452	4701453	3341
chr20	4701453	4701454	3243
chr20	4701454	4701455	3224
chr20	4701455	4701456	3112
chr20	4701456	4701457	3107
chr20	4701457	4701458	2952
chr20	4701458	4701459	2942
chr20	4701459	4701460	2728
chr20	4701460	4701461	2571
chr20	4701461	4701462	2460
chr20	4701462	4701463	2265
chr20	4701463	4701464	2258
chr20	4701464	4701465	2254
chr20	4701465	4701466	2259
chr20	4701466	4701467	2244
chr20	4701467	4701468	2239
chr20	4701468	4701469	1993
chr20	4701469	4701470	1981
chr20	4701470	4701471	1810
chr20	4701471	4701472	1695
chr20	4701472	4701473	1475
chr20	4701473	4701474	1459
chr20	4701474	4701475	1396
chr20	4701475	4701476	1298
chr20	4701476	4701477	1180
chr20	4701477	4701478	1114
chr20	4701478	4701479	1096
chr20	4701479	4701480	1056
chr20	4701480	4701481	1060
chr20	4701481	4701482	1213
chr20	4701482	4701483	1211
chr20	4701483	4701484	1288
chr20	4701484	4701485	1285
chr20	4701485	4701486	1287
chr20	4701486	4701487	1290
chr20	4701487	4701488	1293
chr20	4701488	4701489	1305
chr20	4701489	4701490	1321
chr20	4701490	4701491	1312
chr20	4701491	4701492	1317
chr20	4701492	4701493	1319
chr20	4701493	4701494	1303
chr20	4701494	4701495	1361
chr20	4701495	4701496	1353
chr20	4701496	4701497	1337
chr20	4701497	4701498	1347
chr20	4701498	4701499	1364
chr20	4701499	4701500	1428
chr20	4701500	4701501	1402
chr20	4701501	4701502	1396
chr20	4701502	4701503	1546
chr20	4701503	4701504	1551
chr20	4701504	4701505	1569
chr20	4701505	4701506	1586
chr20	4701506	4701507	1599
chr20	4701507	4701508	1801
chr20	4701508	4701509	1833
chr20	4701509	4701510	1880
chr20	4701510	4701511	1876
chr20	4701511	4701512	1875
chr20	4701512	4701513	1969
chr20	4701513	4701514	1983
chr20	4701514	4701515	1981
chr20	4701515	4701516	1952
chr20	4701516	4701517	1946
chr20	4701517	4701518	1931
chr20	4701518	4701519	1942
chr20	4701519	4701520	1944
chr20	4701520	4701521	1941
chr20	4701521	4701522	1939
chr20	4701522	4701523	1918
chr20	4701523	4701525	1910
chr20	4701525	4701526	1890
chr20	4701526	4701527	1886
chr20	4701527	4701528	1878
chr20	4701528	4701529	1850
chr20	4701529	4701530	1834
chr20	4701530	4701531	1817
chr20	4701531	4701532	1809
chr20	4701532	4701533	1786
chr20	4701533	4701534	1779
chr20	4701534	4701535	1764
chr20	4701535	4701536	1740
chr20	4701536	4701537	1727
chr20	4701537	4701538	1708
chr20	4701538	4701539	1695
chr20	4701539	4701540	1656
chr20	4701540	4701541	1641
chr20	4701541	4701542	1632
chr20	4701542	4701543	1629
chr20	4701543	4701544	1616
chr20	4701544	4701545	1605
chr20	4701545	4701546	1576
chr20	4701546	4701547	1560
chr20	4701547	4701548	1556
chr20	4701548	4701549	1534
chr20	4701549	4701550	1522
chr20	4701550	4701551	1479
chr20	4701551	4701552	1472
chr20	4701552	4701553	1455
chr20	4701553	4701554	1451
chr20	4701554	4701555	1443
chr20	4701555	4701556	1432
chr20	4701556	4701557	1408
chr20	4701557	4701558	1222
chr20	4701558	4701559	1217
chr20	4701559	4701561	1126
chr20	4701561	4701562	1123
chr20	4701562	4701563	1120
chr20	4701563	4701564	1107
chr20	4701564	4701565	1085
chr20	4701565	4701566	1066
chr20	4701566	4701567	1065
chr20	4701567	4701568	1060
chr20	4701568	4701569	1054
chr20	4701569	4701570	1033
chr20	4701570	4701571	954
chr20	4701571	4701572	949
chr20	4701572	4701573	946
chr20	4701573	4701574	904
chr20	4701574	4701575	889
chr20	4701575	4701576	820
chr20	4701576	4701577	802
chr20	4701577	4701578	790
chr20	4701578	4701579	632
chr20	4701579	4701580	621
chr20	4701580	4701581	601
chr20	4701581	4701582	580
chr20	4701582	4701583	566
chr20	4701583	4701584	352
chr20	4701584	4701585	231
chr20	4701585	4701586	183
chr20	4701586	4701587	170
chr20	4701587	4701588	106
chr20	4701588	4701589	17
chr20	4701589	4701590	11
chr20	4701590	4701593	2
chr20	4701593	4701603	3
