track type=wiggle_0 name="Brain Cortex" description="Brain Cortex"
#bedGraph section chr20:4205317-4698410
chr20	4681268	4686392	0
chr20	4686392	4686409	1
chr20	4686409	4686411	2
chr20	4686411	4686426	3
chr20	4686426	4686430	4
chr20	4686430	4686434	6
chr20	4686434	4686439	9
chr20	4686439	4686441	13
chr20	4686441	4686449	16
chr20	4686449	4686451	17
chr20	4686451	4686456	23
chr20	4686456	4686463	25
chr20	4686463	4686464	31
chr20	4686464	4686466	32
chr20	4686466	4686468	33
chr20	4686468	4686470	32
chr20	4686470	4686471	35
chr20	4686471	4686472	52
chr20	4686472	4686473	57
chr20	4686473	4686474	65
chr20	4686474	4686475	76
chr20	4686475	4686476	81
chr20	4686476	4686477	88
chr20	4686477	4686478	92
chr20	4686478	4686479	103
chr20	4686479	4686480	104
chr20	4686480	4686481	121
chr20	4686481	4686483	138
chr20	4686483	4686484	139
chr20	4686484	4686485	143
chr20	4686485	4686486	145
chr20	4686486	4686487	147
chr20	4686487	4686488	146
chr20	4686488	4686490	150
chr20	4686490	4686491	155
chr20	4686491	4686493	158
chr20	4686493	4686496	161
chr20	4686496	4686499	163
chr20	4686499	4686502	164
chr20	4686502	4686503	163
chr20	4686503	4686504	164
chr20	4686504	4686505	170
chr20	4686505	4686506	171
chr20	4686506	4686508	169
chr20	4686508	4686509	96
chr20	4686509	4686510	99
chr20	4686510	4686511	97
chr20	4686511	4686512	104
chr20	4686512	4686691	0
chr20	4686691	4686704	1
chr20	4686704	4686717	2
chr20	4686717	4686733	3
chr20	4686733	4686736	8
chr20	4686736	4687510	0
chr20	4687510	4687586	5
chr20	4687586	4687654	0
chr20	4687654	4687689	5
chr20	4687689	4687730	7
chr20	4687730	4687763	2
chr20	4687763	4687765	4
chr20	4687765	4687816	2
chr20	4687816	4687839	9
chr20	4687839	4687892	7
chr20	4687892	4687895	0
chr20	4687895	4687971	2
chr20	4687971	4688056	0
chr20	4688056	4688061	1
chr20	4688061	4688132	8
chr20	4688132	4688137	7
chr20	4688137	4688224	0
chr20	4688224	4688300	1
chr20	4688300	4688734	0
chr20	4688734	4688810	1
chr20	4688810	4689054	0
chr20	4689054	4689073	12
chr20	4689073	4689389	0
chr20	4689389	4689464	1
chr20	4689464	4690016	0
chr20	4690016	4690092	6
chr20	4690092	4690210	0
chr20	4690210	4690286	6
chr20	4690286	4690775	0
chr20	4690775	4690851	3
chr20	4690851	4690933	0
chr20	4690933	4691009	6
chr20	4691009	4691064	0
chr20	4691064	4691099	3
chr20	4691099	4691111	7
chr20	4691111	4691140	13
chr20	4691140	4691169	10
chr20	4691169	4691175	13
chr20	4691175	4691187	9
chr20	4691187	4691200	3
chr20	4691200	4691245	7
chr20	4691245	4691255	4
chr20	4691255	4691275	7
chr20	4691275	4691276	6
chr20	4691276	4691278	3
chr20	4691278	4691331	7
chr20	4691331	4691354	4
chr20	4691354	4691384	0
chr20	4691384	4691460	1
chr20	4691460	4691515	0
chr20	4691515	4691591	3
chr20	4691591	4692035	0
chr20	4692035	4692036	1
chr20	4692036	4692083	2
chr20	4692083	4692111	4
chr20	4692111	4692159	2
chr20	4692159	4692359	0
chr20	4692359	4692435	5
chr20	4692435	4692648	0
chr20	4692648	4692716	8
chr20	4692716	4692724	9
chr20	4692724	4692777	1
chr20	4692777	4692792	5
chr20	4692792	4692817	4
chr20	4692817	4692853	12
chr20	4692853	4692893	8
chr20	4692893	4692896	0
chr20	4692896	4692972	6
chr20	4692972	4692994	0
chr20	4692994	4693070	1
chr20	4693070	4693077	0
chr20	4693077	4693089	7
chr20	4693089	4693091	10
chr20	4693091	4693143	11
chr20	4693143	4693153	17
chr20	4693153	4693165	10
chr20	4693165	4693182	6
chr20	4693182	4693219	7
chr20	4693219	4693258	1
chr20	4693258	4693380	0
chr20	4693380	4693456	7
chr20	4693456	4693541	0
chr20	4693541	4693582	5
chr20	4693582	4693584	7
chr20	4693584	4693585	8
chr20	4693585	4693587	9
chr20	4693587	4693617	12
chr20	4693617	4693657	7
chr20	4693657	4693663	3
chr20	4693663	4693674	0
chr20	4693674	4693750	5
chr20	4693750	4693849	0
chr20	4693849	4693850	3
chr20	4693850	4693925	7
chr20	4693925	4693926	4
chr20	4693926	4693934	0
chr20	4693934	4693942	1
chr20	4693942	4693943	2
chr20	4693943	4694010	4
chr20	4694010	4694083	0
chr20	4694083	4694149	1
chr20	4694149	4694193	0
chr20	4694193	4694263	2
chr20	4694263	4694391	0
chr20	4694391	4694404	1
chr20	4694404	4694497	0
chr20	4694497	4694573	3
chr20	4694573	4694717	0
chr20	4694717	4694793	3
chr20	4694793	4694880	0
chr20	4694880	4694928	8
chr20	4694928	4694956	13
chr20	4694956	4694981	5
chr20	4694981	4694983	11
chr20	4694983	4694989	12
chr20	4694989	4695004	20
chr20	4695004	4695057	15
chr20	4695057	4695065	8
chr20	4695065	4695167	0
chr20	4695167	4695227	5
chr20	4695227	4695241	7
chr20	4695241	4695264	2
chr20	4695264	4695303	9
chr20	4695303	4695340	7
chr20	4695340	4695416	0
chr20	4695416	4695427	2
chr20	4695427	4695492	4
chr20	4695492	4695503	2
chr20	4695503	4695514	0
chr20	4695514	4695517	2
chr20	4695517	4695561	3
chr20	4695561	4695590	5
chr20	4695590	4695593	3
chr20	4695593	4695603	2
chr20	4695603	4695623	8
chr20	4695623	4695637	9
chr20	4695637	4695679	7
chr20	4695679	4695699	1
chr20	4695699	4695734	0
chr20	4695734	4695737	5
chr20	4695737	4695756	6
chr20	4695756	4695810	23
chr20	4695810	4695832	17
chr20	4695832	4695872	0
chr20	4695872	4695883	2
chr20	4695883	4695884	18
chr20	4695884	4695892	19
chr20	4695892	4695948	20
chr20	4695948	4695959	18
chr20	4695959	4695968	1
chr20	4695968	4695987	0
chr20	4695987	4696063	3
chr20	4696063	4696108	0
chr20	4696108	4696121	3
chr20	4696121	4696148	6
chr20	4696148	4696184	7
chr20	4696184	4696197	4
chr20	4696197	4696224	1
chr20	4696224	4696320	0
chr20	4696320	4696342	10
chr20	4696342	4696343	13
chr20	4696343	4696344	23
chr20	4696344	4696396	24
chr20	4696396	4696407	14
chr20	4696407	4696416	18
chr20	4696416	4696417	17
chr20	4696417	4696419	15
chr20	4696419	4696450	4
chr20	4696450	4696473	14
chr20	4696473	4696483	16
chr20	4696483	4696524	12
chr20	4696524	4696526	14
chr20	4696526	4696549	4
chr20	4696549	4696559	2
chr20	4696559	4696574	6
chr20	4696574	4696598	10
chr20	4696598	4696600	20
chr20	4696600	4696635	18
chr20	4696635	4696650	14
chr20	4696650	4696673	10
chr20	4696673	4696674	9
chr20	4696674	4696675	0
chr20	4696675	4696704	2
chr20	4696704	4696735	6
chr20	4696735	4696751	7
chr20	4696751	4696780	5
chr20	4696780	4696804	1
chr20	4696804	4696811	3
chr20	4696811	4696866	2
chr20	4696866	4696880	4
chr20	4696880	4696891	2
chr20	4696891	4696940	3
chr20	4696940	4696942	4
chr20	4696942	4696943	2
chr20	4696943	4696960	3
chr20	4696960	4696967	5
chr20	4696967	4697000	4
chr20	4697000	4697015	10
chr20	4697015	4697019	9
chr20	4697019	4697035	8
chr20	4697035	4697049	6
chr20	4697049	4697057	9
chr20	4697057	4697063	10
chr20	4697063	4697076	12
chr20	4697076	4697087	6
chr20	4697087	4697125	11
chr20	4697125	4697133	8
chr20	4697133	4697139	7
chr20	4697139	4697163	5
chr20	4697163	4697170	0
chr20	4697170	4697172	5
chr20	4697172	4697176	6
chr20	4697176	4697245	12
chr20	4697245	4697246	11
chr20	4697246	4697252	7
chr20	4697252	4697260	1
chr20	4697260	4697273	9
chr20	4697273	4697289	15
chr20	4697289	4697321	20
chr20	4697321	4697336	19
chr20	4697336	4697349	11
chr20	4697349	4697356	6
chr20	4697356	4697357	10
chr20	4697357	4697365	11
chr20	4697365	4697393	6
chr20	4697393	4697394	7
chr20	4697394	4697425	16
chr20	4697425	4697431	15
chr20	4697431	4697432	14
chr20	4697432	4697449	10
chr20	4697449	4697457	14
chr20	4697457	4697468	22
chr20	4697468	4697469	23
chr20	4697469	4697470	22
chr20	4697470	4697516	13
chr20	4697516	4697525	14
chr20	4697525	4697528	10
chr20	4697528	4697530	13
chr20	4697530	4697533	11
chr20	4697533	4697544	5
chr20	4697544	4697567	4
chr20	4697567	4697578	13
chr20	4697578	4697592	14
chr20	4697592	4697604	13
chr20	4697604	4697608	10
chr20	4697608	4697622	14
chr20	4697622	4697643	20
chr20	4697643	4697654	11
chr20	4697654	4697684	10
chr20	4697684	4697689	6
chr20	4697689	4697693	7
chr20	4697693	4697696	13
chr20	4697696	4697698	14
chr20	4697698	4697703	8
chr20	4697703	4697763	11
chr20	4697763	4697769	10
chr20	4697769	4697772	4
chr20	4697772	4697779	3
chr20	4697779	4697814	6
chr20	4697814	4697815	7
chr20	4697815	4697825	10
chr20	4697825	4697829	14
chr20	4697829	4697854	22
chr20	4697854	4697855	21
chr20	4697855	4697878	16
chr20	4697878	4697890	18
chr20	4697890	4697891	17
chr20	4697891	4697901	14
chr20	4697901	4697905	10
chr20	4697905	4697910	2
chr20	4697910	4697914	6
chr20	4697914	4697954	9
chr20	4697954	4697958	7
chr20	4697958	4697971	9
chr20	4697971	4697986	11
chr20	4697986	4697990	7
chr20	4697990	4698007	4
chr20	4698007	4698014	6
chr20	4698014	4698016	10
chr20	4698016	4698020	14
chr20	4698020	4698022	18
chr20	4698022	4698047	21
chr20	4698047	4698072	19
chr20	4698072	4698083	21
chr20	4698083	4698084	19
chr20	4698084	4698090	22
chr20	4698090	4698092	18
chr20	4698092	4698096	14
chr20	4698096	4698098	10
chr20	4698098	4698110	7
chr20	4698110	4698118	5
chr20	4698118	4698119	8
chr20	4698119	4698137	12
chr20	4698137	4698145	13
chr20	4698145	4698148	17
chr20	4698148	4698153	15
chr20	4698153	4698154	16
chr20	4698154	4698160	17
chr20	4698160	4698186	14
chr20	4698186	4698194	15
chr20	4698194	4698195	12
chr20	4698195	4698213	8
chr20	4698213	4698221	7
chr20	4698221	4698228	3
chr20	4698228	4698229	4
chr20	4698229	4698236	2
chr20	4698236	4698238	15
chr20	4698238	4698247	18
chr20	4698247	4698255	21
chr20	4698255	4698262	24
chr20	4698262	4698287	23
chr20	4698287	4698295	27
chr20	4698295	4698304	28
chr20	4698304	4698312	27
chr20	4698312	4698314	14
chr20	4698314	4698323	11
chr20	4698323	4698331	8
chr20	4698331	4698334	5
chr20	4698334	4698358	7
chr20	4698358	4698362	10
chr20	4698362	4698363	12
chr20	4698363	4698371	8
chr20	4698371	4698405	7
chr20	4698405	4698410	20
#bedGraph section chr20:4698410-4700228
chr20	4698410	4698434	18
chr20	4698434	4698437	15
chr20	4698437	4698466	13
chr20	4698466	4698481	14
chr20	4698481	4698487	1
chr20	4698487	4698494	2
chr20	4698494	4698496	3
chr20	4698496	4698502	6
chr20	4698502	4698540	10
chr20	4698540	4698542	11
chr20	4698542	4698563	10
chr20	4698563	4698568	9
chr20	4698568	4698569	13
chr20	4698569	4698570	12
chr20	4698570	4698578	9
chr20	4698578	4698584	5
chr20	4698584	4698616	6
chr20	4698616	4698644	5
chr20	4698644	4698660	1
chr20	4698660	4698692	0
chr20	4698692	4698698	5
chr20	4698698	4698714	7
chr20	4698714	4698728	8
chr20	4698728	4698763	12
chr20	4698763	4698768	16
chr20	4698768	4698774	11
chr20	4698774	4698787	9
chr20	4698787	4698791	8
chr20	4698791	4698792	11
chr20	4698792	4698795	12
chr20	4698795	4698804	13
chr20	4698804	4698810	9
chr20	4698810	4698812	10
chr20	4698812	4698820	15
chr20	4698820	4698830	14
chr20	4698830	4698833	16
chr20	4698833	4698839	21
chr20	4698839	4698852	19
chr20	4698852	4698862	22
chr20	4698862	4698864	25
chr20	4698864	4698867	26
chr20	4698867	4698868	23
chr20	4698868	4698869	22
chr20	4698869	4698871	30
chr20	4698871	4698881	29
chr20	4698881	4698888	33
chr20	4698888	4698895	28
chr20	4698895	4698904	35
chr20	4698904	4698906	38
chr20	4698906	4698907	36
chr20	4698907	4698909	35
chr20	4698909	4698915	31
chr20	4698915	4698928	29
chr20	4698928	4698936	26
chr20	4698936	4698938	25
chr20	4698938	4698943	24
chr20	4698943	4698945	23
chr20	4698945	4698956	17
chr20	4698956	4698957	16
chr20	4698957	4698966	13
chr20	4698966	4698971	12
chr20	4698971	4698975	6
chr20	4698975	4698980	14
chr20	4698980	4698993	11
chr20	4698993	4698999	20
chr20	4698999	4699008	24
chr20	4699008	4699014	33
chr20	4699014	4699034	30
chr20	4699034	4699038	32
chr20	4699038	4699050	33
chr20	4699050	4699051	39
chr20	4699051	4699067	31
chr20	4699067	4699069	30
chr20	4699069	4699073	22
chr20	4699073	4699074	26
chr20	4699074	4699075	31
chr20	4699075	4699076	27
chr20	4699076	4699084	28
chr20	4699084	4699089	19
chr20	4699089	4699091	22
chr20	4699091	4699095	19
chr20	4699095	4699099	21
chr20	4699099	4699114	25
chr20	4699114	4699121	28
chr20	4699121	4699126	31
chr20	4699126	4699129	25
chr20	4699129	4699149	27
chr20	4699149	4699150	25
chr20	4699150	4699152	20
chr20	4699152	4699165	19
chr20	4699165	4699170	16
chr20	4699170	4699171	18
chr20	4699171	4699175	16
chr20	4699175	4699178	12
chr20	4699178	4699179	18
chr20	4699179	4699180	19
chr20	4699180	4699182	20
chr20	4699182	4699189	22
chr20	4699189	4699190	21
chr20	4699190	4699197	19
chr20	4699197	4699205	16
chr20	4699205	4699206	14
chr20	4699206	4699210	15
chr20	4699210	4699213	188
chr20	4699213	4699215	187
chr20	4699215	4699217	200
chr20	4699217	4699219	201
chr20	4699219	4699221	198
chr20	4699221	4699222	207
chr20	4699222	4699223	210
chr20	4699223	4699225	211
chr20	4699225	4699227	207
chr20	4699227	4699229	206
chr20	4699229	4699230	226
chr20	4699230	4699231	227
chr20	4699231	4699232	229
chr20	4699232	4699234	232
chr20	4699234	4699236	230
chr20	4699236	4699237	232
chr20	4699237	4699239	235
chr20	4699239	4699240	238
chr20	4699240	4699241	242
chr20	4699241	4699243	235
chr20	4699243	4699244	236
chr20	4699244	4699245	239
chr20	4699245	4699246	241
chr20	4699246	4699247	243
chr20	4699247	4699248	241
chr20	4699248	4699249	229
chr20	4699249	4699251	215
chr20	4699251	4699252	219
chr20	4699252	4699253	209
chr20	4699253	4699254	208
chr20	4699254	4699255	182
chr20	4699255	4699256	176
chr20	4699256	4699258	172
chr20	4699258	4699259	160
chr20	4699259	4699261	155
chr20	4699261	4699262	159
chr20	4699262	4699263	158
chr20	4699263	4699264	162
chr20	4699264	4699265	152
chr20	4699265	4699266	151
chr20	4699266	4699267	153
chr20	4699267	4699268	152
chr20	4699268	4699269	157
chr20	4699269	4699270	155
chr20	4699270	4699271	152
chr20	4699271	4699273	149
chr20	4699273	4699274	152
chr20	4699274	4699275	156
chr20	4699275	4699277	161
chr20	4699277	4699278	159
chr20	4699278	4699279	160
chr20	4699279	4699280	161
chr20	4699280	4699282	160
chr20	4699282	4699283	157
chr20	4699283	4699284	155
chr20	4699284	4699285	156
chr20	4699285	4699286	164
chr20	4699286	4699287	161
chr20	4699287	4699288	170
chr20	4699288	4699289	178
chr20	4699289	4699290	184
chr20	4699290	4699291	177
chr20	4699291	4699294	181
chr20	4699294	4699295	180
chr20	4699295	4699296	186
chr20	4699296	4699297	188
chr20	4699297	4699298	179
chr20	4699298	4699299	176
chr20	4699299	4699300	175
chr20	4699300	4699303	179
chr20	4699303	4699304	180
chr20	4699304	4699305	182
chr20	4699305	4699306	171
chr20	4699306	4699307	168
chr20	4699307	4699310	166
chr20	4699310	4699311	175
chr20	4699311	4699312	179
chr20	4699312	4699313	188
chr20	4699313	4699314	186
chr20	4699314	4699315	190
chr20	4699315	4699316	193
chr20	4699316	4699319	190
chr20	4699319	4699320	188
chr20	4699320	4699321	189
chr20	4699321	4699322	182
chr20	4699322	4699323	175
chr20	4699323	4699326	172
chr20	4699326	4699329	170
chr20	4699329	4699330	169
chr20	4699330	4699331	167
chr20	4699331	4699332	166
chr20	4699332	4699333	165
chr20	4699333	4699334	168
chr20	4699334	4699335	178
chr20	4699335	4699336	175
chr20	4699336	4699337	180
chr20	4699337	4699338	178
chr20	4699338	4699339	176
chr20	4699339	4699342	179
chr20	4699342	4699343	178
chr20	4699343	4699344	180
chr20	4699344	4699345	175
chr20	4699345	4699349	177
chr20	4699349	4699350	175
chr20	4699350	4699351	169
chr20	4699351	4699354	166
chr20	4699354	4699355	163
chr20	4699355	4699356	161
chr20	4699356	4699358	162
chr20	4699358	4699359	159
chr20	4699359	4699360	156
chr20	4699360	4699361	161
chr20	4699361	4699362	156
chr20	4699362	4699363	159
chr20	4699363	4699364	151
chr20	4699364	4699365	138
chr20	4699365	4699366	134
chr20	4699366	4699367	135
chr20	4699367	4699369	134
chr20	4699369	4699371	136
chr20	4699371	4699372	132
chr20	4699372	4699376	133
chr20	4699376	4699377	128
chr20	4699377	4699378	127
chr20	4699378	4699379	126
chr20	4699379	4699380	130
chr20	4699380	4699381	128
chr20	4699381	4699382	124
chr20	4699382	4699383	123
chr20	4699383	4699384	124
chr20	4699384	4699385	121
chr20	4699385	4699386	120
chr20	4699386	4699387	116
chr20	4699387	4699388	117
chr20	4699388	4699389	111
chr20	4699389	4699390	109
chr20	4699390	4699391	104
chr20	4699391	4699392	98
chr20	4699392	4699393	100
chr20	4699393	4699396	105
chr20	4699396	4699399	101
chr20	4699399	4699401	98
chr20	4699401	4699402	99
chr20	4699402	4699403	98
chr20	4699403	4699404	91
chr20	4699404	4699407	93
chr20	4699407	4699408	92
chr20	4699408	4699409	89
chr20	4699409	4699410	88
chr20	4699410	4699411	80
chr20	4699411	4699412	86
chr20	4699412	4699414	80
chr20	4699414	4699415	79
chr20	4699415	4699417	71
chr20	4699417	4699418	72
chr20	4699418	4699419	77
chr20	4699419	4699421	76
chr20	4699421	4699423	75
chr20	4699423	4699424	76
chr20	4699424	4699425	85
chr20	4699425	4699426	90
chr20	4699426	4699427	91
chr20	4699427	4699430	92
chr20	4699430	4699434	99
chr20	4699434	4699435	104
chr20	4699435	4699436	120
chr20	4699436	4699437	119
chr20	4699437	4699438	117
chr20	4699438	4699439	116
chr20	4699439	4699440	115
chr20	4699440	4699441	124
chr20	4699441	4699442	126
chr20	4699442	4699443	125
chr20	4699443	4699445	122
chr20	4699445	4699446	119
chr20	4699446	4699447	121
chr20	4699447	4699448	123
chr20	4699448	4699449	127
chr20	4699449	4699450	128
chr20	4699450	4699451	132
chr20	4699451	4699452	136
chr20	4699452	4699453	141
chr20	4699453	4699454	140
chr20	4699454	4699455	141
chr20	4699455	4699456	137
chr20	4699456	4699457	135
chr20	4699457	4699459	140
chr20	4699459	4699460	150
chr20	4699460	4699462	158
chr20	4699462	4699463	161
chr20	4699463	4699464	165
chr20	4699464	4699465	175
chr20	4699465	4699466	179
chr20	4699466	4699467	183
chr20	4699467	4699468	187
chr20	4699468	4699469	195
chr20	4699469	4699470	192
chr20	4699470	4699471	198
chr20	4699471	4699474	202
chr20	4699474	4699476	203
chr20	4699476	4699477	209
chr20	4699477	4699480	210
chr20	4699480	4699481	215
chr20	4699481	4699482	217
chr20	4699482	4699483	225
chr20	4699483	4699484	255
chr20	4699484	4699485	257
chr20	4699485	4699487	275
chr20	4699487	4699488	272
chr20	4699488	4699490	275
chr20	4699490	4699491	288
chr20	4699491	4699492	308
chr20	4699492	4699493	310
chr20	4699493	4699494	315
chr20	4699494	4699495	310
chr20	4699495	4699496	316
chr20	4699496	4699497	318
chr20	4699497	4699498	332
chr20	4699498	4699499	336
chr20	4699499	4699500	340
chr20	4699500	4699501	334
chr20	4699501	4699502	340
chr20	4699502	4699503	342
chr20	4699503	4699504	377
chr20	4699504	4699505	386
chr20	4699505	4699506	397
chr20	4699506	4699507	391
chr20	4699507	4699508	395
chr20	4699508	4699509	396
chr20	4699509	4699510	411
chr20	4699510	4699511	416
chr20	4699511	4699512	403
chr20	4699512	4699513	400
chr20	4699513	4699515	412
chr20	4699515	4699516	414
chr20	4699516	4699517	412
chr20	4699517	4699519	416
chr20	4699519	4699520	421
chr20	4699520	4699521	428
chr20	4699521	4699522	433
chr20	4699522	4699523	483
chr20	4699523	4699524	481
chr20	4699524	4699525	476
chr20	4699525	4699526	491
chr20	4699526	4699529	485
chr20	4699529	4699530	486
chr20	4699530	4699531	485
chr20	4699531	4699532	486
chr20	4699532	4699533	513
chr20	4699533	4699534	551
chr20	4699534	4699535	568
chr20	4699535	4699536	558
chr20	4699536	4699537	551
chr20	4699537	4699538	555
chr20	4699538	4699539	556
chr20	4699539	4699540	555
chr20	4699540	4699541	544
chr20	4699541	4699542	537
chr20	4699542	4699543	535
chr20	4699543	4699544	532
chr20	4699544	4699546	520
chr20	4699546	4699547	518
chr20	4699547	4699549	523
chr20	4699549	4699550	525
chr20	4699550	4699551	527
chr20	4699551	4699552	531
chr20	4699552	4699553	532
chr20	4699553	4699555	533
chr20	4699555	4699556	545
chr20	4699556	4699558	549
chr20	4699558	4699559	565
chr20	4699559	4699560	530
chr20	4699560	4699561	531
chr20	4699561	4699562	517
chr20	4699562	4699563	526
chr20	4699563	4699564	530
chr20	4699564	4699565	527
chr20	4699565	4699566	536
chr20	4699566	4699567	522
chr20	4699567	4699568	511
chr20	4699568	4699569	514
chr20	4699569	4699570	533
chr20	4699570	4699571	541
chr20	4699571	4699572	544
chr20	4699572	4699573	551
chr20	4699573	4699574	537
chr20	4699574	4699575	539
chr20	4699575	4699576	543
chr20	4699576	4699577	539
chr20	4699577	4699578	550
chr20	4699578	4699579	556
chr20	4699579	4699580	517
chr20	4699580	4699581	519
chr20	4699581	4699582	511
chr20	4699582	4699583	522
chr20	4699583	4699584	539
chr20	4699584	4699585	525
chr20	4699585	4699586	546
chr20	4699586	4699587	542
chr20	4699587	4699589	580
chr20	4699589	4699590	573
chr20	4699590	4699592	593
chr20	4699592	4699593	621
chr20	4699593	4699594	639
chr20	4699594	4699595	638
chr20	4699595	4699596	658
chr20	4699596	4699597	659
chr20	4699597	4699598	695
chr20	4699598	4699599	687
chr20	4699599	4699600	692
chr20	4699600	4699601	687
chr20	4699601	4699603	680
chr20	4699603	4699604	684
chr20	4699604	4699606	673
chr20	4699606	4699607	681
chr20	4699607	4699608	727
chr20	4699608	4699609	744
chr20	4699609	4699610	725
chr20	4699610	4699611	736
chr20	4699611	4699613	743
chr20	4699613	4699614	752
chr20	4699614	4699615	769
chr20	4699615	4699616	760
chr20	4699616	4699617	764
chr20	4699617	4699618	767
chr20	4699618	4699619	789
chr20	4699619	4699620	800
chr20	4699620	4699621	807
chr20	4699621	4699622	813
chr20	4699622	4699623	839
chr20	4699623	4699624	846
chr20	4699624	4699625	884
chr20	4699625	4699626	912
chr20	4699626	4699627	934
chr20	4699627	4699628	968
chr20	4699628	4699629	974
chr20	4699629	4699630	975
chr20	4699630	4699631	981
chr20	4699631	4699632	971
chr20	4699632	4699633	963
chr20	4699633	4699634	965
chr20	4699634	4699635	942
chr20	4699635	4699636	966
chr20	4699636	4699637	965
chr20	4699637	4699638	978
chr20	4699638	4699639	993
chr20	4699639	4699640	1020
chr20	4699640	4699641	1047
chr20	4699641	4699642	1120
chr20	4699642	4699643	1136
chr20	4699643	4699644	1133
chr20	4699644	4699645	1139
chr20	4699645	4699646	1114
chr20	4699646	4699647	1106
chr20	4699647	4699648	1112
chr20	4699648	4699649	1119
chr20	4699649	4699650	1125
chr20	4699650	4699651	1137
chr20	4699651	4699652	1142
chr20	4699652	4699653	1155
chr20	4699653	4699654	1153
chr20	4699654	4699655	1169
chr20	4699655	4699656	1180
chr20	4699656	4699657	1178
chr20	4699657	4699658	1180
chr20	4699658	4699659	1204
chr20	4699659	4699660	1182
chr20	4699660	4699661	1184
chr20	4699661	4699662	1219
chr20	4699662	4699663	1221
chr20	4699663	4699664	1214
chr20	4699664	4699665	1211
chr20	4699665	4699666	1207
chr20	4699666	4699667	1185
chr20	4699667	4699668	1183
chr20	4699668	4699669	1166
chr20	4699669	4699670	1148
chr20	4699670	4699671	1172
chr20	4699671	4699672	1177
chr20	4699672	4699673	1185
chr20	4699673	4699674	1129
chr20	4699674	4699675	1151
chr20	4699675	4699676	1148
chr20	4699676	4699677	1155
chr20	4699677	4699678	1150
chr20	4699678	4699679	1175
chr20	4699679	4699680	1162
chr20	4699680	4699681	1178
chr20	4699681	4699682	1180
chr20	4699682	4699683	1200
chr20	4699683	4699684	1154
chr20	4699684	4699685	1113
chr20	4699685	4699686	1128
chr20	4699686	4699687	1119
chr20	4699687	4699689	1110
chr20	4699689	4699690	1101
chr20	4699690	4699691	1105
chr20	4699691	4699692	1112
chr20	4699692	4699693	1132
chr20	4699693	4699694	1138
chr20	4699694	4699695	1127
chr20	4699695	4699696	1136
chr20	4699696	4699697	1129
chr20	4699697	4699698	1122
chr20	4699698	4699699	1099
chr20	4699699	4699700	1125
chr20	4699700	4699701	1115
chr20	4699701	4699702	1097
chr20	4699702	4699703	1105
chr20	4699703	4699704	1066
chr20	4699704	4699705	1064
chr20	4699705	4699706	1093
chr20	4699706	4699707	1101
chr20	4699707	4699708	1107
chr20	4699708	4699709	1125
chr20	4699709	4699710	1121
chr20	4699710	4699711	1131
chr20	4699711	4699712	1117
chr20	4699712	4699713	1133
chr20	4699713	4699714	1137
chr20	4699714	4699715	1130
chr20	4699715	4699716	1110
chr20	4699716	4699717	1094
chr20	4699717	4699718	1025
chr20	4699718	4699719	1029
chr20	4699719	4699720	1039
chr20	4699720	4699721	1029
chr20	4699721	4699722	1028
chr20	4699722	4699723	1034
chr20	4699723	4699724	1024
chr20	4699724	4699725	1021
chr20	4699725	4699726	1033
chr20	4699726	4699727	1081
chr20	4699727	4699728	1087
chr20	4699728	4699729	1073
chr20	4699729	4699730	1059
chr20	4699730	4699731	1035
chr20	4699731	4699732	1050
chr20	4699732	4699733	1111
chr20	4699733	4699734	1134
chr20	4699734	4699735	1101
chr20	4699735	4699736	1136
chr20	4699736	4699737	1129
chr20	4699737	4699738	1097
chr20	4699738	4699739	1141
chr20	4699739	4699740	1136
chr20	4699740	4699741	1155
chr20	4699741	4699742	1175
chr20	4699742	4699743	1189
chr20	4699743	4699744	1188
chr20	4699744	4699745	1191
chr20	4699745	4699746	1216
chr20	4699746	4699747	1200
chr20	4699747	4699748	1173
chr20	4699748	4699749	1163
chr20	4699749	4699750	1169
chr20	4699750	4699751	1164
chr20	4699751	4699752	1219
chr20	4699752	4699753	1218
chr20	4699753	4699754	1219
chr20	4699754	4699755	1196
chr20	4699755	4699756	1201
chr20	4699756	4699757	1247
chr20	4699757	4699758	1287
chr20	4699758	4699759	1272
chr20	4699759	4699760	1274
chr20	4699760	4699761	1289
chr20	4699761	4699762	1271
chr20	4699762	4699763	1258
chr20	4699763	4699764	1273
chr20	4699764	4699765	1322
chr20	4699765	4699766	1370
chr20	4699766	4699767	1346
chr20	4699767	4699768	1357
chr20	4699768	4699770	1355
chr20	4699770	4699771	1356
chr20	4699771	4699772	1353
chr20	4699772	4699773	1382
chr20	4699773	4699774	1379
chr20	4699774	4699775	1382
chr20	4699775	4699776	1367
chr20	4699776	4699777	1338
chr20	4699777	4699778	1396
chr20	4699778	4699779	1393
chr20	4699779	4699780	1391
chr20	4699780	4699781	1409
chr20	4699781	4699782	1393
chr20	4699782	4699783	1399
chr20	4699783	4699785	1404
chr20	4699785	4699787	1417
chr20	4699787	4699788	1441
chr20	4699788	4699789	1447
chr20	4699789	4699790	1438
chr20	4699790	4699791	1426
chr20	4699791	4699792	1440
chr20	4699792	4699793	1435
chr20	4699793	4699794	1488
chr20	4699794	4699795	1487
chr20	4699795	4699796	1473
chr20	4699796	4699797	1472
chr20	4699797	4699798	1473
chr20	4699798	4699799	1469
chr20	4699799	4699800	1465
chr20	4699800	4699801	1455
chr20	4699801	4699802	1458
chr20	4699802	4699803	1406
chr20	4699803	4699804	1414
chr20	4699804	4699805	1427
chr20	4699805	4699806	1487
chr20	4699806	4699807	1508
chr20	4699807	4699808	1477
chr20	4699808	4699810	1438
chr20	4699810	4699811	1450
chr20	4699811	4699812	1463
chr20	4699812	4699813	1513
chr20	4699813	4699814	1691
chr20	4699814	4699815	1654
chr20	4699815	4699816	1740
chr20	4699816	4699817	1731
chr20	4699817	4699818	1718
chr20	4699818	4699819	1713
chr20	4699819	4699820	1714
chr20	4699820	4699821	1693
chr20	4699821	4699822	1679
chr20	4699822	4699823	1692
chr20	4699823	4699825	1686
chr20	4699825	4699826	1710
chr20	4699826	4699827	1691
chr20	4699827	4699828	1662
chr20	4699828	4699829	1657
chr20	4699829	4699830	1658
chr20	4699830	4699832	1688
chr20	4699832	4699833	1622
chr20	4699833	4699834	1583
chr20	4699834	4699835	1586
chr20	4699835	4699836	1585
chr20	4699836	4699837	1606
chr20	4699837	4699838	1626
chr20	4699838	4699839	1640
chr20	4699839	4699840	1627
chr20	4699840	4699841	1605
chr20	4699841	4699842	1598
chr20	4699842	4699843	1705
chr20	4699843	4699845	1724
chr20	4699845	4699846	1729
chr20	4699846	4699847	1725
chr20	4699847	4699848	1723
chr20	4699848	4699849	1696
chr20	4699849	4699850	1704
chr20	4699850	4699851	1701
chr20	4699851	4699852	1707
chr20	4699852	4699853	1716
chr20	4699853	4699854	1730
chr20	4699854	4699855	1710
chr20	4699855	4699856	1715
chr20	4699856	4699857	1704
chr20	4699857	4699858	1692
chr20	4699858	4699859	1687
chr20	4699859	4699860	1656
chr20	4699860	4699861	1657
chr20	4699861	4699862	1644
chr20	4699862	4699863	1672
chr20	4699863	4699864	1648
chr20	4699864	4699865	1670
chr20	4699865	4699866	1657
chr20	4699866	4699867	1693
chr20	4699867	4699868	1674
chr20	4699868	4699869	1664
chr20	4699869	4699870	1614
chr20	4699870	4699871	1605
chr20	4699871	4699872	1638
chr20	4699872	4699873	1654
chr20	4699873	4699874	1669
chr20	4699874	4699875	1672
chr20	4699875	4699876	1676
chr20	4699876	4699877	1677
chr20	4699877	4699878	1668
chr20	4699878	4699879	1695
chr20	4699879	4699880	1765
chr20	4699880	4699881	1780
chr20	4699881	4699882	1719
chr20	4699882	4699883	1717
chr20	4699883	4699884	1742
chr20	4699884	4699885	1818
chr20	4699885	4699886	1800
chr20	4699886	4699887	1850
chr20	4699887	4699888	1805
chr20	4699888	4699889	1757
chr20	4699889	4699890	1559
chr20	4699890	4699891	1538
chr20	4699891	4699892	1442
chr20	4699892	4699893	1449
chr20	4699893	4699894	1451
chr20	4699894	4699895	1460
chr20	4699895	4699896	1455
chr20	4699896	4699897	1464
chr20	4699897	4699898	1454
chr20	4699898	4699899	1440
chr20	4699899	4699900	1436
chr20	4699900	4699901	1429
chr20	4699901	4699902	1440
chr20	4699902	4699903	1429
chr20	4699903	4699904	1426
chr20	4699904	4699905	1430
chr20	4699905	4699906	1433
chr20	4699906	4699907	1436
chr20	4699907	4699908	1474
chr20	4699908	4699909	1646
chr20	4699909	4699910	1650
chr20	4699910	4699911	1636
chr20	4699911	4699912	1670
chr20	4699912	4699913	1643
chr20	4699913	4699914	1618
chr20	4699914	4699915	1616
chr20	4699915	4699916	1633
chr20	4699916	4699917	1628
chr20	4699917	4699918	1591
chr20	4699918	4699920	1552
chr20	4699920	4699921	1548
chr20	4699921	4699922	1551
chr20	4699922	4699923	1558
chr20	4699923	4699924	1559
chr20	4699924	4699925	1584
chr20	4699925	4699926	1580
chr20	4699926	4699927	1575
chr20	4699927	4699928	1591
chr20	4699928	4699929	1584
chr20	4699929	4699931	1504
chr20	4699931	4699932	1500
chr20	4699932	4699933	1490
chr20	4699933	4699935	1487
chr20	4699935	4699936	1514
chr20	4699936	4699937	1510
chr20	4699937	4699938	1524
chr20	4699938	4699939	1499
chr20	4699939	4699940	1508
chr20	4699940	4699941	1460
chr20	4699941	4699942	1467
chr20	4699942	4699943	1449
chr20	4699943	4699944	1456
chr20	4699944	4699945	1550
chr20	4699945	4699946	1583
chr20	4699946	4699947	1670
chr20	4699947	4699948	1654
chr20	4699948	4699949	1655
chr20	4699949	4699950	1645
chr20	4699950	4699951	1649
chr20	4699951	4699952	1650
chr20	4699952	4699953	1665
chr20	4699953	4699954	1688
chr20	4699954	4699955	1677
chr20	4699955	4699956	1593
chr20	4699956	4699957	1574
chr20	4699957	4699958	1577
chr20	4699958	4699959	1570
chr20	4699959	4699960	1555
chr20	4699960	4699961	1476
chr20	4699961	4699962	1480
chr20	4699962	4699963	1446
chr20	4699963	4699964	1465
chr20	4699964	4699965	1478
chr20	4699965	4699967	1450
chr20	4699967	4699968	1455
chr20	4699968	4699969	1441
chr20	4699969	4699970	1449
chr20	4699970	4699971	1455
chr20	4699971	4699972	1466
chr20	4699972	4699973	1461
chr20	4699973	4699975	1487
chr20	4699975	4699976	1508
chr20	4699976	4699977	1530
chr20	4699977	4699978	1483
chr20	4699978	4699979	1482
chr20	4699979	4699980	1500
chr20	4699980	4699981	1523
chr20	4699981	4699982	1543
chr20	4699982	4699983	1647
chr20	4699983	4699984	1628
chr20	4699984	4699985	1465
chr20	4699985	4699986	1474
chr20	4699986	4699987	1487
chr20	4699987	4699988	1466
chr20	4699988	4699989	1461
chr20	4699989	4699990	1464
chr20	4699990	4699991	1494
chr20	4699991	4699992	1487
chr20	4699992	4699993	1504
chr20	4699993	4699994	1512
chr20	4699994	4699995	1459
chr20	4699995	4699996	1460
chr20	4699996	4699997	1438
chr20	4699997	4699998	1439
chr20	4699998	4699999	1422
chr20	4699999	4700000	1423
chr20	4700000	4700001	1411
chr20	4700001	4700002	1399
chr20	4700002	4700003	1396
chr20	4700003	4700004	1362
chr20	4700004	4700005	1357
chr20	4700005	4700006	1381
chr20	4700006	4700007	1397
chr20	4700007	4700008	1405
chr20	4700008	4700009	1433
chr20	4700009	4700010	1443
chr20	4700010	4700011	1462
chr20	4700011	4700012	1441
chr20	4700012	4700013	1444
chr20	4700013	4700014	1446
chr20	4700014	4700015	1452
chr20	4700015	4700016	1521
chr20	4700016	4700017	1586
chr20	4700017	4700018	1583
chr20	4700018	4700019	1585
chr20	4700019	4700020	1587
chr20	4700020	4700021	1493
chr20	4700021	4700022	1486
chr20	4700022	4700023	1530
chr20	4700023	4700024	1542
chr20	4700024	4700025	1534
chr20	4700025	4700026	1548
chr20	4700026	4700027	1536
chr20	4700027	4700028	1533
chr20	4700028	4700029	1516
chr20	4700029	4700030	1477
chr20	4700030	4700031	1457
chr20	4700031	4700032	1486
chr20	4700032	4700033	1476
chr20	4700033	4700034	1483
chr20	4700034	4700035	1486
chr20	4700035	4700036	1661
chr20	4700036	4700037	1654
chr20	4700037	4700038	1703
chr20	4700038	4700039	1701
chr20	4700039	4700040	1673
chr20	4700040	4700041	1662
chr20	4700041	4700042	1675
chr20	4700042	4700043	1711
chr20	4700043	4700044	1779
chr20	4700044	4700045	1780
chr20	4700045	4700046	1824
chr20	4700046	4700047	1834
chr20	4700047	4700048	1839
chr20	4700048	4700049	1860
chr20	4700049	4700050	1873
chr20	4700050	4700051	1891
chr20	4700051	4700052	1922
chr20	4700052	4700053	1907
chr20	4700053	4700054	1910
chr20	4700054	4700055	1967
chr20	4700055	4700056	2006
chr20	4700056	4700057	2033
chr20	4700057	4700058	2048
chr20	4700058	4700059	1903
chr20	4700059	4700060	1878
chr20	4700060	4700061	1890
chr20	4700061	4700062	1882
chr20	4700062	4700063	1904
chr20	4700063	4700064	1918
chr20	4700064	4700065	1914
chr20	4700065	4700066	1951
chr20	4700066	4700067	1913
chr20	4700067	4700068	1900
chr20	4700068	4700069	1872
chr20	4700069	4700070	1903
chr20	4700070	4700071	1933
chr20	4700071	4700072	1904
chr20	4700072	4700073	1935
chr20	4700073	4700074	1924
chr20	4700074	4700075	1970
chr20	4700075	4700076	1961
chr20	4700076	4700077	2017
chr20	4700077	4700078	2035
chr20	4700078	4700079	2045
chr20	4700079	4700080	2041
chr20	4700080	4700081	2050
chr20	4700081	4700082	2075
chr20	4700082	4700083	2062
chr20	4700083	4700084	2060
chr20	4700084	4700085	2038
chr20	4700085	4700086	2026
chr20	4700086	4700087	2007
chr20	4700087	4700088	2033
chr20	4700088	4700089	2085
chr20	4700089	4700090	2070
chr20	4700090	4700091	2060
chr20	4700091	4700092	1992
chr20	4700092	4700093	1929
chr20	4700093	4700094	2041
chr20	4700094	4700095	2069
chr20	4700095	4700096	2075
chr20	4700096	4700097	2097
chr20	4700097	4700098	2087
chr20	4700098	4700099	1972
chr20	4700099	4700100	1968
chr20	4700100	4700101	1961
chr20	4700101	4700102	1972
chr20	4700102	4700103	1985
chr20	4700103	4700104	1997
chr20	4700104	4700105	2005
chr20	4700105	4700106	2066
chr20	4700106	4700107	2077
chr20	4700107	4700108	2045
chr20	4700108	4700109	2116
chr20	4700109	4700110	2131
chr20	4700110	4700111	2122
chr20	4700111	4700112	1920
chr20	4700112	4700113	1905
chr20	4700113	4700114	1866
chr20	4700114	4700115	1894
chr20	4700115	4700116	1934
chr20	4700116	4700117	1939
chr20	4700117	4700118	1927
chr20	4700118	4700119	1925
chr20	4700119	4700120	1875
chr20	4700120	4700121	1877
chr20	4700121	4700122	1835
chr20	4700122	4700123	1881
chr20	4700123	4700124	1870
chr20	4700124	4700125	1885
chr20	4700125	4700126	1878
chr20	4700126	4700127	1890
chr20	4700127	4700128	1855
chr20	4700128	4700129	1869
chr20	4700129	4700130	1893
chr20	4700130	4700131	1850
chr20	4700131	4700132	1760
chr20	4700132	4700133	1741
chr20	4700133	4700134	1739
chr20	4700134	4700135	1906
chr20	4700135	4700136	2110
chr20	4700136	4700137	2151
chr20	4700137	4700138	2145
chr20	4700138	4700139	2111
chr20	4700139	4700140	2103
chr20	4700140	4700141	2127
chr20	4700141	4700142	2107
chr20	4700142	4700143	2110
chr20	4700143	4700144	2125
chr20	4700144	4700145	2110
chr20	4700145	4700146	2120
chr20	4700146	4700147	2164
chr20	4700147	4700148	2161
chr20	4700148	4700149	2144
chr20	4700149	4700150	2148
chr20	4700150	4700151	2127
chr20	4700151	4700152	2121
chr20	4700152	4700153	2143
chr20	4700153	4700154	2138
chr20	4700154	4700155	2133
chr20	4700155	4700156	2131
chr20	4700156	4700157	2191
chr20	4700157	4700158	2179
chr20	4700158	4700159	2188
chr20	4700159	4700160	2214
chr20	4700160	4700161	2216
chr20	4700161	4700162	2218
chr20	4700162	4700163	2250
chr20	4700163	4700164	2243
chr20	4700164	4700165	2184
chr20	4700165	4700166	2187
chr20	4700166	4700167	2196
chr20	4700167	4700168	2186
chr20	4700168	4700169	2187
chr20	4700169	4700170	2068
chr20	4700170	4700171	2028
chr20	4700171	4700172	2003
chr20	4700172	4700173	1970
chr20	4700173	4700174	2082
chr20	4700174	4700175	2061
chr20	4700175	4700176	2062
chr20	4700176	4700177	2073
chr20	4700177	4700178	2048
chr20	4700178	4700179	2102
chr20	4700179	4700180	2164
chr20	4700180	4700181	2152
chr20	4700181	4700182	2090
chr20	4700182	4700183	2084
chr20	4700183	4700184	2103
chr20	4700184	4700185	2039
chr20	4700185	4700186	2013
chr20	4700186	4700187	2028
chr20	4700187	4700188	2051
chr20	4700188	4700189	2083
chr20	4700189	4700190	2088
chr20	4700190	4700191	2053
chr20	4700191	4700192	2017
chr20	4700192	4700193	2013
chr20	4700193	4700194	2002
chr20	4700194	4700195	2020
chr20	4700195	4700196	2058
chr20	4700196	4700197	2085
chr20	4700197	4700198	2087
chr20	4700198	4700199	2035
chr20	4700199	4700200	2043
chr20	4700200	4700201	2027
chr20	4700201	4700202	2022
chr20	4700202	4700203	2005
chr20	4700203	4700204	2002
chr20	4700204	4700205	1991
chr20	4700205	4700206	2000
chr20	4700206	4700207	2028
chr20	4700207	4700208	2053
chr20	4700208	4700209	2080
chr20	4700209	4700210	2079
chr20	4700210	4700211	2021
chr20	4700211	4700212	1834
chr20	4700212	4700213	1777
chr20	4700213	4700214	1785
chr20	4700214	4700215	1766
chr20	4700215	4700217	1797
chr20	4700217	4700218	1806
chr20	4700218	4700219	1822
chr20	4700219	4700220	1810
chr20	4700220	4700221	1837
chr20	4700221	4700222	1819
chr20	4700222	4700223	1755
chr20	4700223	4700224	1762
chr20	4700224	4700225	1766
chr20	4700225	4700226	1768
chr20	4700226	4700227	1793
chr20	4700227	4700228	1882
#bedGraph section chr20:4700228-4701261
chr20	4700228	4700229	1846
chr20	4700229	4700230	1860
chr20	4700230	4700231	1899
chr20	4700231	4700232	1913
chr20	4700232	4700233	1869
chr20	4700233	4700234	1847
chr20	4700234	4700235	1889
chr20	4700235	4700236	1876
chr20	4700236	4700237	1868
chr20	4700237	4700238	1869
chr20	4700238	4700239	1867
chr20	4700239	4700240	1902
chr20	4700240	4700241	1897
chr20	4700241	4700242	1896
chr20	4700242	4700243	1907
chr20	4700243	4700244	1938
chr20	4700244	4700245	1944
chr20	4700245	4700246	1954
chr20	4700246	4700247	1980
chr20	4700247	4700248	1987
chr20	4700248	4700249	2036
chr20	4700249	4700250	1953
chr20	4700250	4700251	1974
chr20	4700251	4700252	1989
chr20	4700252	4700253	1985
chr20	4700253	4700254	2013
chr20	4700254	4700255	1957
chr20	4700255	4700256	1878
chr20	4700256	4700257	1881
chr20	4700257	4700258	1880
chr20	4700258	4700259	1906
chr20	4700259	4700260	1936
chr20	4700260	4700261	2017
chr20	4700261	4700262	2050
chr20	4700262	4700263	2052
chr20	4700263	4700264	2029
chr20	4700264	4700265	1990
chr20	4700265	4700266	1974
chr20	4700266	4700267	1984
chr20	4700267	4700268	1979
chr20	4700268	4700269	1982
chr20	4700269	4700270	1984
chr20	4700270	4700271	1954
chr20	4700271	4700272	1899
chr20	4700272	4700273	1861
chr20	4700273	4700274	1876
chr20	4700274	4700275	1916
chr20	4700275	4700276	1922
chr20	4700276	4700277	1925
chr20	4700277	4700278	1904
chr20	4700278	4700279	1881
chr20	4700279	4700280	1911
chr20	4700280	4700281	1905
chr20	4700281	4700282	1909
chr20	4700282	4700283	1886
chr20	4700283	4700284	1850
chr20	4700284	4700285	1923
chr20	4700285	4700286	1905
chr20	4700286	4700287	1854
chr20	4700287	4700288	1852
chr20	4700288	4700289	1859
chr20	4700289	4700290	1882
chr20	4700290	4700291	1973
chr20	4700291	4700292	1934
chr20	4700292	4700293	1977
chr20	4700293	4700294	2003
chr20	4700294	4700295	2059
chr20	4700295	4700296	2076
chr20	4700296	4700297	2097
chr20	4700297	4700298	2108
chr20	4700298	4700299	2155
chr20	4700299	4700300	2170
chr20	4700300	4700301	2156
chr20	4700301	4700302	2151
chr20	4700302	4700303	2098
chr20	4700303	4700304	2011
chr20	4700304	4700305	1967
chr20	4700305	4700306	2011
chr20	4700306	4700307	2020
chr20	4700307	4700308	1987
chr20	4700308	4700309	2007
chr20	4700309	4700310	2004
chr20	4700310	4700311	2041
chr20	4700311	4700312	2061
chr20	4700312	4700313	2121
chr20	4700313	4700314	2110
chr20	4700314	4700315	2078
chr20	4700315	4700316	2048
chr20	4700316	4700317	2098
chr20	4700317	4700319	2136
chr20	4700319	4700320	2100
chr20	4700320	4700321	2111
chr20	4700321	4700322	2113
chr20	4700322	4700323	2131
chr20	4700323	4700324	2134
chr20	4700324	4700325	2071
chr20	4700325	4700326	2037
chr20	4700326	4700327	2035
chr20	4700327	4700328	2026
chr20	4700328	4700329	2011
chr20	4700329	4700330	1980
chr20	4700330	4700331	2043
chr20	4700331	4700332	2067
chr20	4700332	4700333	2179
chr20	4700333	4700334	2232
chr20	4700334	4700335	2211
chr20	4700335	4700336	2172
chr20	4700336	4700337	2097
chr20	4700337	4700338	2083
chr20	4700338	4700339	2070
chr20	4700339	4700340	2077
chr20	4700340	4700341	2081
chr20	4700341	4700342	2073
chr20	4700342	4700343	2066
chr20	4700343	4700344	2078
chr20	4700344	4700345	2090
chr20	4700345	4700346	2108
chr20	4700346	4700347	2092
chr20	4700347	4700348	2084
chr20	4700348	4700349	2095
chr20	4700349	4700350	2108
chr20	4700350	4700351	2085
chr20	4700351	4700352	2178
chr20	4700352	4700353	2162
chr20	4700353	4700354	2177
chr20	4700354	4700355	2267
chr20	4700355	4700356	2271
chr20	4700356	4700357	2286
chr20	4700357	4700358	2276
chr20	4700358	4700359	2269
chr20	4700359	4700360	2274
chr20	4700360	4700361	2164
chr20	4700361	4700362	2153
chr20	4700362	4700363	2124
chr20	4700363	4700364	2117
chr20	4700364	4700365	2176
chr20	4700365	4700366	2180
chr20	4700366	4700367	2236
chr20	4700367	4700368	2247
chr20	4700368	4700369	2167
chr20	4700369	4700370	2151
chr20	4700370	4700371	2137
chr20	4700371	4700372	2165
chr20	4700372	4700373	2115
chr20	4700373	4700374	2030
chr20	4700374	4700375	2022
chr20	4700375	4700376	2109
chr20	4700376	4700377	2123
chr20	4700377	4700378	2169
chr20	4700378	4700379	2188
chr20	4700379	4700380	2187
chr20	4700380	4700381	2192
chr20	4700381	4700382	2197
chr20	4700382	4700383	2207
chr20	4700383	4700384	2220
chr20	4700384	4700385	2200
chr20	4700385	4700386	2228
chr20	4700386	4700387	2238
chr20	4700387	4700388	2284
chr20	4700388	4700389	2248
chr20	4700389	4700390	2244
chr20	4700390	4700391	2256
chr20	4700391	4700392	2231
chr20	4700392	4700393	2193
chr20	4700393	4700394	2159
chr20	4700394	4700395	2170
chr20	4700395	4700396	2181
chr20	4700396	4700397	2165
chr20	4700397	4700398	2178
chr20	4700398	4700399	2205
chr20	4700399	4700400	2187
chr20	4700400	4700401	2188
chr20	4700401	4700402	2178
chr20	4700402	4700403	2162
chr20	4700403	4700404	2163
chr20	4700404	4700405	2167
chr20	4700405	4700406	2173
chr20	4700406	4700407	2111
chr20	4700407	4700408	2112
chr20	4700408	4700409	2074
chr20	4700409	4700410	2034
chr20	4700410	4700411	2046
chr20	4700411	4700412	2036
chr20	4700412	4700413	2022
chr20	4700413	4700414	2024
chr20	4700414	4700415	2054
chr20	4700415	4700416	2115
chr20	4700416	4700417	2132
chr20	4700417	4700418	2135
chr20	4700418	4700419	2143
chr20	4700419	4700420	2144
chr20	4700420	4700421	2133
chr20	4700421	4700422	2127
chr20	4700422	4700423	2137
chr20	4700423	4700425	2143
chr20	4700425	4700426	2109
chr20	4700426	4700427	2078
chr20	4700427	4700428	1968
chr20	4700428	4700429	2056
chr20	4700429	4700430	2049
chr20	4700430	4700431	1973
chr20	4700431	4700432	1984
chr20	4700432	4700433	1967
chr20	4700433	4700434	1936
chr20	4700434	4700435	1950
chr20	4700435	4700436	2012
chr20	4700436	4700437	2144
chr20	4700437	4700438	2223
chr20	4700438	4700439	2237
chr20	4700439	4700440	2266
chr20	4700440	4700441	2213
chr20	4700441	4700442	2220
chr20	4700442	4700443	2106
chr20	4700443	4700444	2152
chr20	4700444	4700445	2169
chr20	4700445	4700446	2142
chr20	4700446	4700447	2130
chr20	4700447	4700448	2084
chr20	4700448	4700449	2170
chr20	4700449	4700450	2186
chr20	4700450	4700451	2181
chr20	4700451	4700452	2075
chr20	4700452	4700453	2098
chr20	4700453	4700454	2058
chr20	4700454	4700455	2072
chr20	4700455	4700456	2075
chr20	4700456	4700457	2063
chr20	4700457	4700458	1999
chr20	4700458	4700459	2004
chr20	4700459	4700460	2017
chr20	4700460	4700461	2007
chr20	4700461	4700462	1950
chr20	4700462	4700463	1880
chr20	4700463	4700464	1823
chr20	4700464	4700465	1803
chr20	4700465	4700466	1819
chr20	4700466	4700467	1826
chr20	4700467	4700468	1865
chr20	4700468	4700469	1889
chr20	4700469	4700470	2034
chr20	4700470	4700471	2042
chr20	4700471	4700472	2037
chr20	4700472	4700473	2050
chr20	4700473	4700474	2034
chr20	4700474	4700475	1980
chr20	4700475	4700476	2037
chr20	4700476	4700477	2034
chr20	4700477	4700478	2099
chr20	4700478	4700479	2167
chr20	4700479	4700480	2154
chr20	4700480	4700481	2183
chr20	4700481	4700482	2197
chr20	4700482	4700483	2283
chr20	4700483	4700484	2270
chr20	4700484	4700485	2191
chr20	4700485	4700486	2173
chr20	4700486	4700487	2170
chr20	4700487	4700488	2159
chr20	4700488	4700489	2180
chr20	4700489	4700490	2160
chr20	4700490	4700491	2127
chr20	4700491	4700492	2063
chr20	4700492	4700493	2062
chr20	4700493	4700494	2080
chr20	4700494	4700495	2217
chr20	4700495	4700496	2222
chr20	4700496	4700497	2233
chr20	4700497	4700498	2216
chr20	4700498	4700499	2209
chr20	4700499	4700500	2271
chr20	4700500	4700501	2287
chr20	4700501	4700502	2386
chr20	4700502	4700503	2430
chr20	4700503	4700504	2434
chr20	4700504	4700505	2350
chr20	4700505	4700506	2344
chr20	4700506	4700507	2322
chr20	4700507	4700508	2300
chr20	4700508	4700509	2309
chr20	4700509	4700510	2358
chr20	4700510	4700511	2362
chr20	4700511	4700512	2328
chr20	4700512	4700513	2216
chr20	4700513	4700514	2170
chr20	4700514	4700515	2168
chr20	4700515	4700516	2164
chr20	4700516	4700517	2209
chr20	4700517	4700518	2186
chr20	4700518	4700519	2248
chr20	4700519	4700520	2227
chr20	4700520	4700521	2265
chr20	4700521	4700522	2273
chr20	4700522	4700523	2251
chr20	4700523	4700524	2271
chr20	4700524	4700525	2193
chr20	4700525	4700526	2203
chr20	4700526	4700527	2186
chr20	4700527	4700528	2207
chr20	4700528	4700529	2179
chr20	4700529	4700530	2202
chr20	4700530	4700531	2206
chr20	4700531	4700532	2236
chr20	4700532	4700533	2277
chr20	4700533	4700534	2269
chr20	4700534	4700535	2291
chr20	4700535	4700536	2255
chr20	4700536	4700537	2303
chr20	4700537	4700538	2318
chr20	4700538	4700539	2310
chr20	4700539	4700540	2411
chr20	4700540	4700541	2422
chr20	4700541	4700542	2408
chr20	4700542	4700543	2404
chr20	4700543	4700544	2371
chr20	4700544	4700545	2357
chr20	4700545	4700546	2241
chr20	4700546	4700547	2231
chr20	4700547	4700548	2348
chr20	4700548	4700549	2394
chr20	4700549	4700550	2406
chr20	4700550	4700551	2419
chr20	4700551	4700552	2356
chr20	4700552	4700553	2358
chr20	4700553	4700554	2403
chr20	4700554	4700555	2342
chr20	4700555	4700556	2366
chr20	4700556	4700557	2354
chr20	4700557	4700558	2384
chr20	4700558	4700559	2317
chr20	4700559	4700560	2347
chr20	4700560	4700561	2359
chr20	4700561	4700562	2372
chr20	4700562	4700563	2424
chr20	4700563	4700564	2490
chr20	4700564	4700565	2509
chr20	4700565	4700566	2558
chr20	4700566	4700567	2582
chr20	4700567	4700568	2612
chr20	4700568	4700569	2644
chr20	4700569	4700570	2669
chr20	4700570	4700571	2598
chr20	4700571	4700572	2615
chr20	4700572	4700573	2624
chr20	4700573	4700575	2634
chr20	4700575	4700576	2570
chr20	4700576	4700577	2539
chr20	4700577	4700578	2450
chr20	4700578	4700579	2398
chr20	4700579	4700580	2396
chr20	4700580	4700581	2430
chr20	4700581	4700582	2467
chr20	4700582	4700583	2473
chr20	4700583	4700584	2465
chr20	4700584	4700585	2453
chr20	4700585	4700586	2445
chr20	4700586	4700587	2433
chr20	4700587	4700588	2457
chr20	4700588	4700589	2489
chr20	4700589	4700590	2455
chr20	4700590	4700591	2429
chr20	4700591	4700592	2435
chr20	4700592	4700593	2427
chr20	4700593	4700594	2519
chr20	4700594	4700595	2429
chr20	4700595	4700596	2391
chr20	4700596	4700597	2355
chr20	4700597	4700598	2359
chr20	4700598	4700599	2445
chr20	4700599	4700600	2431
chr20	4700600	4700601	2405
chr20	4700601	4700602	2407
chr20	4700602	4700603	2434
chr20	4700603	4700604	2415
chr20	4700604	4700605	2445
chr20	4700605	4700606	2450
chr20	4700606	4700607	2423
chr20	4700607	4700608	2389
chr20	4700608	4700609	2371
chr20	4700609	4700610	2520
chr20	4700610	4700611	2468
chr20	4700611	4700612	2543
chr20	4700612	4700613	2539
chr20	4700613	4700614	2545
chr20	4700614	4700615	2611
chr20	4700615	4700616	2553
chr20	4700616	4700617	2576
chr20	4700617	4700618	2601
chr20	4700618	4700619	2630
chr20	4700619	4700620	2710
chr20	4700620	4700621	2708
chr20	4700621	4700622	2711
chr20	4700622	4700623	2801
chr20	4700623	4700624	2690
chr20	4700624	4700625	2631
chr20	4700625	4700626	2623
chr20	4700626	4700627	2607
chr20	4700627	4700628	2645
chr20	4700628	4700629	2646
chr20	4700629	4700630	2559
chr20	4700630	4700631	2544
chr20	4700631	4700632	2591
chr20	4700632	4700633	2600
chr20	4700633	4700634	2542
chr20	4700634	4700635	2569
chr20	4700635	4700636	2541
chr20	4700636	4700637	2579
chr20	4700637	4700638	2619
chr20	4700638	4700639	2578
chr20	4700639	4700640	2592
chr20	4700640	4700641	2593
chr20	4700641	4700642	2562
chr20	4700642	4700643	2557
chr20	4700643	4700644	2534
chr20	4700644	4700645	2485
chr20	4700645	4700646	2463
chr20	4700646	4700647	2409
chr20	4700647	4700648	2412
chr20	4700648	4700649	2384
chr20	4700649	4700650	2375
chr20	4700650	4700651	2384
chr20	4700651	4700652	2534
chr20	4700652	4700653	2553
chr20	4700653	4700654	2554
chr20	4700654	4700655	2562
chr20	4700655	4700656	2560
chr20	4700656	4700657	2548
chr20	4700657	4700658	2546
chr20	4700658	4700659	2528
chr20	4700659	4700660	2533
chr20	4700660	4700661	2518
chr20	4700661	4700662	2473
chr20	4700662	4700663	2512
chr20	4700663	4700664	2487
chr20	4700664	4700665	2453
chr20	4700665	4700666	2441
chr20	4700666	4700667	2429
chr20	4700667	4700668	2414
chr20	4700668	4700669	2382
chr20	4700669	4700670	2333
chr20	4700670	4700671	2334
chr20	4700671	4700672	2331
chr20	4700672	4700673	2350
chr20	4700673	4700674	2357
chr20	4700674	4700675	2259
chr20	4700675	4700676	2261
chr20	4700676	4700677	2264
chr20	4700677	4700678	2249
chr20	4700678	4700679	2238
chr20	4700679	4700680	2382
chr20	4700680	4700681	2391
chr20	4700681	4700682	2456
chr20	4700682	4700683	2518
chr20	4700683	4700684	2511
chr20	4700684	4700685	2526
chr20	4700685	4700686	2394
chr20	4700686	4700687	2407
chr20	4700687	4700688	2336
chr20	4700688	4700689	2359
chr20	4700689	4700690	2405
chr20	4700690	4700691	2414
chr20	4700691	4700692	2381
chr20	4700692	4700693	2356
chr20	4700693	4700694	2323
chr20	4700694	4700695	2254
chr20	4700695	4700696	2287
chr20	4700696	4700697	2381
chr20	4700697	4700698	2545
chr20	4700698	4700699	2446
chr20	4700699	4700701	2451
chr20	4700701	4700702	2455
chr20	4700702	4700703	2443
chr20	4700703	4700704	2442
chr20	4700704	4700705	2458
chr20	4700705	4700706	2466
chr20	4700706	4700707	2517
chr20	4700707	4700708	2458
chr20	4700708	4700709	2476
chr20	4700709	4700710	2496
chr20	4700710	4700711	2491
chr20	4700711	4700712	2501
chr20	4700712	4700713	2510
chr20	4700713	4700714	2530
chr20	4700714	4700715	2517
chr20	4700715	4700716	2441
chr20	4700716	4700717	2416
chr20	4700717	4700718	2450
chr20	4700718	4700719	2467
chr20	4700719	4700720	2485
chr20	4700720	4700721	2511
chr20	4700721	4700722	2553
chr20	4700722	4700723	2567
chr20	4700723	4700724	2628
chr20	4700724	4700725	2797
chr20	4700725	4700726	2844
chr20	4700726	4700727	2864
chr20	4700727	4700728	2835
chr20	4700728	4700729	3038
chr20	4700729	4700730	3106
chr20	4700730	4700731	3134
chr20	4700731	4700732	3159
chr20	4700732	4700733	3191
chr20	4700733	4700734	3224
chr20	4700734	4700735	3240
chr20	4700735	4700736	3236
chr20	4700736	4700737	3267
chr20	4700737	4700738	3285
chr20	4700738	4700739	3251
chr20	4700739	4700740	3243
chr20	4700740	4700741	3239
chr20	4700741	4700742	3269
chr20	4700742	4700743	3280
chr20	4700743	4700744	3295
chr20	4700744	4700745	3309
chr20	4700745	4700746	3258
chr20	4700746	4700747	3237
chr20	4700747	4700748	3260
chr20	4700748	4700749	3229
chr20	4700749	4700750	3241
chr20	4700750	4700751	3350
chr20	4700751	4700752	3372
chr20	4700752	4700753	3396
chr20	4700753	4700754	3404
chr20	4700754	4700755	3450
chr20	4700755	4700756	3306
chr20	4700756	4700757	3254
chr20	4700757	4700758	3175
chr20	4700758	4700759	3111
chr20	4700759	4700760	3121
chr20	4700760	4700761	3083
chr20	4700761	4700762	3126
chr20	4700762	4700763	3121
chr20	4700763	4700764	3098
chr20	4700764	4700765	3054
chr20	4700765	4700766	2986
chr20	4700766	4700767	2911
chr20	4700767	4700768	2905
chr20	4700768	4700769	2935
chr20	4700769	4700770	3043
chr20	4700770	4700771	3044
chr20	4700771	4700772	2948
chr20	4700772	4700773	2875
chr20	4700773	4700774	2724
chr20	4700774	4700775	2732
chr20	4700775	4700776	2736
chr20	4700776	4700777	2745
chr20	4700777	4700778	2854
chr20	4700778	4700779	2891
chr20	4700779	4700780	2853
chr20	4700780	4700781	2819
chr20	4700781	4700782	2842
chr20	4700782	4700783	2827
chr20	4700783	4700784	2834
chr20	4700784	4700785	2773
chr20	4700785	4700786	2751
chr20	4700786	4700787	2721
chr20	4700787	4700788	2706
chr20	4700788	4700789	2640
chr20	4700789	4700790	2569
chr20	4700790	4700791	2562
chr20	4700791	4700793	2570
chr20	4700793	4700794	2545
chr20	4700794	4700795	2532
chr20	4700795	4700796	2504
chr20	4700796	4700797	2539
chr20	4700797	4700798	2694
chr20	4700798	4700799	2733
chr20	4700799	4700800	2699
chr20	4700800	4700801	2537
chr20	4700801	4700802	2492
chr20	4700802	4700803	2477
chr20	4700803	4700804	2389
chr20	4700804	4700805	2214
chr20	4700805	4700806	2136
chr20	4700806	4700807	2114
chr20	4700807	4700808	2261
chr20	4700808	4700809	2259
chr20	4700809	4700810	2321
chr20	4700810	4700811	2317
chr20	4700811	4700812	2343
chr20	4700812	4700813	2333
chr20	4700813	4700814	2330
chr20	4700814	4700815	2396
chr20	4700815	4700816	2425
chr20	4700816	4700817	2483
chr20	4700817	4700818	2469
chr20	4700818	4700819	2532
chr20	4700819	4700820	2515
chr20	4700820	4700821	2517
chr20	4700821	4700822	2553
chr20	4700822	4700823	2554
chr20	4700823	4700824	2625
chr20	4700824	4700825	2626
chr20	4700825	4700826	2619
chr20	4700826	4700827	2526
chr20	4700827	4700828	2535
chr20	4700828	4700830	2521
chr20	4700830	4700831	2466
chr20	4700831	4700832	2602
chr20	4700832	4700833	2654
chr20	4700833	4700834	2726
chr20	4700834	4700835	2855
chr20	4700835	4700836	2931
chr20	4700836	4700837	2959
chr20	4700837	4700838	2930
chr20	4700838	4700839	3012
chr20	4700839	4700840	3034
chr20	4700840	4700841	3129
chr20	4700841	4700842	3165
chr20	4700842	4700843	3157
chr20	4700843	4700844	3162
chr20	4700844	4700845	3137
chr20	4700845	4700846	3120
chr20	4700846	4700847	3144
chr20	4700847	4700848	3186
chr20	4700848	4700849	3175
chr20	4700849	4700850	3159
chr20	4700850	4700851	3127
chr20	4700851	4700852	3155
chr20	4700852	4700853	3186
chr20	4700853	4700854	3072
chr20	4700854	4700855	3035
chr20	4700855	4700856	3038
chr20	4700856	4700857	3037
chr20	4700857	4700858	3023
chr20	4700858	4700859	2989
chr20	4700859	4700860	2980
chr20	4700860	4700861	2981
chr20	4700861	4700862	2984
chr20	4700862	4700863	3080
chr20	4700863	4700864	3113
chr20	4700864	4700865	3213
chr20	4700865	4700866	3228
chr20	4700866	4700867	3280
chr20	4700867	4700868	3399
chr20	4700868	4700869	3482
chr20	4700869	4700870	3527
chr20	4700870	4700871	3587
chr20	4700871	4700872	3613
chr20	4700872	4700873	3579
chr20	4700873	4700874	3379
chr20	4700874	4700875	3369
chr20	4700875	4700876	3351
chr20	4700876	4700877	3371
chr20	4700877	4700878	3453
chr20	4700878	4700879	3616
chr20	4700879	4700880	3607
chr20	4700880	4700881	3615
chr20	4700881	4700882	3606
chr20	4700882	4700883	3650
chr20	4700883	4700884	3542
chr20	4700884	4700885	3470
chr20	4700885	4700886	3434
chr20	4700886	4700887	3435
chr20	4700887	4700888	3427
chr20	4700888	4700889	3446
chr20	4700889	4700890	3449
chr20	4700890	4700891	3421
chr20	4700891	4700892	3409
chr20	4700892	4700893	3352
chr20	4700893	4700894	3386
chr20	4700894	4700895	3322
chr20	4700895	4700896	3298
chr20	4700896	4700897	3333
chr20	4700897	4700898	3335
chr20	4700898	4700899	3369
chr20	4700899	4700900	3295
chr20	4700900	4700901	3307
chr20	4700901	4700902	3332
chr20	4700902	4700903	3314
chr20	4700903	4700904	3318
chr20	4700904	4700905	3385
chr20	4700905	4700906	3399
chr20	4700906	4700907	3472
chr20	4700907	4700908	3431
chr20	4700908	4700909	3404
chr20	4700909	4700910	3322
chr20	4700910	4700911	3215
chr20	4700911	4700912	3143
chr20	4700912	4700913	3113
chr20	4700913	4700914	3101
chr20	4700914	4700915	3027
chr20	4700915	4700916	3095
chr20	4700916	4700917	3057
chr20	4700917	4700919	3050
chr20	4700919	4700920	3034
chr20	4700920	4700921	3020
chr20	4700921	4700922	2928
chr20	4700922	4700923	2919
chr20	4700923	4700924	2883
chr20	4700924	4700925	2867
chr20	4700925	4700926	2850
chr20	4700926	4700927	2973
chr20	4700927	4700928	2938
chr20	4700928	4700929	2899
chr20	4700929	4700930	2898
chr20	4700930	4700931	2905
chr20	4700931	4700932	2927
chr20	4700932	4700933	3006
chr20	4700933	4700934	3019
chr20	4700934	4700935	3166
chr20	4700935	4700936	3194
chr20	4700936	4700937	3225
chr20	4700937	4700938	3409
chr20	4700938	4700939	3405
chr20	4700939	4700940	3536
chr20	4700940	4700941	3507
chr20	4700941	4700942	3558
chr20	4700942	4700943	3523
chr20	4700943	4700944	3431
chr20	4700944	4700945	3368
chr20	4700945	4700946	3289
chr20	4700946	4700947	3211
chr20	4700947	4700948	3195
chr20	4700948	4700949	3188
chr20	4700949	4700950	3221
chr20	4700950	4700951	3174
chr20	4700951	4700952	3137
chr20	4700952	4700953	3093
chr20	4700953	4700954	3040
chr20	4700954	4700955	2923
chr20	4700955	4700956	2921
chr20	4700956	4700957	2900
chr20	4700957	4700958	2884
chr20	4700958	4700959	2838
chr20	4700959	4700960	2782
chr20	4700960	4700961	2812
chr20	4700961	4700962	3014
chr20	4700962	4700963	3090
chr20	4700963	4700964	3133
chr20	4700964	4700965	3151
chr20	4700965	4700966	3182
chr20	4700966	4700967	3109
chr20	4700967	4700968	3122
chr20	4700968	4700969	3179
chr20	4700969	4700970	3147
chr20	4700970	4700971	3167
chr20	4700971	4700972	3232
chr20	4700972	4700973	3212
chr20	4700973	4700974	3191
chr20	4700974	4700975	3171
chr20	4700975	4700976	3181
chr20	4700976	4700977	3219
chr20	4700977	4700978	3178
chr20	4700978	4700979	3169
chr20	4700979	4700981	3116
chr20	4700981	4700982	3125
chr20	4700982	4700983	3197
chr20	4700983	4700984	3551
chr20	4700984	4700985	3566
chr20	4700985	4700986	3628
chr20	4700986	4700987	3651
chr20	4700987	4700988	3655
chr20	4700988	4700989	3668
chr20	4700989	4700990	3705
chr20	4700990	4700991	3728
chr20	4700991	4700992	3665
chr20	4700992	4700993	3695
chr20	4700993	4700994	3753
chr20	4700994	4700995	3751
chr20	4700995	4700996	3782
chr20	4700996	4700997	3783
chr20	4700997	4700998	3780
chr20	4700998	4700999	3787
chr20	4700999	4701000	3777
chr20	4701000	4701001	3782
chr20	4701001	4701002	3799
chr20	4701002	4701003	3711
chr20	4701003	4701004	3989
chr20	4701004	4701005	4032
chr20	4701005	4701006	4029
chr20	4701006	4701007	4033
chr20	4701007	4701008	4005
chr20	4701008	4701009	3927
chr20	4701009	4701010	3945
chr20	4701010	4701011	3828
chr20	4701011	4701012	3799
chr20	4701012	4701013	3795
chr20	4701013	4701014	3617
chr20	4701014	4701015	3564
chr20	4701015	4701016	3368
chr20	4701016	4701017	3319
chr20	4701017	4701018	3271
chr20	4701018	4701019	3267
chr20	4701019	4701020	3331
chr20	4701020	4701021	3547
chr20	4701021	4701022	3682
chr20	4701022	4701023	3668
chr20	4701023	4701024	3680
chr20	4701024	4701025	3663
chr20	4701025	4701026	3793
chr20	4701026	4701027	3803
chr20	4701027	4701028	3864
chr20	4701028	4701029	3960
chr20	4701029	4701030	3970
chr20	4701030	4701031	3934
chr20	4701031	4701032	3961
chr20	4701032	4701033	3970
chr20	4701033	4701034	3977
chr20	4701034	4701035	3982
chr20	4701035	4701036	4062
chr20	4701036	4701037	4009
chr20	4701037	4701038	3762
chr20	4701038	4701039	3690
chr20	4701039	4701040	3638
chr20	4701040	4701041	3599
chr20	4701041	4701042	3595
chr20	4701042	4701043	3611
chr20	4701043	4701044	3588
chr20	4701044	4701045	3535
chr20	4701045	4701046	3658
chr20	4701046	4701047	3786
chr20	4701047	4701048	3747
chr20	4701048	4701049	3720
chr20	4701049	4701050	3754
chr20	4701050	4701051	3902
chr20	4701051	4701052	4021
chr20	4701052	4701053	3971
chr20	4701053	4701054	3964
chr20	4701054	4701055	3982
chr20	4701055	4701056	4011
chr20	4701056	4701057	3967
chr20	4701057	4701058	3943
chr20	4701058	4701059	3804
chr20	4701059	4701060	3383
chr20	4701060	4701061	3356
chr20	4701061	4701062	3316
chr20	4701062	4701063	3276
chr20	4701063	4701064	3309
chr20	4701064	4701065	3291
chr20	4701065	4701066	3232
chr20	4701066	4701067	3420
chr20	4701067	4701068	3398
chr20	4701068	4701069	3337
chr20	4701069	4701070	3310
chr20	4701070	4701071	3313
chr20	4701071	4701072	3288
chr20	4701072	4701073	3281
chr20	4701073	4701074	3309
chr20	4701074	4701075	3291
chr20	4701075	4701076	3357
chr20	4701076	4701077	3385
chr20	4701077	4701078	3488
chr20	4701078	4701079	3507
chr20	4701079	4701080	3266
chr20	4701080	4701081	3231
chr20	4701081	4701082	3225
chr20	4701082	4701083	3213
chr20	4701083	4701084	3224
chr20	4701084	4701085	3360
chr20	4701085	4701086	3402
chr20	4701086	4701087	3390
chr20	4701087	4701088	3397
chr20	4701088	4701089	3373
chr20	4701089	4701090	3403
chr20	4701090	4701091	3419
chr20	4701091	4701092	3427
chr20	4701092	4701093	3420
chr20	4701093	4701094	3418
chr20	4701094	4701095	3497
chr20	4701095	4701096	3483
chr20	4701096	4701097	3257
chr20	4701097	4701098	3142
chr20	4701098	4701099	3188
chr20	4701099	4701100	3180
chr20	4701100	4701101	3488
chr20	4701101	4701102	3391
chr20	4701102	4701103	3605
chr20	4701103	4701104	3625
chr20	4701104	4701105	3550
chr20	4701105	4701106	3616
chr20	4701106	4701107	3672
chr20	4701107	4701108	3644
chr20	4701108	4701109	3670
chr20	4701109	4701110	3718
chr20	4701110	4701111	3917
chr20	4701111	4701112	3925
chr20	4701112	4701113	4028
chr20	4701113	4701114	4066
chr20	4701114	4701115	4142
chr20	4701115	4701116	4207
chr20	4701116	4701117	4222
chr20	4701117	4701118	4181
chr20	4701118	4701119	4184
chr20	4701119	4701120	4222
chr20	4701120	4701121	4257
chr20	4701121	4701122	4130
chr20	4701122	4701123	4004
chr20	4701123	4701124	3986
chr20	4701124	4701125	3989
chr20	4701125	4701126	3926
chr20	4701126	4701127	3743
chr20	4701127	4701128	3674
chr20	4701128	4701129	3721
chr20	4701129	4701130	3787
chr20	4701130	4701131	3894
chr20	4701131	4701132	3940
chr20	4701132	4701133	3923
chr20	4701133	4701134	3958
chr20	4701134	4701135	3996
chr20	4701135	4701136	3994
chr20	4701136	4701137	4014
chr20	4701137	4701138	4010
chr20	4701138	4701139	4102
chr20	4701139	4701140	4048
chr20	4701140	4701141	4055
chr20	4701141	4701142	4074
chr20	4701142	4701143	3858
chr20	4701143	4701144	3847
chr20	4701144	4701145	3859
chr20	4701145	4701146	3835
chr20	4701146	4701147	3871
chr20	4701147	4701148	3952
chr20	4701148	4701149	4003
chr20	4701149	4701150	4011
chr20	4701150	4701151	4014
chr20	4701151	4701152	3953
chr20	4701152	4701153	3974
chr20	4701153	4701154	3892
chr20	4701154	4701155	3930
chr20	4701155	4701156	3917
chr20	4701156	4701157	3937
chr20	4701157	4701158	4074
chr20	4701158	4701159	4105
chr20	4701159	4701160	4131
chr20	4701160	4701161	4052
chr20	4701161	4701162	3985
chr20	4701162	4701163	3981
chr20	4701163	4701164	3985
chr20	4701164	4701165	4065
chr20	4701165	4701166	4038
chr20	4701166	4701167	4045
chr20	4701167	4701168	4103
chr20	4701168	4701169	4125
chr20	4701169	4701170	4150
chr20	4701170	4701171	4084
chr20	4701171	4701172	4050
chr20	4701172	4701173	4031
chr20	4701173	4701174	4016
chr20	4701174	4701175	4213
chr20	4701175	4701176	4232
chr20	4701176	4701177	3925
chr20	4701177	4701178	3873
chr20	4701178	4701179	3658
chr20	4701179	4701180	3566
chr20	4701180	4701181	3560
chr20	4701181	4701182	3503
chr20	4701182	4701183	3481
chr20	4701183	4701184	3519
chr20	4701184	4701185	3518
chr20	4701185	4701186	3428
chr20	4701186	4701187	3284
chr20	4701187	4701188	3204
chr20	4701188	4701189	3109
chr20	4701189	4701190	3110
chr20	4701190	4701191	3018
chr20	4701191	4701192	3007
chr20	4701192	4701193	3003
chr20	4701193	4701194	3031
chr20	4701194	4701195	2992
chr20	4701195	4701196	2971
chr20	4701196	4701197	2934
chr20	4701197	4701198	2954
chr20	4701198	4701199	2947
chr20	4701199	4701200	2963
chr20	4701200	4701201	2971
chr20	4701201	4701202	3014
chr20	4701202	4701203	3005
chr20	4701203	4701204	3022
chr20	4701204	4701205	2975
chr20	4701205	4701206	2902
chr20	4701206	4701207	3153
chr20	4701207	4701208	3119
chr20	4701208	4701209	3131
chr20	4701209	4701210	3095
chr20	4701210	4701211	3102
chr20	4701211	4701212	3130
chr20	4701212	4701213	3124
chr20	4701213	4701214	3101
chr20	4701214	4701215	3021
chr20	4701215	4701217	3022
chr20	4701217	4701218	3057
chr20	4701218	4701219	3047
chr20	4701219	4701220	3063
chr20	4701220	4701221	3043
chr20	4701221	4701222	3038
chr20	4701222	4701223	2999
chr20	4701223	4701224	2944
chr20	4701224	4701225	2919
chr20	4701225	4701226	3007
chr20	4701226	4701227	3072
chr20	4701227	4701228	3090
chr20	4701228	4701229	3091
chr20	4701229	4701230	3115
chr20	4701230	4701231	3066
chr20	4701231	4701232	3097
chr20	4701232	4701233	3095
chr20	4701233	4701234	3049
chr20	4701234	4701235	3029
chr20	4701235	4701236	3052
chr20	4701236	4701237	3013
chr20	4701237	4701238	3014
chr20	4701238	4701239	3046
chr20	4701239	4701240	3196
chr20	4701240	4701241	3229
chr20	4701241	4701242	3238
chr20	4701242	4701243	3185
chr20	4701243	4701244	3192
chr20	4701244	4701245	3139
chr20	4701245	4701246	3231
chr20	4701246	4701247	3224
chr20	4701247	4701248	3234
chr20	4701248	4701249	3242
chr20	4701249	4701250	3250
chr20	4701250	4701251	3012
chr20	4701251	4701252	2991
chr20	4701252	4701253	3010
chr20	4701253	4701254	3064
chr20	4701254	4701255	3097
chr20	4701255	4701256	3300
chr20	4701256	4701257	3321
chr20	4701257	4701258	3283
chr20	4701258	4701259	3219
chr20	4701259	4701260	3191
chr20	4701260	4701261	3152
#bedGraph section chr20:4701261-4780592
chr20	4701261	4701262	3177
chr20	4701262	4701263	3153
chr20	4701263	4701264	3182
chr20	4701264	4701265	3185
chr20	4701265	4701266	3156
chr20	4701266	4701267	3151
chr20	4701267	4701268	3111
chr20	4701268	4701269	3120
chr20	4701269	4701270	3072
chr20	4701270	4701271	3093
chr20	4701271	4701272	3076
chr20	4701272	4701273	3144
chr20	4701273	4701274	3111
chr20	4701274	4701275	3130
chr20	4701275	4701276	3097
chr20	4701276	4701277	3133
chr20	4701277	4701278	3150
chr20	4701278	4701279	3163
chr20	4701279	4701280	3137
chr20	4701280	4701281	3128
chr20	4701281	4701282	3186
chr20	4701282	4701283	2840
chr20	4701283	4701284	2836
chr20	4701284	4701285	2822
chr20	4701285	4701286	2824
chr20	4701286	4701287	2774
chr20	4701287	4701288	2733
chr20	4701288	4701289	2709
chr20	4701289	4701290	2725
chr20	4701290	4701291	2758
chr20	4701291	4701292	2755
chr20	4701292	4701293	2791
chr20	4701293	4701294	2750
chr20	4701294	4701295	2760
chr20	4701295	4701296	2755
chr20	4701296	4701297	2816
chr20	4701297	4701298	2855
chr20	4701298	4701299	2870
chr20	4701299	4701300	2877
chr20	4701300	4701301	2897
chr20	4701301	4701302	2793
chr20	4701302	4701303	2832
chr20	4701303	4701304	3007
chr20	4701304	4701305	3102
chr20	4701305	4701306	3114
chr20	4701306	4701307	3075
chr20	4701307	4701308	3045
chr20	4701308	4701309	3158
chr20	4701309	4701310	3115
chr20	4701310	4701311	3139
chr20	4701311	4701312	3105
chr20	4701312	4701313	3095
chr20	4701313	4701314	3128
chr20	4701314	4701315	3126
chr20	4701315	4701316	3013
chr20	4701316	4701317	2940
chr20	4701317	4701318	3050
chr20	4701318	4701319	3088
chr20	4701319	4701320	3120
chr20	4701320	4701321	3178
chr20	4701321	4701322	3083
chr20	4701322	4701323	3087
chr20	4701323	4701324	3063
chr20	4701324	4701325	3065
chr20	4701325	4701326	3070
chr20	4701326	4701327	3193
chr20	4701327	4701328	3291
chr20	4701328	4701329	3269
chr20	4701329	4701330	3206
chr20	4701330	4701331	3190
chr20	4701331	4701332	2995
chr20	4701332	4701333	2994
chr20	4701333	4701334	3034
chr20	4701334	4701335	3052
chr20	4701335	4701336	3098
chr20	4701336	4701337	3130
chr20	4701337	4701338	3144
chr20	4701338	4701339	3156
chr20	4701339	4701340	3177
chr20	4701340	4701341	3331
chr20	4701341	4701342	3439
chr20	4701342	4701343	3458
chr20	4701343	4701344	3474
chr20	4701344	4701345	3449
chr20	4701345	4701346	3471
chr20	4701346	4701347	3460
chr20	4701347	4701348	3638
chr20	4701348	4701350	3585
chr20	4701350	4701351	3572
chr20	4701351	4701352	3611
chr20	4701352	4701353	3619
chr20	4701353	4701354	3559
chr20	4701354	4701355	3549
chr20	4701355	4701356	3546
chr20	4701356	4701357	3547
chr20	4701357	4701358	3484
chr20	4701358	4701359	3428
chr20	4701359	4701360	3426
chr20	4701360	4701361	3471
chr20	4701361	4701362	3514
chr20	4701362	4701363	3523
chr20	4701363	4701364	3530
chr20	4701364	4701365	3531
chr20	4701365	4701366	3504
chr20	4701366	4701367	3496
chr20	4701367	4701368	3651
chr20	4701368	4701369	3792
chr20	4701369	4701370	3849
chr20	4701370	4701371	3850
chr20	4701371	4701372	3869
chr20	4701372	4701373	3948
chr20	4701373	4701374	4016
chr20	4701374	4701375	4195
chr20	4701375	4701376	4220
chr20	4701376	4701377	4209
chr20	4701377	4701378	4229
chr20	4701378	4701379	4126
chr20	4701379	4701380	4033
chr20	4701380	4701381	3901
chr20	4701381	4701382	3953
chr20	4701382	4701383	3971
chr20	4701383	4701384	4069
chr20	4701384	4701385	4043
chr20	4701385	4701386	4082
chr20	4701386	4701387	4143
chr20	4701387	4701388	4179
chr20	4701388	4701389	4199
chr20	4701389	4701390	4178
chr20	4701390	4701391	4155
chr20	4701391	4701392	4126
chr20	4701392	4701393	4366
chr20	4701393	4701394	4233
chr20	4701394	4701395	4285
chr20	4701395	4701396	4261
chr20	4701396	4701397	4425
chr20	4701397	4701398	4445
chr20	4701398	4701399	4504
chr20	4701399	4701400	4557
chr20	4701400	4701401	4627
chr20	4701401	4701402	4657
chr20	4701402	4701403	4536
chr20	4701403	4701404	4445
chr20	4701404	4701405	4436
chr20	4701405	4701406	4455
chr20	4701406	4701407	4438
chr20	4701407	4701408	4448
chr20	4701408	4701409	4436
chr20	4701409	4701410	4377
chr20	4701410	4701411	4348
chr20	4701411	4701412	4297
chr20	4701412	4701413	4257
chr20	4701413	4701414	4225
chr20	4701414	4701415	4194
chr20	4701415	4701416	4134
chr20	4701416	4701417	3941
chr20	4701417	4701418	3872
chr20	4701418	4701419	3849
chr20	4701419	4701420	3850
chr20	4701420	4701421	3831
chr20	4701421	4701422	3821
chr20	4701422	4701423	3822
chr20	4701423	4701424	3635
chr20	4701424	4701425	3662
chr20	4701425	4701426	3665
chr20	4701426	4701427	3662
chr20	4701427	4701428	3617
chr20	4701428	4701429	3555
chr20	4701429	4701430	3553
chr20	4701430	4701431	3540
chr20	4701431	4701432	3545
chr20	4701432	4701433	3564
chr20	4701433	4701434	3569
chr20	4701434	4701435	3570
chr20	4701435	4701436	3558
chr20	4701436	4701437	3507
chr20	4701437	4701438	3454
chr20	4701438	4701439	3442
chr20	4701439	4701440	3441
chr20	4701440	4701441	3439
chr20	4701441	4701442	3414
chr20	4701442	4701443	3384
chr20	4701443	4701444	3232
chr20	4701444	4701445	3035
chr20	4701445	4701446	2968
chr20	4701446	4701447	2959
chr20	4701447	4701448	2927
chr20	4701448	4701449	2768
chr20	4701449	4701450	2643
chr20	4701450	4701451	2449
chr20	4701451	4701452	2402
chr20	4701452	4701453	2368
chr20	4701453	4701454	2320
chr20	4701454	4701455	2294
chr20	4701455	4701456	2205
chr20	4701456	4701457	2197
chr20	4701457	4701458	2075
chr20	4701458	4701459	2040
chr20	4701459	4701460	1954
chr20	4701460	4701461	1836
chr20	4701461	4701462	1782
chr20	4701462	4701463	1677
chr20	4701463	4701464	1635
chr20	4701464	4701465	1646
chr20	4701465	4701466	1649
chr20	4701466	4701467	1624
chr20	4701467	4701468	1618
chr20	4701468	4701469	1334
chr20	4701469	4701470	1335
chr20	4701470	4701471	1248
chr20	4701471	4701472	1188
chr20	4701472	4701473	959
chr20	4701473	4701474	948
chr20	4701474	4701475	884
chr20	4701475	4701476	806
chr20	4701476	4701477	728
chr20	4701477	4701478	685
chr20	4701478	4701479	679
chr20	4701479	4701480	674
chr20	4701480	4701481	676
chr20	4701481	4701482	825
chr20	4701482	4701483	828
chr20	4701483	4701484	921
chr20	4701484	4701485	909
chr20	4701485	4701486	912
chr20	4701486	4701488	917
chr20	4701488	4701489	1016
chr20	4701489	4701490	1033
chr20	4701490	4701491	1053
chr20	4701491	4701492	1059
chr20	4701492	4701493	1072
chr20	4701493	4701494	1082
chr20	4701494	4701495	1153
chr20	4701495	4701496	1149
chr20	4701496	4701497	1147
chr20	4701497	4701498	1160
chr20	4701498	4701499	1174
chr20	4701499	4701500	1236
chr20	4701500	4701501	1232
chr20	4701501	4701502	1237
chr20	4701502	4701503	1443
chr20	4701503	4701504	1468
chr20	4701504	4701505	1493
chr20	4701505	4701506	1526
chr20	4701506	4701507	1560
chr20	4701507	4701508	1780
chr20	4701508	4701509	1791
chr20	4701509	4701510	1872
chr20	4701510	4701512	1892
chr20	4701512	4701513	2030
chr20	4701513	4701514	2063
chr20	4701514	4701516	2060
chr20	4701516	4701517	2066
chr20	4701517	4701518	2070
chr20	4701518	4701519	2115
chr20	4701519	4701520	2127
chr20	4701520	4701521	2153
chr20	4701521	4701523	2162
chr20	4701523	4701525	2156
chr20	4701525	4701526	2158
chr20	4701526	4701527	2159
chr20	4701527	4701528	2156
chr20	4701528	4701529	2151
chr20	4701529	4701530	2150
chr20	4701530	4701531	2138
chr20	4701531	4701532	2143
chr20	4701532	4701533	2123
chr20	4701533	4701534	2114
chr20	4701534	4701535	2111
chr20	4701535	4701536	2074
chr20	4701536	4701537	2072
chr20	4701537	4701538	2036
chr20	4701538	4701539	1993
chr20	4701539	4701540	1981
chr20	4701540	4701541	1958
chr20	4701541	4701542	1943
chr20	4701542	4701543	1946
chr20	4701543	4701544	1924
chr20	4701544	4701545	1917
chr20	4701545	4701546	1899
chr20	4701546	4701547	1894
chr20	4701547	4701548	1885
chr20	4701548	4701549	1878
chr20	4701549	4701550	1864
chr20	4701550	4701552	1832
chr20	4701552	4701553	1815
chr20	4701553	4701554	1812
chr20	4701554	4701555	1810
chr20	4701555	4701556	1804
chr20	4701556	4701557	1780
chr20	4701557	4701558	1597
chr20	4701558	4701559	1591
chr20	4701559	4701560	1489
chr20	4701560	4701561	1486
chr20	4701561	4701562	1479
chr20	4701562	4701563	1476
chr20	4701563	4701564	1466
chr20	4701564	4701565	1359
chr20	4701565	4701566	1343
chr20	4701566	4701567	1331
chr20	4701567	4701568	1325
chr20	4701568	4701569	1304
chr20	4701569	4701570	1282
chr20	4701570	4701571	1204
chr20	4701571	4701572	1197
chr20	4701572	4701573	1196
chr20	4701573	4701574	1168
chr20	4701574	4701575	1148
chr20	4701575	4701576	1088
chr20	4701576	4701577	1055
chr20	4701577	4701578	1029
chr20	4701578	4701579	816
chr20	4701579	4701580	784
chr20	4701580	4701581	759
chr20	4701581	4701582	724
chr20	4701582	4701583	690
chr20	4701583	4701584	448
chr20	4701584	4701585	390
chr20	4701585	4701586	331
chr20	4701586	4701587	318
chr20	4701587	4701588	265
chr20	4701588	4701589	29
chr20	4701589	4701590	25
chr20	4701590	4702073	0
