track type=wiggle_0 name="Brain Front Cortex" description="Brain Frontal Cortex BA9"
#bedGraph section chr20:4248172-4699282
chr20	4685852	4686115	0
chr20	4686115	4686119	2
chr20	4686119	4686150	4
chr20	4686150	4686191	5
chr20	4686191	4686196	3
chr20	4686196	4686226	4
chr20	4686226	4686271	3
chr20	4686271	4686326	0
chr20	4686326	4686353	1
chr20	4686353	4686365	2
chr20	4686365	4686366	3
chr20	4686366	4686369	4
chr20	4686369	4686375	6
chr20	4686375	4686376	7
chr20	4686376	4686378	8
chr20	4686378	4686379	11
chr20	4686379	4686381	12
chr20	4686381	4686384	13
chr20	4686384	4686390	14
chr20	4686390	4686392	17
chr20	4686392	4686395	18
chr20	4686395	4686397	19
chr20	4686397	4686398	20
chr20	4686398	4686402	21
chr20	4686402	4686405	22
chr20	4686405	4686406	24
chr20	4686406	4686407	25
chr20	4686407	4686408	28
chr20	4686408	4686409	29
chr20	4686409	4686413	35
chr20	4686413	4686415	39
chr20	4686415	4686420	41
chr20	4686420	4686425	42
chr20	4686425	4686426	43
chr20	4686426	4686428	47
chr20	4686428	4686429	49
chr20	4686429	4686432	50
chr20	4686432	4686433	52
chr20	4686433	4686434	55
chr20	4686434	4686435	59
chr20	4686435	4686436	61
chr20	4686436	4686437	70
chr20	4686437	4686438	73
chr20	4686438	4686439	75
chr20	4686439	4686441	78
chr20	4686441	4686442	83
chr20	4686442	4686444	91
chr20	4686444	4686445	94
chr20	4686445	4686446	92
chr20	4686446	4686448	94
chr20	4686448	4686449	95
chr20	4686449	4686451	109
chr20	4686451	4686452	110
chr20	4686452	4686453	118
chr20	4686453	4686454	120
chr20	4686454	4686455	117
chr20	4686455	4686456	116
chr20	4686456	4686458	117
chr20	4686458	4686459	120
chr20	4686459	4686461	133
chr20	4686461	4686462	147
chr20	4686462	4686463	149
chr20	4686463	4686464	169
chr20	4686464	4686465	176
chr20	4686465	4686466	182
chr20	4686466	4686467	181
chr20	4686467	4686469	185
chr20	4686469	4686470	206
chr20	4686470	4686471	234
chr20	4686471	4686472	346
chr20	4686472	4686473	366
chr20	4686473	4686474	387
chr20	4686474	4686475	421
chr20	4686475	4686476	437
chr20	4686476	4686477	459
chr20	4686477	4686478	476
chr20	4686478	4686479	522
chr20	4686479	4686480	555
chr20	4686480	4686481	586
chr20	4686481	4686482	622
chr20	4686482	4686483	625
chr20	4686483	4686484	624
chr20	4686484	4686485	625
chr20	4686485	4686486	629
chr20	4686486	4686487	636
chr20	4686487	4686488	638
chr20	4686488	4686489	650
chr20	4686489	4686490	646
chr20	4686490	4686491	664
chr20	4686491	4686493	665
chr20	4686493	4686494	674
chr20	4686494	4686495	677
chr20	4686495	4686496	684
chr20	4686496	4686497	691
chr20	4686497	4686498	698
chr20	4686498	4686499	712
chr20	4686499	4686500	715
chr20	4686500	4686501	721
chr20	4686501	4686502	722
chr20	4686502	4686503	723
chr20	4686503	4686504	750
chr20	4686504	4686505	767
chr20	4686505	4686506	776
chr20	4686506	4686507	783
chr20	4686507	4686508	787
chr20	4686508	4686509	470
chr20	4686509	4686510	477
chr20	4686510	4686511	478
chr20	4686511	4686512	506
chr20	4686512	4686619	0
chr20	4686619	4686622	1
chr20	4686622	4686669	2
chr20	4686669	4686685	6
chr20	4686685	4686686	7
chr20	4686686	4686695	8
chr20	4686695	4686696	7
chr20	4686696	4686708	6
chr20	4686708	4686709	7
chr20	4686709	4686710	8
chr20	4686710	4686713	9
chr20	4686713	4686714	11
chr20	4686714	4686715	13
chr20	4686715	4686718	14
chr20	4686718	4686729	18
chr20	4686729	4686733	19
chr20	4686733	4686734	25
chr20	4686734	4686735	29
chr20	4686735	4686736	34
chr20	4686736	4687973	0
chr20	4687973	4688049	1
chr20	4688049	4688099	0
chr20	4688099	4688175	1
chr20	4688175	4688382	0
chr20	4688382	4688426	1
chr20	4688426	4688456	2
chr20	4688456	4688469	1
chr20	4688469	4688502	2
chr20	4688502	4688545	1
chr20	4688545	4688558	0
chr20	4688558	4688634	1
chr20	4688634	4689824	0
chr20	4689824	4689856	1
chr20	4689856	4689900	2
chr20	4689900	4689932	1
chr20	4689932	4690331	0
chr20	4690331	4690407	2
chr20	4690407	4690430	0
chr20	4690430	4690506	2
chr20	4690506	4692678	0
chr20	4692678	4692754	1
chr20	4692754	4692900	0
chr20	4692900	4692976	1
chr20	4692976	4694270	0
chr20	4694270	4694307	1
chr20	4694307	4694346	2
chr20	4694346	4694383	1
chr20	4694383	4695191	0
chr20	4695191	4695212	2
chr20	4695212	4695267	3
chr20	4695267	4695288	1
chr20	4695288	4695321	0
chr20	4695321	4695322	1
chr20	4695322	4695397	2
chr20	4695397	4695398	1
chr20	4695398	4695411	0
chr20	4695411	4695442	1
chr20	4695442	4695487	2
chr20	4695487	4695505	1
chr20	4695505	4695508	3
chr20	4695508	4695518	4
chr20	4695518	4695563	3
chr20	4695563	4695564	2
chr20	4695564	4695581	3
chr20	4695581	4695585	1
chr20	4695585	4695632	0
chr20	4695632	4695708	1
chr20	4695708	4695751	0
chr20	4695751	4695827	1
chr20	4695827	4696056	0
chr20	4696056	4696080	1
chr20	4696080	4696132	2
chr20	4696132	4696156	1
chr20	4696156	4696159	0
chr20	4696159	4696207	1
chr20	4696207	4696235	2
chr20	4696235	4696241	1
chr20	4696241	4696258	2
chr20	4696258	4696283	3
chr20	4696283	4696317	2
chr20	4696317	4696330	1
chr20	4696330	4696333	2
chr20	4696333	4696335	1
chr20	4696335	4696338	2
chr20	4696338	4696406	4
chr20	4696406	4696411	3
chr20	4696411	4696414	2
chr20	4696414	4696448	0
chr20	4696448	4696499	1
chr20	4696499	4696512	2
chr20	4696512	4696524	4
chr20	4696524	4696570	3
chr20	4696570	4696575	4
chr20	4696575	4696583	3
chr20	4696583	4696588	5
chr20	4696588	4696595	3
chr20	4696595	4696646	4
chr20	4696646	4696647	3
chr20	4696647	4696657	4
chr20	4696657	4696659	5
chr20	4696659	4696671	3
chr20	4696671	4696709	2
chr20	4696709	4696723	4
chr20	4696723	4696772	3
chr20	4696772	4696785	4
chr20	4696785	4696804	2
chr20	4696804	4696809	3
chr20	4696809	4696848	2
chr20	4696848	4696878	1
chr20	4696878	4696919	0
chr20	4696919	4696995	1
chr20	4696995	4697025	0
chr20	4697025	4697073	1
chr20	4697073	4697100	2
chr20	4697100	4697149	1
chr20	4697149	4697236	0
chr20	4697236	4697308	1
chr20	4697308	4697312	2
chr20	4697312	4697326	1
chr20	4697326	4697372	2
chr20	4697372	4697384	3
chr20	4697384	4697393	2
chr20	4697393	4697402	3
chr20	4697402	4697442	2
chr20	4697442	4697448	3
chr20	4697448	4697465	2
chr20	4697465	4697469	3
chr20	4697469	4697518	2
chr20	4697518	4697529	1
chr20	4697529	4697540	2
chr20	4697540	4697541	3
chr20	4697541	4697557	2
chr20	4697557	4697562	3
chr20	4697562	4697605	4
chr20	4697605	4697612	3
chr20	4697612	4697616	4
chr20	4697616	4697633	3
chr20	4697633	4697638	2
chr20	4697638	4697647	1
chr20	4697647	4697672	2
chr20	4697672	4697681	3
chr20	4697681	4697688	4
chr20	4697688	4697723	3
chr20	4697723	4697748	2
chr20	4697748	4697757	1
chr20	4697757	4697786	0
chr20	4697786	4697815	1
chr20	4697815	4697817	2
chr20	4697817	4697830	4
chr20	4697830	4697847	5
chr20	4697847	4697862	6
chr20	4697862	4697865	5
chr20	4697865	4697891	6
chr20	4697891	4697893	5
chr20	4697893	4697903	3
chr20	4697903	4697904	4
chr20	4697904	4697906	5
chr20	4697906	4697923	4
chr20	4697923	4697941	3
chr20	4697941	4697944	2
chr20	4697944	4697959	3
chr20	4697959	4697979	5
chr20	4697979	4697980	4
chr20	4697980	4698001	3
chr20	4698001	4698003	4
chr20	4698003	4698020	5
chr20	4698020	4698035	6
chr20	4698035	4698052	4
chr20	4698052	4698076	5
chr20	4698076	4698077	6
chr20	4698077	4698079	5
chr20	4698079	4698096	4
chr20	4698096	4698098	2
chr20	4698098	4698128	3
chr20	4698128	4698152	2
chr20	4698152	4698159	1
chr20	4698159	4698174	2
chr20	4698174	4698186	1
chr20	4698186	4698197	2
chr20	4698197	4698206	3
chr20	4698206	4698220	4
chr20	4698220	4698232	5
chr20	4698232	4698235	6
chr20	4698235	4698262	5
chr20	4698262	4698273	4
chr20	4698273	4698282	3
chr20	4698282	4698291	2
chr20	4698291	4698296	3
chr20	4698296	4698298	2
chr20	4698298	4698308	3
chr20	4698308	4698369	2
chr20	4698369	4698374	3
chr20	4698374	4698388	2
chr20	4698388	4698432	3
chr20	4698432	4698443	4
chr20	4698443	4698445	3
chr20	4698445	4698464	2
chr20	4698464	4698465	1
chr20	4698465	4698470	2
chr20	4698470	4698508	3
chr20	4698508	4698541	2
chr20	4698541	4698546	1
chr20	4698546	4698566	0
chr20	4698566	4698642	1
chr20	4698642	4698683	0
chr20	4698683	4698707	1
chr20	4698707	4698759	2
chr20	4698759	4698783	1
chr20	4698783	4698791	0
chr20	4698791	4698792	1
chr20	4698792	4698867	2
chr20	4698867	4698868	1
chr20	4698868	4698882	0
chr20	4698882	4698891	1
chr20	4698891	4698934	2
chr20	4698934	4698936	3
chr20	4698936	4698939	4
chr20	4698939	4698958	5
chr20	4698958	4698967	4
chr20	4698967	4698968	3
chr20	4698968	4698986	4
chr20	4698986	4698993	5
chr20	4698993	4698998	6
chr20	4698998	4699010	7
chr20	4699010	4699012	6
chr20	4699012	4699015	5
chr20	4699015	4699027	4
chr20	4699027	4699040	5
chr20	4699040	4699044	6
chr20	4699044	4699062	5
chr20	4699062	4699069	4
chr20	4699069	4699072	3
chr20	4699072	4699074	4
chr20	4699074	4699091	3
chr20	4699091	4699103	4
chr20	4699103	4699107	3
chr20	4699107	4699116	4
chr20	4699116	4699132	3
chr20	4699132	4699148	4
chr20	4699148	4699149	3
chr20	4699149	4699167	5
chr20	4699167	4699172	4
chr20	4699172	4699174	5
chr20	4699174	4699184	6
chr20	4699184	4699205	7
chr20	4699205	4699206	8
chr20	4699206	4699208	11
chr20	4699208	4699209	16
chr20	4699209	4699210	18
chr20	4699210	4699211	837
chr20	4699211	4699212	834
chr20	4699212	4699213	832
chr20	4699213	4699214	838
chr20	4699214	4699215	834
chr20	4699215	4699217	874
chr20	4699217	4699218	885
chr20	4699218	4699219	889
chr20	4699219	4699220	886
chr20	4699220	4699221	885
chr20	4699221	4699222	892
chr20	4699222	4699223	920
chr20	4699223	4699224	925
chr20	4699224	4699225	940
chr20	4699225	4699226	946
chr20	4699226	4699227	948
chr20	4699227	4699229	943
chr20	4699229	4699230	976
chr20	4699230	4699231	984
chr20	4699231	4699232	1000
chr20	4699232	4699233	1031
chr20	4699233	4699234	1032
chr20	4699234	4699235	1038
chr20	4699235	4699236	1033
chr20	4699236	4699237	1042
chr20	4699237	4699238	1044
chr20	4699238	4699239	1043
chr20	4699239	4699240	1036
chr20	4699240	4699241	1050
chr20	4699241	4699243	1040
chr20	4699243	4699244	1028
chr20	4699244	4699245	1042
chr20	4699245	4699246	996
chr20	4699246	4699247	1013
chr20	4699247	4699248	1043
chr20	4699248	4699249	1015
chr20	4699249	4699250	959
chr20	4699250	4699251	949
chr20	4699251	4699252	939
chr20	4699252	4699253	916
chr20	4699253	4699254	890
chr20	4699254	4699255	879
chr20	4699255	4699256	854
chr20	4699256	4699257	851
chr20	4699257	4699258	844
chr20	4699258	4699259	829
chr20	4699259	4699260	810
chr20	4699260	4699261	803
chr20	4699261	4699263	835
chr20	4699263	4699264	871
chr20	4699264	4699265	859
chr20	4699265	4699266	861
chr20	4699266	4699268	863
chr20	4699268	4699270	854
chr20	4699270	4699271	851
chr20	4699271	4699272	850
chr20	4699272	4699273	848
chr20	4699273	4699274	850
chr20	4699274	4699275	848
chr20	4699275	4699276	846
chr20	4699276	4699277	840
chr20	4699277	4699278	828
chr20	4699278	4699279	820
chr20	4699279	4699280	812
chr20	4699280	4699281	811
chr20	4699281	4699282	799
#bedGraph section chr20:4699282-4700334
chr20	4699282	4699283	785
chr20	4699283	4699285	781
chr20	4699285	4699286	800
chr20	4699286	4699287	813
chr20	4699287	4699288	826
chr20	4699288	4699289	830
chr20	4699289	4699290	842
chr20	4699290	4699291	832
chr20	4699291	4699292	848
chr20	4699292	4699293	852
chr20	4699293	4699294	844
chr20	4699294	4699295	849
chr20	4699295	4699296	853
chr20	4699296	4699297	854
chr20	4699297	4699298	846
chr20	4699298	4699299	817
chr20	4699299	4699300	811
chr20	4699300	4699301	814
chr20	4699301	4699302	815
chr20	4699302	4699303	825
chr20	4699303	4699304	820
chr20	4699304	4699305	832
chr20	4699305	4699306	811
chr20	4699306	4699307	800
chr20	4699307	4699308	790
chr20	4699308	4699309	761
chr20	4699309	4699310	766
chr20	4699310	4699311	764
chr20	4699311	4699312	780
chr20	4699312	4699313	771
chr20	4699313	4699314	760
chr20	4699314	4699315	766
chr20	4699315	4699316	779
chr20	4699316	4699317	775
chr20	4699317	4699318	794
chr20	4699318	4699319	798
chr20	4699319	4699320	790
chr20	4699320	4699321	766
chr20	4699321	4699322	748
chr20	4699322	4699323	715
chr20	4699323	4699324	679
chr20	4699324	4699326	677
chr20	4699326	4699327	673
chr20	4699327	4699329	677
chr20	4699329	4699330	678
chr20	4699330	4699331	661
chr20	4699331	4699332	653
chr20	4699332	4699333	650
chr20	4699333	4699334	662
chr20	4699334	4699335	671
chr20	4699335	4699337	668
chr20	4699337	4699338	642
chr20	4699338	4699339	641
chr20	4699339	4699342	622
chr20	4699342	4699343	635
chr20	4699343	4699344	632
chr20	4699344	4699345	629
chr20	4699345	4699346	628
chr20	4699346	4699347	627
chr20	4699347	4699348	625
chr20	4699348	4699349	617
chr20	4699349	4699350	623
chr20	4699350	4699351	622
chr20	4699351	4699352	620
chr20	4699352	4699353	622
chr20	4699353	4699355	619
chr20	4699355	4699356	616
chr20	4699356	4699357	622
chr20	4699357	4699358	623
chr20	4699358	4699359	620
chr20	4699359	4699360	613
chr20	4699360	4699361	618
chr20	4699361	4699362	587
chr20	4699362	4699363	578
chr20	4699363	4699364	571
chr20	4699364	4699365	555
chr20	4699365	4699366	545
chr20	4699366	4699367	550
chr20	4699367	4699368	533
chr20	4699368	4699369	526
chr20	4699369	4699370	522
chr20	4699370	4699371	518
chr20	4699371	4699372	515
chr20	4699372	4699373	510
chr20	4699373	4699374	511
chr20	4699374	4699375	512
chr20	4699375	4699376	511
chr20	4699376	4699377	496
chr20	4699377	4699378	490
chr20	4699378	4699379	478
chr20	4699379	4699380	480
chr20	4699380	4699381	470
chr20	4699381	4699382	458
chr20	4699382	4699383	461
chr20	4699383	4699384	462
chr20	4699384	4699385	458
chr20	4699385	4699388	450
chr20	4699388	4699389	447
chr20	4699389	4699390	446
chr20	4699390	4699391	436
chr20	4699391	4699392	421
chr20	4699392	4699393	409
chr20	4699393	4699394	395
chr20	4699394	4699395	386
chr20	4699395	4699396	384
chr20	4699396	4699397	388
chr20	4699397	4699398	387
chr20	4699398	4699399	393
chr20	4699399	4699400	385
chr20	4699400	4699401	386
chr20	4699401	4699402	385
chr20	4699402	4699403	381
chr20	4699403	4699404	373
chr20	4699404	4699405	359
chr20	4699405	4699406	357
chr20	4699406	4699408	361
chr20	4699408	4699409	348
chr20	4699409	4699410	341
chr20	4699410	4699411	340
chr20	4699411	4699413	362
chr20	4699413	4699414	357
chr20	4699414	4699415	353
chr20	4699415	4699416	339
chr20	4699416	4699417	338
chr20	4699417	4699418	335
chr20	4699418	4699419	333
chr20	4699419	4699420	336
chr20	4699420	4699421	340
chr20	4699421	4699422	335
chr20	4699422	4699423	341
chr20	4699423	4699424	345
chr20	4699424	4699425	348
chr20	4699425	4699427	342
chr20	4699427	4699428	340
chr20	4699428	4699429	342
chr20	4699429	4699430	337
chr20	4699430	4699431	340
chr20	4699431	4699432	344
chr20	4699432	4699433	334
chr20	4699433	4699434	340
chr20	4699434	4699435	346
chr20	4699435	4699436	373
chr20	4699436	4699437	371
chr20	4699437	4699438	381
chr20	4699438	4699439	383
chr20	4699439	4699440	380
chr20	4699440	4699441	379
chr20	4699441	4699442	380
chr20	4699442	4699444	367
chr20	4699444	4699445	379
chr20	4699445	4699446	378
chr20	4699446	4699447	384
chr20	4699447	4699448	388
chr20	4699448	4699449	410
chr20	4699449	4699450	412
chr20	4699450	4699451	415
chr20	4699451	4699452	420
chr20	4699452	4699453	426
chr20	4699453	4699454	423
chr20	4699454	4699456	427
chr20	4699456	4699457	423
chr20	4699457	4699458	437
chr20	4699458	4699459	446
chr20	4699459	4699460	487
chr20	4699460	4699461	519
chr20	4699461	4699462	524
chr20	4699462	4699463	536
chr20	4699463	4699464	528
chr20	4699464	4699465	536
chr20	4699465	4699466	540
chr20	4699466	4699467	545
chr20	4699467	4699468	542
chr20	4699468	4699469	563
chr20	4699469	4699470	560
chr20	4699470	4699471	573
chr20	4699471	4699472	572
chr20	4699472	4699473	570
chr20	4699473	4699474	577
chr20	4699474	4699475	575
chr20	4699475	4699476	582
chr20	4699476	4699477	591
chr20	4699477	4699478	592
chr20	4699478	4699479	598
chr20	4699479	4699480	601
chr20	4699480	4699481	597
chr20	4699481	4699482	606
chr20	4699482	4699483	620
chr20	4699483	4699484	668
chr20	4699484	4699485	685
chr20	4699485	4699486	691
chr20	4699486	4699487	697
chr20	4699487	4699488	679
chr20	4699488	4699489	700
chr20	4699489	4699490	698
chr20	4699490	4699491	730
chr20	4699491	4699492	742
chr20	4699492	4699493	744
chr20	4699493	4699494	783
chr20	4699494	4699495	781
chr20	4699495	4699496	777
chr20	4699496	4699497	782
chr20	4699497	4699498	792
chr20	4699498	4699499	782
chr20	4699499	4699500	805
chr20	4699500	4699501	812
chr20	4699501	4699502	854
chr20	4699502	4699503	853
chr20	4699503	4699504	902
chr20	4699504	4699505	913
chr20	4699505	4699506	931
chr20	4699506	4699508	926
chr20	4699508	4699509	931
chr20	4699509	4699510	928
chr20	4699510	4699511	923
chr20	4699511	4699512	921
chr20	4699512	4699513	942
chr20	4699513	4699514	963
chr20	4699514	4699515	964
chr20	4699515	4699516	970
chr20	4699516	4699517	984
chr20	4699517	4699519	988
chr20	4699519	4699520	992
chr20	4699520	4699521	990
chr20	4699521	4699522	998
chr20	4699522	4699523	1046
chr20	4699523	4699524	1053
chr20	4699524	4699525	1042
chr20	4699525	4699526	1046
chr20	4699526	4699527	1043
chr20	4699527	4699528	1049
chr20	4699528	4699529	1045
chr20	4699529	4699530	1046
chr20	4699530	4699531	1043
chr20	4699531	4699532	1046
chr20	4699532	4699533	1123
chr20	4699533	4699535	1204
chr20	4699535	4699536	1191
chr20	4699536	4699537	1177
chr20	4699537	4699538	1176
chr20	4699538	4699539	1159
chr20	4699539	4699540	1168
chr20	4699540	4699542	1167
chr20	4699542	4699543	1170
chr20	4699543	4699544	1176
chr20	4699544	4699545	1163
chr20	4699545	4699546	1169
chr20	4699546	4699547	1173
chr20	4699547	4699548	1176
chr20	4699548	4699549	1186
chr20	4699549	4699550	1189
chr20	4699550	4699551	1211
chr20	4699551	4699552	1218
chr20	4699552	4699553	1233
chr20	4699553	4699554	1251
chr20	4699554	4699555	1255
chr20	4699555	4699556	1275
chr20	4699556	4699557	1295
chr20	4699557	4699558	1287
chr20	4699558	4699559	1272
chr20	4699559	4699560	1223
chr20	4699560	4699561	1211
chr20	4699561	4699562	1183
chr20	4699562	4699563	1189
chr20	4699563	4699564	1187
chr20	4699564	4699565	1166
chr20	4699565	4699566	1172
chr20	4699566	4699567	1144
chr20	4699567	4699569	1136
chr20	4699569	4699570	1151
chr20	4699570	4699571	1166
chr20	4699571	4699572	1161
chr20	4699572	4699573	1184
chr20	4699573	4699574	1169
chr20	4699574	4699575	1170
chr20	4699575	4699576	1165
chr20	4699576	4699577	1160
chr20	4699577	4699578	1119
chr20	4699578	4699579	1116
chr20	4699579	4699580	1071
chr20	4699580	4699581	1074
chr20	4699581	4699582	1064
chr20	4699582	4699583	1141
chr20	4699583	4699584	1179
chr20	4699584	4699585	1178
chr20	4699585	4699586	1226
chr20	4699586	4699587	1245
chr20	4699587	4699588	1320
chr20	4699588	4699589	1307
chr20	4699589	4699590	1296
chr20	4699590	4699591	1326
chr20	4699591	4699592	1319
chr20	4699592	4699593	1358
chr20	4699593	4699594	1359
chr20	4699594	4699595	1360
chr20	4699595	4699596	1376
chr20	4699596	4699597	1405
chr20	4699597	4699598	1427
chr20	4699598	4699599	1432
chr20	4699599	4699600	1440
chr20	4699600	4699601	1444
chr20	4699601	4699602	1443
chr20	4699602	4699603	1442
chr20	4699603	4699604	1441
chr20	4699604	4699605	1425
chr20	4699605	4699606	1452
chr20	4699606	4699607	1482
chr20	4699607	4699608	1674
chr20	4699608	4699609	1638
chr20	4699609	4699610	1617
chr20	4699610	4699611	1647
chr20	4699611	4699612	1624
chr20	4699612	4699613	1620
chr20	4699613	4699614	1624
chr20	4699614	4699615	1652
chr20	4699615	4699616	1641
chr20	4699616	4699617	1739
chr20	4699617	4699618	1807
chr20	4699618	4699619	1866
chr20	4699619	4699620	1885
chr20	4699620	4699621	1899
chr20	4699621	4699622	1919
chr20	4699622	4699623	1939
chr20	4699623	4699624	1949
chr20	4699624	4699625	1971
chr20	4699625	4699626	1977
chr20	4699626	4699627	1966
chr20	4699627	4699628	1971
chr20	4699628	4699629	1957
chr20	4699629	4699630	1948
chr20	4699630	4699631	1955
chr20	4699631	4699632	1932
chr20	4699632	4699633	1917
chr20	4699633	4699634	1932
chr20	4699634	4699635	1931
chr20	4699635	4699636	1990
chr20	4699636	4699637	1997
chr20	4699637	4699638	2041
chr20	4699638	4699639	2066
chr20	4699639	4699640	2082
chr20	4699640	4699641	2106
chr20	4699641	4699642	2128
chr20	4699642	4699643	2155
chr20	4699643	4699644	2168
chr20	4699644	4699645	2162
chr20	4699645	4699647	2116
chr20	4699647	4699648	2167
chr20	4699648	4699649	2179
chr20	4699649	4699650	2176
chr20	4699650	4699651	2185
chr20	4699651	4699652	2201
chr20	4699652	4699653	2218
chr20	4699653	4699654	2269
chr20	4699654	4699655	2314
chr20	4699655	4699656	2372
chr20	4699656	4699657	2413
chr20	4699657	4699658	2425
chr20	4699658	4699659	2430
chr20	4699659	4699660	2397
chr20	4699660	4699661	2442
chr20	4699661	4699662	2518
chr20	4699662	4699663	2532
chr20	4699663	4699664	2457
chr20	4699664	4699665	2448
chr20	4699665	4699666	2433
chr20	4699666	4699667	2410
chr20	4699667	4699668	2405
chr20	4699668	4699669	2370
chr20	4699669	4699670	2362
chr20	4699670	4699671	2398
chr20	4699671	4699672	2471
chr20	4699672	4699673	2494
chr20	4699673	4699674	2483
chr20	4699674	4699675	2491
chr20	4699675	4699676	2481
chr20	4699676	4699677	2511
chr20	4699677	4699678	2507
chr20	4699678	4699679	2538
chr20	4699679	4699680	2520
chr20	4699680	4699681	2533
chr20	4699681	4699682	2532
chr20	4699682	4699683	2573
chr20	4699683	4699684	2374
chr20	4699684	4699685	2355
chr20	4699685	4699686	2369
chr20	4699686	4699687	2333
chr20	4699687	4699688	2326
chr20	4699688	4699689	2329
chr20	4699689	4699690	2325
chr20	4699690	4699691	2367
chr20	4699691	4699692	2382
chr20	4699692	4699693	2356
chr20	4699693	4699694	2297
chr20	4699694	4699695	2254
chr20	4699695	4699696	2292
chr20	4699696	4699697	2281
chr20	4699697	4699698	2299
chr20	4699698	4699699	2272
chr20	4699699	4699700	2326
chr20	4699700	4699701	2398
chr20	4699701	4699702	2390
chr20	4699702	4699703	2415
chr20	4699703	4699704	2395
chr20	4699704	4699705	2421
chr20	4699705	4699706	2450
chr20	4699706	4699707	2465
chr20	4699707	4699708	2471
chr20	4699708	4699709	2519
chr20	4699709	4699710	2538
chr20	4699710	4699711	2565
chr20	4699711	4699712	2513
chr20	4699712	4699713	2525
chr20	4699713	4699714	2540
chr20	4699714	4699715	2546
chr20	4699715	4699716	2547
chr20	4699716	4699717	2555
chr20	4699717	4699718	2544
chr20	4699718	4699719	2536
chr20	4699719	4699720	2564
chr20	4699720	4699721	2575
chr20	4699721	4699722	2581
chr20	4699722	4699723	2582
chr20	4699723	4699724	2557
chr20	4699724	4699725	2535
chr20	4699725	4699726	2549
chr20	4699726	4699727	2673
chr20	4699727	4699728	2706
chr20	4699728	4699729	2718
chr20	4699729	4699730	2693
chr20	4699730	4699731	2705
chr20	4699731	4699732	2706
chr20	4699732	4699733	2733
chr20	4699733	4699734	2738
chr20	4699734	4699735	2669
chr20	4699735	4699736	2702
chr20	4699736	4699737	2650
chr20	4699737	4699738	2542
chr20	4699738	4699739	2561
chr20	4699739	4699740	2563
chr20	4699740	4699741	2626
chr20	4699741	4699742	2660
chr20	4699742	4699743	2678
chr20	4699743	4699744	2680
chr20	4699744	4699745	2698
chr20	4699745	4699746	2732
chr20	4699746	4699747	2729
chr20	4699747	4699748	2646
chr20	4699748	4699749	2596
chr20	4699749	4699750	2585
chr20	4699750	4699751	2634
chr20	4699751	4699752	2684
chr20	4699752	4699753	2642
chr20	4699753	4699754	2646
chr20	4699754	4699755	2619
chr20	4699755	4699756	2623
chr20	4699756	4699757	2691
chr20	4699757	4699758	2714
chr20	4699758	4699759	2643
chr20	4699759	4699760	2647
chr20	4699760	4699761	2642
chr20	4699761	4699762	2601
chr20	4699762	4699763	2642
chr20	4699763	4699764	2671
chr20	4699764	4699765	2702
chr20	4699765	4699766	2782
chr20	4699766	4699767	2736
chr20	4699767	4699768	2742
chr20	4699768	4699769	2705
chr20	4699769	4699770	2723
chr20	4699770	4699771	2739
chr20	4699771	4699772	2717
chr20	4699772	4699773	2750
chr20	4699773	4699774	2712
chr20	4699774	4699775	2713
chr20	4699775	4699776	2686
chr20	4699776	4699777	2584
chr20	4699777	4699778	2658
chr20	4699778	4699780	2695
chr20	4699780	4699781	2739
chr20	4699781	4699782	2708
chr20	4699782	4699783	2709
chr20	4699783	4699784	2724
chr20	4699784	4699785	2704
chr20	4699785	4699786	2674
chr20	4699786	4699787	2653
chr20	4699787	4699788	2675
chr20	4699788	4699789	2682
chr20	4699789	4699790	2654
chr20	4699790	4699791	2622
chr20	4699791	4699792	2657
chr20	4699792	4699793	2630
chr20	4699793	4699794	2676
chr20	4699794	4699795	2660
chr20	4699795	4699796	2658
chr20	4699796	4699797	2643
chr20	4699797	4699798	2633
chr20	4699798	4699799	2603
chr20	4699799	4699800	2575
chr20	4699800	4699801	2558
chr20	4699801	4699802	2634
chr20	4699802	4699803	2504
chr20	4699803	4699804	2489
chr20	4699804	4699805	2485
chr20	4699805	4699806	2495
chr20	4699806	4699807	2454
chr20	4699807	4699808	2424
chr20	4699808	4699809	2346
chr20	4699809	4699810	2334
chr20	4699810	4699811	2374
chr20	4699811	4699812	2370
chr20	4699812	4699813	2419
chr20	4699813	4699814	2751
chr20	4699814	4699815	2752
chr20	4699815	4699816	2961
chr20	4699816	4699817	2922
chr20	4699817	4699818	2897
chr20	4699818	4699819	2874
chr20	4699819	4699820	2876
chr20	4699820	4699821	2838
chr20	4699821	4699822	2837
chr20	4699822	4699823	2829
chr20	4699823	4699824	2818
chr20	4699824	4699825	2796
chr20	4699825	4699826	2837
chr20	4699826	4699827	2796
chr20	4699827	4699828	2776
chr20	4699828	4699829	2774
chr20	4699829	4699830	2780
chr20	4699830	4699831	2804
chr20	4699831	4699832	2797
chr20	4699832	4699833	2717
chr20	4699833	4699834	2699
chr20	4699834	4699835	2704
chr20	4699835	4699836	2695
chr20	4699836	4699837	2728
chr20	4699837	4699838	2737
chr20	4699838	4699839	2719
chr20	4699839	4699840	2688
chr20	4699840	4699841	2661
chr20	4699841	4699842	2643
chr20	4699842	4699843	2659
chr20	4699843	4699844	2653
chr20	4699844	4699845	2647
chr20	4699845	4699846	2613
chr20	4699846	4699848	2596
chr20	4699848	4699849	2567
chr20	4699849	4699850	2582
chr20	4699850	4699851	2598
chr20	4699851	4699852	2601
chr20	4699852	4699853	2629
chr20	4699853	4699854	2673
chr20	4699854	4699855	2598
chr20	4699855	4699856	2596
chr20	4699856	4699857	2548
chr20	4699857	4699858	2559
chr20	4699858	4699859	2536
chr20	4699859	4699860	2520
chr20	4699860	4699861	2507
chr20	4699861	4699862	2501
chr20	4699862	4699863	2537
chr20	4699863	4699864	2505
chr20	4699864	4699865	2517
chr20	4699865	4699866	2492
chr20	4699866	4699867	2520
chr20	4699867	4699868	2481
chr20	4699868	4699869	2505
chr20	4699869	4699870	2433
chr20	4699870	4699871	2444
chr20	4699871	4699872	2414
chr20	4699872	4699873	2432
chr20	4699873	4699874	2472
chr20	4699874	4699876	2473
chr20	4699876	4699877	2486
chr20	4699877	4699878	2438
chr20	4699878	4699879	2500
chr20	4699879	4699880	2538
chr20	4699880	4699881	2548
chr20	4699881	4699882	2503
chr20	4699882	4699883	2501
chr20	4699883	4699884	2513
chr20	4699884	4699885	2602
chr20	4699885	4699886	2592
chr20	4699886	4699887	2564
chr20	4699887	4699888	2533
chr20	4699888	4699889	2488
chr20	4699889	4699890	2158
chr20	4699890	4699891	2103
chr20	4699891	4699892	1884
chr20	4699892	4699893	1862
chr20	4699893	4699894	1869
chr20	4699894	4699895	1879
chr20	4699895	4699896	1875
chr20	4699896	4699897	1880
chr20	4699897	4699898	1857
chr20	4699898	4699899	1842
chr20	4699899	4699900	1844
chr20	4699900	4699901	1846
chr20	4699901	4699902	1886
chr20	4699902	4699903	1873
chr20	4699903	4699904	1848
chr20	4699904	4699905	1859
chr20	4699905	4699906	1865
chr20	4699906	4699907	1877
chr20	4699907	4699908	1884
chr20	4699908	4699909	1956
chr20	4699909	4699910	1949
chr20	4699910	4699911	1939
chr20	4699911	4699912	1962
chr20	4699912	4699913	1937
chr20	4699913	4699914	1909
chr20	4699914	4699915	1900
chr20	4699915	4699916	1898
chr20	4699916	4699917	1930
chr20	4699917	4699918	1880
chr20	4699918	4699919	1918
chr20	4699919	4699920	1908
chr20	4699920	4699921	1907
chr20	4699921	4699922	1927
chr20	4699922	4699923	1932
chr20	4699923	4699924	1916
chr20	4699924	4699925	1933
chr20	4699925	4699926	1946
chr20	4699926	4699927	1942
chr20	4699927	4699928	1983
chr20	4699928	4699929	1952
chr20	4699929	4699930	1831
chr20	4699930	4699931	1829
chr20	4699931	4699933	1822
chr20	4699933	4699934	1796
chr20	4699934	4699935	1791
chr20	4699935	4699936	1809
chr20	4699936	4699937	1794
chr20	4699937	4699938	1813
chr20	4699938	4699939	1787
chr20	4699939	4699940	1791
chr20	4699940	4699941	1758
chr20	4699941	4699942	1761
chr20	4699942	4699943	1738
chr20	4699943	4699944	1766
chr20	4699944	4699945	1828
chr20	4699945	4699946	1863
chr20	4699946	4699947	2012
chr20	4699947	4699948	2009
chr20	4699948	4699949	2023
chr20	4699949	4699950	2017
chr20	4699950	4699951	2030
chr20	4699951	4699952	2053
chr20	4699952	4699953	2044
chr20	4699953	4699954	2039
chr20	4699954	4699955	1977
chr20	4699955	4699956	1913
chr20	4699956	4699957	1911
chr20	4699957	4699958	1920
chr20	4699958	4699960	1901
chr20	4699960	4699961	1841
chr20	4699961	4699962	1849
chr20	4699962	4699963	1843
chr20	4699963	4699964	1878
chr20	4699964	4699965	1894
chr20	4699965	4699966	1871
chr20	4699966	4699967	1880
chr20	4699967	4699968	1895
chr20	4699968	4699969	1892
chr20	4699969	4699970	1889
chr20	4699970	4699971	1913
chr20	4699971	4699972	1932
chr20	4699972	4699973	1937
chr20	4699973	4699974	1987
chr20	4699974	4699975	1980
chr20	4699975	4699976	2001
chr20	4699976	4699977	2059
chr20	4699977	4699978	1965
chr20	4699978	4699979	1964
chr20	4699979	4699980	1980
chr20	4699980	4699981	1990
chr20	4699981	4699982	1994
chr20	4699982	4699983	2069
chr20	4699983	4699984	2095
chr20	4699984	4699985	2037
chr20	4699985	4699986	2062
chr20	4699986	4699987	2068
chr20	4699987	4699988	2056
chr20	4699988	4699989	2043
chr20	4699989	4699990	2046
chr20	4699990	4699991	2089
chr20	4699991	4699992	2113
chr20	4699992	4699993	2090
chr20	4699993	4699994	2104
chr20	4699994	4699995	2034
chr20	4699995	4699996	2045
chr20	4699996	4699997	2026
chr20	4699997	4699998	2017
chr20	4699998	4699999	2011
chr20	4699999	4700000	2003
chr20	4700000	4700001	1970
chr20	4700001	4700002	1935
chr20	4700002	4700003	1910
chr20	4700003	4700004	1851
chr20	4700004	4700005	1858
chr20	4700005	4700006	1864
chr20	4700006	4700007	1898
chr20	4700007	4700008	1920
chr20	4700008	4700009	1939
chr20	4700009	4700010	1947
chr20	4700010	4700011	1954
chr20	4700011	4700012	1932
chr20	4700012	4700013	1927
chr20	4700013	4700014	1913
chr20	4700014	4700015	1925
chr20	4700015	4700016	1963
chr20	4700016	4700017	1991
chr20	4700017	4700018	1988
chr20	4700018	4700019	1985
chr20	4700019	4700020	1948
chr20	4700020	4700021	1870
chr20	4700021	4700022	1863
chr20	4700022	4700024	1816
chr20	4700024	4700025	1826
chr20	4700025	4700026	1800
chr20	4700026	4700027	1766
chr20	4700027	4700028	1757
chr20	4700028	4700029	1759
chr20	4700029	4700030	1735
chr20	4700030	4700031	1737
chr20	4700031	4700032	1744
chr20	4700032	4700033	1713
chr20	4700033	4700034	1716
chr20	4700034	4700035	1734
chr20	4700035	4700036	1773
chr20	4700036	4700037	1761
chr20	4700037	4700038	1809
chr20	4700038	4700039	1804
chr20	4700039	4700040	1759
chr20	4700040	4700041	1743
chr20	4700041	4700042	1761
chr20	4700042	4700043	1772
chr20	4700043	4700044	1825
chr20	4700044	4700045	1823
chr20	4700045	4700046	1865
chr20	4700046	4700047	1859
chr20	4700047	4700048	1845
chr20	4700048	4700049	1844
chr20	4700049	4700050	1819
chr20	4700050	4700051	1821
chr20	4700051	4700052	1834
chr20	4700052	4700053	1783
chr20	4700053	4700054	1790
chr20	4700054	4700055	1854
chr20	4700055	4700056	1907
chr20	4700056	4700057	1920
chr20	4700057	4700058	1924
chr20	4700058	4700059	1817
chr20	4700059	4700060	1788
chr20	4700060	4700061	1807
chr20	4700061	4700062	1788
chr20	4700062	4700063	1802
chr20	4700063	4700064	1815
chr20	4700064	4700065	1814
chr20	4700065	4700066	1877
chr20	4700066	4700067	1837
chr20	4700067	4700068	1818
chr20	4700068	4700069	1848
chr20	4700069	4700070	1876
chr20	4700070	4700071	1941
chr20	4700071	4700072	1920
chr20	4700072	4700073	1930
chr20	4700073	4700074	1927
chr20	4700074	4700075	1953
chr20	4700075	4700076	1945
chr20	4700076	4700077	2041
chr20	4700077	4700078	2050
chr20	4700078	4700079	2055
chr20	4700079	4700080	2038
chr20	4700080	4700081	2034
chr20	4700081	4700082	2050
chr20	4700082	4700083	2019
chr20	4700083	4700084	2002
chr20	4700084	4700085	1981
chr20	4700085	4700086	1982
chr20	4700086	4700087	1980
chr20	4700087	4700088	2010
chr20	4700088	4700089	2034
chr20	4700089	4700090	2025
chr20	4700090	4700091	2010
chr20	4700091	4700092	1993
chr20	4700092	4700093	1972
chr20	4700093	4700094	2259
chr20	4700094	4700095	2352
chr20	4700095	4700096	2445
chr20	4700096	4700097	2523
chr20	4700097	4700098	2508
chr20	4700098	4700099	2446
chr20	4700099	4700100	2444
chr20	4700100	4700101	2431
chr20	4700101	4700102	2472
chr20	4700102	4700103	2485
chr20	4700103	4700104	2530
chr20	4700104	4700105	2525
chr20	4700105	4700106	2556
chr20	4700106	4700107	2557
chr20	4700107	4700108	2534
chr20	4700108	4700109	2563
chr20	4700109	4700110	2544
chr20	4700110	4700111	2520
chr20	4700111	4700112	2458
chr20	4700112	4700113	2434
chr20	4700113	4700114	2382
chr20	4700114	4700115	2397
chr20	4700115	4700116	2425
chr20	4700116	4700117	2412
chr20	4700117	4700118	2393
chr20	4700118	4700119	2381
chr20	4700119	4700120	2354
chr20	4700120	4700121	2364
chr20	4700121	4700122	2318
chr20	4700122	4700123	2391
chr20	4700123	4700124	2394
chr20	4700124	4700125	2401
chr20	4700125	4700126	2374
chr20	4700126	4700127	2381
chr20	4700127	4700128	2374
chr20	4700128	4700129	2364
chr20	4700129	4700130	2355
chr20	4700130	4700131	2287
chr20	4700131	4700132	2201
chr20	4700132	4700133	2209
chr20	4700133	4700134	2216
chr20	4700134	4700135	2348
chr20	4700135	4700136	2594
chr20	4700136	4700137	2640
chr20	4700137	4700138	2663
chr20	4700138	4700139	2652
chr20	4700139	4700140	2639
chr20	4700140	4700141	2698
chr20	4700141	4700142	2649
chr20	4700142	4700143	2643
chr20	4700143	4700144	2633
chr20	4700144	4700145	2578
chr20	4700145	4700146	2535
chr20	4700146	4700147	2598
chr20	4700147	4700149	2599
chr20	4700149	4700150	2596
chr20	4700150	4700151	2595
chr20	4700151	4700152	2600
chr20	4700152	4700153	2671
chr20	4700153	4700154	2669
chr20	4700154	4700155	2698
chr20	4700155	4700156	2700
chr20	4700156	4700157	2755
chr20	4700157	4700158	2766
chr20	4700158	4700159	2772
chr20	4700159	4700160	2800
chr20	4700160	4700161	2819
chr20	4700161	4700162	2808
chr20	4700162	4700163	2839
chr20	4700163	4700164	2817
chr20	4700164	4700165	2793
chr20	4700165	4700166	2803
chr20	4700166	4700167	2804
chr20	4700167	4700168	2775
chr20	4700168	4700169	2774
chr20	4700169	4700170	2495
chr20	4700170	4700171	2405
chr20	4700171	4700172	2314
chr20	4700172	4700173	2214
chr20	4700173	4700174	2291
chr20	4700174	4700175	2229
chr20	4700175	4700176	2234
chr20	4700176	4700177	2233
chr20	4700177	4700178	2211
chr20	4700178	4700179	2265
chr20	4700179	4700181	2299
chr20	4700181	4700182	2260
chr20	4700182	4700183	2251
chr20	4700183	4700184	2297
chr20	4700184	4700185	2275
chr20	4700185	4700186	2279
chr20	4700186	4700187	2280
chr20	4700187	4700188	2299
chr20	4700188	4700189	2355
chr20	4700189	4700190	2368
chr20	4700190	4700191	2370
chr20	4700191	4700192	2362
chr20	4700192	4700193	2364
chr20	4700193	4700194	2369
chr20	4700194	4700195	2406
chr20	4700195	4700196	2416
chr20	4700196	4700197	2431
chr20	4700197	4700198	2437
chr20	4700198	4700199	2368
chr20	4700199	4700200	2367
chr20	4700200	4700201	2383
chr20	4700201	4700202	2414
chr20	4700202	4700203	2408
chr20	4700203	4700204	2390
chr20	4700204	4700205	2392
chr20	4700205	4700206	2433
chr20	4700206	4700207	2440
chr20	4700207	4700208	2456
chr20	4700208	4700209	2470
chr20	4700209	4700210	2466
chr20	4700210	4700211	2488
chr20	4700211	4700212	2291
chr20	4700212	4700213	2231
chr20	4700213	4700214	2200
chr20	4700214	4700215	2182
chr20	4700215	4700216	2219
chr20	4700216	4700217	2185
chr20	4700217	4700218	2204
chr20	4700218	4700219	2225
chr20	4700219	4700220	2228
chr20	4700220	4700221	2238
chr20	4700221	4700222	2269
chr20	4700222	4700223	2149
chr20	4700223	4700224	2170
chr20	4700224	4700225	2171
chr20	4700225	4700226	2184
chr20	4700226	4700227	2222
chr20	4700227	4700228	2267
chr20	4700228	4700229	2139
chr20	4700229	4700230	2143
chr20	4700230	4700231	2147
chr20	4700231	4700232	2121
chr20	4700232	4700233	2083
chr20	4700233	4700234	2066
chr20	4700234	4700235	2063
chr20	4700235	4700236	2039
chr20	4700236	4700237	2026
chr20	4700237	4700238	2045
chr20	4700238	4700239	2023
chr20	4700239	4700240	2028
chr20	4700240	4700241	2026
chr20	4700241	4700242	2017
chr20	4700242	4700243	2046
chr20	4700243	4700244	2065
chr20	4700244	4700245	2052
chr20	4700245	4700246	2049
chr20	4700246	4700247	2071
chr20	4700247	4700248	2073
chr20	4700248	4700249	2122
chr20	4700249	4700250	2057
chr20	4700250	4700251	2069
chr20	4700251	4700252	2075
chr20	4700252	4700253	2109
chr20	4700253	4700254	2071
chr20	4700254	4700255	2037
chr20	4700255	4700256	1971
chr20	4700256	4700257	1967
chr20	4700257	4700258	1975
chr20	4700258	4700259	1993
chr20	4700259	4700260	1968
chr20	4700260	4700261	2007
chr20	4700261	4700262	2004
chr20	4700262	4700263	2037
chr20	4700263	4700264	2028
chr20	4700264	4700265	1969
chr20	4700265	4700266	1952
chr20	4700266	4700267	1959
chr20	4700267	4700268	1944
chr20	4700268	4700269	1939
chr20	4700269	4700270	1942
chr20	4700270	4700271	1915
chr20	4700271	4700272	1880
chr20	4700272	4700273	1866
chr20	4700273	4700274	1879
chr20	4700274	4700275	1885
chr20	4700275	4700276	1873
chr20	4700276	4700277	1867
chr20	4700277	4700278	1831
chr20	4700278	4700279	1834
chr20	4700279	4700280	1853
chr20	4700280	4700281	1838
chr20	4700281	4700282	1809
chr20	4700282	4700283	1785
chr20	4700283	4700284	1757
chr20	4700284	4700285	1788
chr20	4700285	4700286	1779
chr20	4700286	4700287	1701
chr20	4700287	4700288	1666
chr20	4700288	4700289	1665
chr20	4700289	4700290	1685
chr20	4700290	4700291	1764
chr20	4700291	4700292	1729
chr20	4700292	4700293	1771
chr20	4700293	4700294	1776
chr20	4700294	4700295	1835
chr20	4700295	4700296	1842
chr20	4700296	4700297	1854
chr20	4700297	4700298	1864
chr20	4700298	4700299	1920
chr20	4700299	4700300	1918
chr20	4700300	4700301	1916
chr20	4700301	4700302	1910
chr20	4700302	4700303	1846
chr20	4700303	4700304	1788
chr20	4700304	4700305	1757
chr20	4700305	4700306	1782
chr20	4700306	4700307	1798
chr20	4700307	4700308	1797
chr20	4700308	4700309	1846
chr20	4700309	4700310	1852
chr20	4700310	4700311	1928
chr20	4700311	4700312	1951
chr20	4700312	4700313	2008
chr20	4700313	4700314	1995
chr20	4700314	4700315	1984
chr20	4700315	4700316	2015
chr20	4700316	4700317	2067
chr20	4700317	4700318	2129
chr20	4700318	4700319	2107
chr20	4700319	4700320	2097
chr20	4700320	4700321	2103
chr20	4700321	4700322	2100
chr20	4700322	4700323	2106
chr20	4700323	4700324	2112
chr20	4700324	4700325	2067
chr20	4700325	4700326	2074
chr20	4700326	4700327	2067
chr20	4700327	4700328	2050
chr20	4700328	4700329	2019
chr20	4700329	4700330	2015
chr20	4700330	4700331	2027
chr20	4700331	4700332	2056
chr20	4700332	4700333	2080
chr20	4700333	4700334	2107
#bedGraph section chr20:4700334-4701389
chr20	4700334	4700335	2091
chr20	4700335	4700336	2072
chr20	4700336	4700337	2034
chr20	4700337	4700338	2030
chr20	4700338	4700340	1985
chr20	4700340	4700341	1997
chr20	4700341	4700342	1990
chr20	4700342	4700343	1966
chr20	4700343	4700344	1962
chr20	4700344	4700345	1978
chr20	4700345	4700346	1976
chr20	4700346	4700347	1969
chr20	4700347	4700348	1955
chr20	4700348	4700349	1953
chr20	4700349	4700350	1949
chr20	4700350	4700351	1918
chr20	4700351	4700352	1989
chr20	4700352	4700353	2001
chr20	4700353	4700354	2019
chr20	4700354	4700355	2080
chr20	4700355	4700356	2105
chr20	4700356	4700357	2162
chr20	4700357	4700360	2151
chr20	4700360	4700361	2074
chr20	4700361	4700362	2037
chr20	4700362	4700363	1962
chr20	4700363	4700364	1948
chr20	4700364	4700366	1973
chr20	4700366	4700367	2078
chr20	4700367	4700368	2079
chr20	4700368	4700369	2007
chr20	4700369	4700370	2009
chr20	4700370	4700371	1975
chr20	4700371	4700372	1988
chr20	4700372	4700373	1962
chr20	4700373	4700374	1855
chr20	4700374	4700375	1836
chr20	4700375	4700376	1853
chr20	4700376	4700377	1858
chr20	4700377	4700378	1880
chr20	4700378	4700379	1887
chr20	4700379	4700380	1892
chr20	4700380	4700381	1923
chr20	4700381	4700382	1936
chr20	4700382	4700383	1965
chr20	4700383	4700384	1991
chr20	4700384	4700385	1976
chr20	4700385	4700386	2013
chr20	4700386	4700387	1990
chr20	4700387	4700388	2086
chr20	4700388	4700389	2048
chr20	4700389	4700390	2043
chr20	4700390	4700391	2059
chr20	4700391	4700392	2005
chr20	4700392	4700393	1975
chr20	4700393	4700394	1920
chr20	4700394	4700396	1939
chr20	4700396	4700397	1927
chr20	4700397	4700398	1952
chr20	4700398	4700399	1942
chr20	4700399	4700400	1925
chr20	4700400	4700401	1914
chr20	4700401	4700402	1880
chr20	4700402	4700403	1885
chr20	4700403	4700404	1878
chr20	4700404	4700406	1880
chr20	4700406	4700407	1852
chr20	4700407	4700408	1829
chr20	4700408	4700409	1843
chr20	4700409	4700410	1822
chr20	4700410	4700411	1851
chr20	4700411	4700413	1871
chr20	4700413	4700414	1882
chr20	4700414	4700415	1919
chr20	4700415	4700416	1952
chr20	4700416	4700417	1951
chr20	4700417	4700418	1948
chr20	4700418	4700419	1950
chr20	4700419	4700420	1947
chr20	4700420	4700421	1935
chr20	4700421	4700423	1953
chr20	4700423	4700424	1963
chr20	4700424	4700425	1951
chr20	4700425	4700426	1927
chr20	4700426	4700427	1930
chr20	4700427	4700428	1868
chr20	4700428	4700429	1916
chr20	4700429	4700430	1897
chr20	4700430	4700431	1794
chr20	4700431	4700432	1812
chr20	4700432	4700433	1763
chr20	4700433	4700434	1759
chr20	4700434	4700435	1773
chr20	4700435	4700436	1847
chr20	4700436	4700437	1894
chr20	4700437	4700438	1934
chr20	4700438	4700439	1955
chr20	4700439	4700440	1962
chr20	4700440	4700442	1942
chr20	4700442	4700443	1772
chr20	4700443	4700444	1785
chr20	4700444	4700445	1777
chr20	4700445	4700446	1766
chr20	4700446	4700447	1756
chr20	4700447	4700448	1732
chr20	4700448	4700449	1752
chr20	4700449	4700450	1755
chr20	4700450	4700451	1767
chr20	4700451	4700453	1751
chr20	4700453	4700455	1750
chr20	4700455	4700456	1751
chr20	4700456	4700457	1717
chr20	4700457	4700458	1675
chr20	4700458	4700459	1632
chr20	4700459	4700460	1652
chr20	4700460	4700461	1614
chr20	4700461	4700462	1553
chr20	4700462	4700463	1492
chr20	4700463	4700464	1403
chr20	4700464	4700465	1394
chr20	4700465	4700466	1388
chr20	4700466	4700467	1382
chr20	4700467	4700468	1400
chr20	4700468	4700469	1406
chr20	4700469	4700470	1490
chr20	4700470	4700471	1472
chr20	4700471	4700472	1464
chr20	4700472	4700473	1469
chr20	4700473	4700474	1450
chr20	4700474	4700475	1431
chr20	4700475	4700476	1476
chr20	4700476	4700477	1488
chr20	4700477	4700478	1523
chr20	4700478	4700479	1536
chr20	4700479	4700480	1535
chr20	4700480	4700481	1541
chr20	4700481	4700482	1547
chr20	4700482	4700483	1677
chr20	4700483	4700484	1706
chr20	4700484	4700485	1664
chr20	4700485	4700486	1663
chr20	4700486	4700487	1633
chr20	4700487	4700488	1616
chr20	4700488	4700489	1641
chr20	4700489	4700490	1633
chr20	4700490	4700491	1600
chr20	4700491	4700492	1578
chr20	4700492	4700493	1581
chr20	4700493	4700494	1588
chr20	4700494	4700495	1760
chr20	4700495	4700496	1768
chr20	4700496	4700497	1770
chr20	4700497	4700498	1746
chr20	4700498	4700499	1744
chr20	4700499	4700500	1754
chr20	4700500	4700501	1773
chr20	4700501	4700502	1871
chr20	4700502	4700503	1863
chr20	4700503	4700504	1855
chr20	4700504	4700505	1798
chr20	4700505	4700506	1793
chr20	4700506	4700507	1798
chr20	4700507	4700508	1779
chr20	4700508	4700509	1778
chr20	4700509	4700510	1845
chr20	4700510	4700511	1892
chr20	4700511	4700512	1853
chr20	4700512	4700513	1826
chr20	4700513	4700514	1829
chr20	4700514	4700515	1844
chr20	4700515	4700516	1853
chr20	4700516	4700517	1858
chr20	4700517	4700518	1847
chr20	4700518	4700519	1890
chr20	4700519	4700520	1895
chr20	4700520	4700521	1948
chr20	4700521	4700522	1944
chr20	4700522	4700523	1933
chr20	4700523	4700524	1953
chr20	4700524	4700525	1934
chr20	4700525	4700526	1946
chr20	4700526	4700527	1930
chr20	4700527	4700529	1925
chr20	4700529	4700530	1927
chr20	4700530	4700531	1930
chr20	4700531	4700532	1939
chr20	4700532	4700533	1967
chr20	4700533	4700534	1960
chr20	4700534	4700535	1963
chr20	4700535	4700536	1919
chr20	4700536	4700537	1924
chr20	4700537	4700538	1928
chr20	4700538	4700539	1923
chr20	4700539	4700540	1944
chr20	4700540	4700541	1947
chr20	4700541	4700542	1948
chr20	4700542	4700543	1945
chr20	4700543	4700544	1946
chr20	4700544	4700545	1952
chr20	4700545	4700546	1888
chr20	4700546	4700547	1945
chr20	4700547	4700548	2061
chr20	4700548	4700549	2078
chr20	4700549	4700550	2075
chr20	4700550	4700551	2086
chr20	4700551	4700552	2045
chr20	4700552	4700553	2028
chr20	4700553	4700554	2040
chr20	4700554	4700555	2018
chr20	4700555	4700556	2021
chr20	4700556	4700557	2022
chr20	4700557	4700558	2037
chr20	4700558	4700559	1917
chr20	4700559	4700560	1879
chr20	4700560	4700561	1880
chr20	4700561	4700562	1875
chr20	4700562	4700563	1915
chr20	4700563	4700564	1994
chr20	4700564	4700565	2029
chr20	4700565	4700566	2077
chr20	4700566	4700567	2087
chr20	4700567	4700568	2098
chr20	4700568	4700569	2119
chr20	4700569	4700570	2168
chr20	4700570	4700571	2033
chr20	4700571	4700572	2028
chr20	4700572	4700573	2040
chr20	4700573	4700574	2049
chr20	4700574	4700575	2048
chr20	4700575	4700576	2027
chr20	4700576	4700577	2006
chr20	4700577	4700578	1916
chr20	4700578	4700579	1913
chr20	4700579	4700580	1914
chr20	4700580	4700581	1946
chr20	4700581	4700582	1967
chr20	4700582	4700583	1984
chr20	4700583	4700584	1970
chr20	4700584	4700585	1974
chr20	4700585	4700586	1923
chr20	4700586	4700587	1876
chr20	4700587	4700588	1890
chr20	4700588	4700589	1908
chr20	4700589	4700590	1870
chr20	4700590	4700592	1843
chr20	4700592	4700593	1848
chr20	4700593	4700594	1879
chr20	4700594	4700595	1863
chr20	4700595	4700596	1851
chr20	4700596	4700597	1793
chr20	4700597	4700598	1775
chr20	4700598	4700599	1826
chr20	4700599	4700600	1804
chr20	4700600	4700601	1794
chr20	4700601	4700602	1783
chr20	4700602	4700603	1787
chr20	4700603	4700604	1781
chr20	4700604	4700605	1791
chr20	4700605	4700606	1766
chr20	4700606	4700607	1744
chr20	4700607	4700608	1736
chr20	4700608	4700609	1722
chr20	4700609	4700610	1815
chr20	4700610	4700611	1787
chr20	4700611	4700612	1826
chr20	4700612	4700613	1834
chr20	4700613	4700614	1864
chr20	4700614	4700615	1891
chr20	4700615	4700616	1896
chr20	4700616	4700617	1967
chr20	4700617	4700618	2038
chr20	4700618	4700619	2122
chr20	4700619	4700620	2149
chr20	4700620	4700621	2161
chr20	4700621	4700622	2150
chr20	4700622	4700623	2122
chr20	4700623	4700624	2007
chr20	4700624	4700625	1987
chr20	4700625	4700626	1988
chr20	4700626	4700627	1976
chr20	4700627	4700628	2002
chr20	4700628	4700629	2005
chr20	4700629	4700630	1975
chr20	4700630	4700631	1965
chr20	4700631	4700632	1977
chr20	4700632	4700633	1988
chr20	4700633	4700634	1957
chr20	4700634	4700635	1962
chr20	4700635	4700636	1969
chr20	4700636	4700637	1986
chr20	4700637	4700638	2032
chr20	4700638	4700639	1997
chr20	4700639	4700640	1964
chr20	4700640	4700641	1911
chr20	4700641	4700642	1880
chr20	4700642	4700643	1869
chr20	4700643	4700644	1864
chr20	4700644	4700645	1851
chr20	4700645	4700646	1810
chr20	4700646	4700647	1786
chr20	4700647	4700648	1803
chr20	4700648	4700649	1788
chr20	4700649	4700650	1791
chr20	4700650	4700651	1792
chr20	4700651	4700652	1836
chr20	4700652	4700653	1842
chr20	4700653	4700654	1847
chr20	4700654	4700655	1838
chr20	4700655	4700656	1828
chr20	4700656	4700657	1801
chr20	4700657	4700658	1786
chr20	4700658	4700659	1759
chr20	4700659	4700660	1752
chr20	4700660	4700661	1722
chr20	4700661	4700662	1708
chr20	4700662	4700663	1721
chr20	4700663	4700664	1687
chr20	4700664	4700665	1659
chr20	4700665	4700666	1653
chr20	4700666	4700667	1642
chr20	4700667	4700668	1654
chr20	4700668	4700669	1635
chr20	4700669	4700670	1611
chr20	4700670	4700672	1570
chr20	4700672	4700673	1563
chr20	4700673	4700674	1568
chr20	4700674	4700675	1512
chr20	4700675	4700676	1513
chr20	4700676	4700677	1520
chr20	4700677	4700678	1517
chr20	4700678	4700679	1527
chr20	4700679	4700680	1559
chr20	4700680	4700681	1572
chr20	4700681	4700682	1610
chr20	4700682	4700683	1649
chr20	4700683	4700684	1639
chr20	4700684	4700685	1638
chr20	4700685	4700686	1576
chr20	4700686	4700687	1580
chr20	4700687	4700688	1531
chr20	4700688	4700689	1520
chr20	4700689	4700690	1514
chr20	4700690	4700691	1504
chr20	4700691	4700692	1475
chr20	4700692	4700693	1407
chr20	4700693	4700694	1329
chr20	4700694	4700695	1207
chr20	4700695	4700696	1219
chr20	4700696	4700697	1218
chr20	4700697	4700698	1312
chr20	4700698	4700699	1287
chr20	4700699	4700700	1297
chr20	4700700	4700701	1299
chr20	4700701	4700702	1308
chr20	4700702	4700703	1306
chr20	4700703	4700704	1304
chr20	4700704	4700705	1312
chr20	4700705	4700706	1315
chr20	4700706	4700707	1317
chr20	4700707	4700708	1300
chr20	4700708	4700709	1294
chr20	4700709	4700710	1305
chr20	4700710	4700711	1286
chr20	4700711	4700712	1274
chr20	4700712	4700713	1278
chr20	4700713	4700714	1305
chr20	4700714	4700715	1304
chr20	4700715	4700716	1250
chr20	4700716	4700717	1251
chr20	4700717	4700718	1260
chr20	4700718	4700719	1267
chr20	4700719	4700720	1289
chr20	4700720	4700721	1285
chr20	4700721	4700722	1299
chr20	4700722	4700723	1295
chr20	4700723	4700724	1291
chr20	4700724	4700725	1384
chr20	4700725	4700726	1385
chr20	4700726	4700727	1386
chr20	4700727	4700728	1391
chr20	4700728	4700729	1497
chr20	4700729	4700730	1599
chr20	4700730	4700731	1632
chr20	4700731	4700732	1688
chr20	4700732	4700733	1734
chr20	4700733	4700734	1753
chr20	4700734	4700735	1770
chr20	4700735	4700736	1778
chr20	4700736	4700737	1790
chr20	4700737	4700738	1794
chr20	4700738	4700739	1775
chr20	4700739	4700740	1774
chr20	4700740	4700741	1775
chr20	4700741	4700742	1794
chr20	4700742	4700743	1795
chr20	4700743	4700744	1801
chr20	4700744	4700745	1808
chr20	4700745	4700746	1794
chr20	4700746	4700747	1796
chr20	4700747	4700748	1800
chr20	4700748	4700749	1799
chr20	4700749	4700750	1803
chr20	4700750	4700751	1875
chr20	4700751	4700752	1888
chr20	4700752	4700753	1891
chr20	4700753	4700754	1895
chr20	4700754	4700755	1915
chr20	4700755	4700756	1885
chr20	4700756	4700757	1857
chr20	4700757	4700758	1843
chr20	4700758	4700759	1807
chr20	4700759	4700760	1809
chr20	4700760	4700761	1805
chr20	4700761	4700762	1843
chr20	4700762	4700763	1834
chr20	4700763	4700764	1829
chr20	4700764	4700765	1833
chr20	4700765	4700766	1817
chr20	4700766	4700767	1793
chr20	4700767	4700768	1782
chr20	4700768	4700769	1828
chr20	4700769	4700770	1846
chr20	4700770	4700771	1853
chr20	4700771	4700772	1823
chr20	4700772	4700773	1802
chr20	4700773	4700774	1696
chr20	4700774	4700775	1716
chr20	4700775	4700776	1710
chr20	4700776	4700777	1731
chr20	4700777	4700778	1803
chr20	4700778	4700779	1820
chr20	4700779	4700780	1795
chr20	4700780	4700781	1796
chr20	4700781	4700782	1830
chr20	4700782	4700783	1831
chr20	4700783	4700784	1839
chr20	4700784	4700785	1824
chr20	4700785	4700786	1810
chr20	4700786	4700787	1809
chr20	4700787	4700788	1805
chr20	4700788	4700789	1781
chr20	4700789	4700790	1707
chr20	4700790	4700791	1698
chr20	4700791	4700792	1715
chr20	4700792	4700793	1713
chr20	4700793	4700794	1715
chr20	4700794	4700795	1716
chr20	4700795	4700796	1665
chr20	4700796	4700797	1718
chr20	4700797	4700798	1841
chr20	4700798	4700799	1871
chr20	4700799	4700800	1888
chr20	4700800	4700801	1804
chr20	4700801	4700802	1789
chr20	4700802	4700803	1814
chr20	4700803	4700804	1779
chr20	4700804	4700805	1692
chr20	4700805	4700806	1578
chr20	4700806	4700807	1553
chr20	4700807	4700808	1629
chr20	4700808	4700809	1595
chr20	4700809	4700810	1658
chr20	4700810	4700811	1640
chr20	4700811	4700812	1643
chr20	4700812	4700813	1645
chr20	4700813	4700814	1673
chr20	4700814	4700815	1722
chr20	4700815	4700816	1730
chr20	4700816	4700817	1788
chr20	4700817	4700818	1784
chr20	4700818	4700819	1857
chr20	4700819	4700820	1834
chr20	4700820	4700821	1846
chr20	4700821	4700822	1856
chr20	4700822	4700823	1855
chr20	4700823	4700824	1905
chr20	4700824	4700825	1907
chr20	4700825	4700826	1919
chr20	4700826	4700827	1851
chr20	4700827	4700828	1847
chr20	4700828	4700829	1851
chr20	4700829	4700830	1852
chr20	4700830	4700831	1821
chr20	4700831	4700832	1854
chr20	4700832	4700833	1860
chr20	4700833	4700834	1897
chr20	4700834	4700835	1969
chr20	4700835	4700836	2045
chr20	4700836	4700837	2093
chr20	4700837	4700838	2064
chr20	4700838	4700839	2182
chr20	4700839	4700840	2194
chr20	4700840	4700841	2239
chr20	4700841	4700842	2244
chr20	4700842	4700843	2247
chr20	4700843	4700844	2255
chr20	4700844	4700845	2206
chr20	4700845	4700846	2209
chr20	4700846	4700847	2216
chr20	4700847	4700848	2230
chr20	4700848	4700849	2236
chr20	4700849	4700850	2235
chr20	4700850	4700851	2206
chr20	4700851	4700852	2223
chr20	4700852	4700853	2220
chr20	4700853	4700854	2135
chr20	4700854	4700855	2121
chr20	4700855	4700856	2127
chr20	4700856	4700857	2129
chr20	4700857	4700858	2102
chr20	4700858	4700859	2099
chr20	4700859	4700860	2090
chr20	4700860	4700861	2084
chr20	4700861	4700862	2089
chr20	4700862	4700863	2155
chr20	4700863	4700864	2181
chr20	4700864	4700866	2214
chr20	4700866	4700867	2212
chr20	4700867	4700868	2251
chr20	4700868	4700869	2297
chr20	4700869	4700870	2316
chr20	4700870	4700871	2375
chr20	4700871	4700872	2388
chr20	4700872	4700873	2356
chr20	4700873	4700874	2213
chr20	4700874	4700875	2237
chr20	4700875	4700876	2227
chr20	4700876	4700877	2257
chr20	4700877	4700878	2306
chr20	4700878	4700879	2367
chr20	4700879	4700880	2364
chr20	4700880	4700881	2355
chr20	4700881	4700882	2361
chr20	4700882	4700883	2396
chr20	4700883	4700884	2270
chr20	4700884	4700885	2245
chr20	4700885	4700887	2218
chr20	4700887	4700888	2214
chr20	4700888	4700889	2223
chr20	4700889	4700890	2216
chr20	4700890	4700892	2199
chr20	4700892	4700893	2141
chr20	4700893	4700894	2148
chr20	4700894	4700895	2082
chr20	4700895	4700896	2089
chr20	4700896	4700897	2171
chr20	4700897	4700898	2186
chr20	4700898	4700899	2239
chr20	4700899	4700900	2203
chr20	4700900	4700901	2200
chr20	4700901	4700902	2193
chr20	4700902	4700903	2192
chr20	4700903	4700904	2220
chr20	4700904	4700905	2253
chr20	4700905	4700906	2261
chr20	4700906	4700907	2298
chr20	4700907	4700908	2295
chr20	4700908	4700909	2296
chr20	4700909	4700910	2234
chr20	4700910	4700911	2181
chr20	4700911	4700912	2125
chr20	4700912	4700913	2074
chr20	4700913	4700914	2067
chr20	4700914	4700915	1948
chr20	4700915	4700916	1973
chr20	4700916	4700917	1950
chr20	4700917	4700918	1954
chr20	4700918	4700919	1956
chr20	4700919	4700920	1940
chr20	4700920	4700921	1942
chr20	4700921	4700922	1927
chr20	4700922	4700923	1931
chr20	4700923	4700924	1912
chr20	4700924	4700925	1902
chr20	4700925	4700926	1889
chr20	4700926	4700927	1972
chr20	4700927	4700928	1954
chr20	4700928	4700929	1945
chr20	4700929	4700930	1953
chr20	4700930	4700931	1955
chr20	4700931	4700932	1964
chr20	4700932	4700934	1985
chr20	4700934	4700935	2039
chr20	4700935	4700936	2055
chr20	4700936	4700937	2069
chr20	4700937	4700938	2186
chr20	4700938	4700939	2174
chr20	4700939	4700940	2223
chr20	4700940	4700941	2202
chr20	4700941	4700943	2218
chr20	4700943	4700944	2236
chr20	4700944	4700945	2220
chr20	4700945	4700946	2181
chr20	4700946	4700947	2108
chr20	4700947	4700948	2094
chr20	4700948	4700949	2068
chr20	4700949	4700950	2104
chr20	4700950	4700951	2078
chr20	4700951	4700952	2060
chr20	4700952	4700953	2021
chr20	4700953	4700954	1993
chr20	4700954	4700955	1955
chr20	4700955	4700956	1969
chr20	4700956	4700957	1975
chr20	4700957	4700958	1992
chr20	4700958	4700959	1976
chr20	4700959	4700960	1975
chr20	4700960	4700961	2021
chr20	4700961	4700962	2131
chr20	4700962	4700963	2200
chr20	4700963	4700964	2217
chr20	4700964	4700965	2219
chr20	4700965	4700966	2209
chr20	4700966	4700967	2162
chr20	4700967	4700968	2157
chr20	4700968	4700969	2187
chr20	4700969	4700970	2174
chr20	4700970	4700971	2240
chr20	4700971	4700972	2258
chr20	4700972	4700973	2170
chr20	4700973	4700974	2139
chr20	4700974	4700975	2088
chr20	4700975	4700976	2082
chr20	4700976	4700977	2083
chr20	4700977	4700978	2075
chr20	4700978	4700979	2073
chr20	4700979	4700980	2036
chr20	4700980	4700981	2039
chr20	4700981	4700982	2042
chr20	4700982	4700983	2036
chr20	4700983	4700984	2220
chr20	4700984	4700985	2218
chr20	4700985	4700986	2225
chr20	4700986	4700987	2216
chr20	4700987	4700988	2202
chr20	4700988	4700989	2224
chr20	4700989	4700990	2233
chr20	4700990	4700991	2279
chr20	4700991	4700992	2239
chr20	4700992	4700993	2286
chr20	4700993	4700994	2335
chr20	4700994	4700995	2338
chr20	4700995	4700996	2342
chr20	4700996	4700998	2349
chr20	4700998	4700999	2338
chr20	4700999	4701000	2340
chr20	4701000	4701001	2338
chr20	4701001	4701002	2375
chr20	4701002	4701003	2308
chr20	4701003	4701004	2402
chr20	4701004	4701005	2413
chr20	4701005	4701006	2408
chr20	4701006	4701007	2406
chr20	4701007	4701008	2393
chr20	4701008	4701009	2363
chr20	4701009	4701010	2389
chr20	4701010	4701011	2347
chr20	4701011	4701012	2336
chr20	4701012	4701013	2328
chr20	4701013	4701014	2209
chr20	4701014	4701015	2169
chr20	4701015	4701016	2095
chr20	4701016	4701017	2085
chr20	4701017	4701018	2075
chr20	4701018	4701019	2082
chr20	4701019	4701020	2095
chr20	4701020	4701021	2112
chr20	4701021	4701022	2170
chr20	4701022	4701023	2166
chr20	4701023	4701024	2172
chr20	4701024	4701025	2181
chr20	4701025	4701026	2261
chr20	4701026	4701027	2247
chr20	4701027	4701028	2315
chr20	4701028	4701029	2342
chr20	4701029	4701030	2329
chr20	4701030	4701031	2303
chr20	4701031	4701032	2314
chr20	4701032	4701033	2304
chr20	4701033	4701034	2271
chr20	4701034	4701035	2269
chr20	4701035	4701036	2327
chr20	4701036	4701037	2279
chr20	4701037	4701038	2125
chr20	4701038	4701039	2063
chr20	4701039	4701040	2041
chr20	4701040	4701041	2023
chr20	4701041	4701042	2021
chr20	4701042	4701043	2024
chr20	4701043	4701044	2020
chr20	4701044	4701045	1989
chr20	4701045	4701046	2043
chr20	4701046	4701047	2046
chr20	4701047	4701049	2028
chr20	4701049	4701050	2074
chr20	4701050	4701051	2180
chr20	4701051	4701052	2247
chr20	4701052	4701053	2249
chr20	4701053	4701054	2239
chr20	4701054	4701055	2254
chr20	4701055	4701056	2278
chr20	4701056	4701057	2239
chr20	4701057	4701058	2236
chr20	4701058	4701059	2214
chr20	4701059	4701060	2025
chr20	4701060	4701061	2017
chr20	4701061	4701062	2022
chr20	4701062	4701063	2016
chr20	4701063	4701064	2047
chr20	4701064	4701065	2020
chr20	4701065	4701066	1990
chr20	4701066	4701067	2043
chr20	4701067	4701068	2036
chr20	4701068	4701069	1968
chr20	4701069	4701070	1956
chr20	4701070	4701072	1947
chr20	4701072	4701073	1942
chr20	4701073	4701074	1946
chr20	4701074	4701075	1944
chr20	4701075	4701076	1985
chr20	4701076	4701077	1997
chr20	4701077	4701078	1996
chr20	4701078	4701079	1992
chr20	4701079	4701080	1928
chr20	4701080	4701081	1911
chr20	4701081	4701082	1906
chr20	4701082	4701083	1896
chr20	4701083	4701084	1902
chr20	4701084	4701085	1930
chr20	4701085	4701086	1922
chr20	4701086	4701087	1910
chr20	4701087	4701088	1916
chr20	4701088	4701089	1925
chr20	4701089	4701090	1947
chr20	4701090	4701091	1973
chr20	4701091	4701092	1982
chr20	4701092	4701093	1987
chr20	4701093	4701094	1996
chr20	4701094	4701095	2063
chr20	4701095	4701096	2018
chr20	4701096	4701097	1966
chr20	4701097	4701098	1901
chr20	4701098	4701099	1907
chr20	4701099	4701100	1889
chr20	4701100	4701101	1959
chr20	4701101	4701102	1834
chr20	4701102	4701103	1853
chr20	4701103	4701104	1797
chr20	4701104	4701105	1776
chr20	4701105	4701106	1792
chr20	4701106	4701107	1783
chr20	4701107	4701108	1757
chr20	4701108	4701109	1756
chr20	4701109	4701110	1807
chr20	4701110	4701111	1853
chr20	4701111	4701112	1833
chr20	4701112	4701113	1880
chr20	4701113	4701114	1911
chr20	4701114	4701115	1919
chr20	4701115	4701116	1933
chr20	4701116	4701117	1935
chr20	4701117	4701118	1949
chr20	4701118	4701119	1946
chr20	4701119	4701120	1950
chr20	4701120	4701121	1970
chr20	4701121	4701122	1907
chr20	4701122	4701123	1836
chr20	4701123	4701124	1832
chr20	4701124	4701125	1824
chr20	4701125	4701126	1714
chr20	4701126	4701127	1622
chr20	4701127	4701128	1592
chr20	4701128	4701129	1605
chr20	4701129	4701130	1622
chr20	4701130	4701131	1613
chr20	4701131	4701132	1595
chr20	4701132	4701133	1579
chr20	4701133	4701134	1574
chr20	4701134	4701135	1559
chr20	4701135	4701136	1532
chr20	4701136	4701137	1530
chr20	4701137	4701138	1521
chr20	4701138	4701139	1532
chr20	4701139	4701140	1492
chr20	4701140	4701141	1486
chr20	4701141	4701142	1476
chr20	4701142	4701143	1365
chr20	4701143	4701144	1361
chr20	4701144	4701145	1360
chr20	4701145	4701146	1346
chr20	4701146	4701147	1353
chr20	4701147	4701148	1382
chr20	4701148	4701149	1404
chr20	4701149	4701150	1408
chr20	4701150	4701151	1406
chr20	4701151	4701152	1358
chr20	4701152	4701153	1386
chr20	4701153	4701154	1370
chr20	4701154	4701155	1436
chr20	4701155	4701156	1422
chr20	4701156	4701157	1427
chr20	4701157	4701158	1451
chr20	4701158	4701159	1465
chr20	4701159	4701160	1467
chr20	4701160	4701161	1455
chr20	4701161	4701162	1420
chr20	4701162	4701163	1425
chr20	4701163	4701164	1418
chr20	4701164	4701165	1469
chr20	4701165	4701166	1457
chr20	4701166	4701167	1443
chr20	4701167	4701168	1459
chr20	4701168	4701169	1470
chr20	4701169	4701170	1471
chr20	4701170	4701171	1394
chr20	4701171	4701172	1370
chr20	4701172	4701173	1363
chr20	4701173	4701174	1362
chr20	4701174	4701175	1444
chr20	4701175	4701176	1450
chr20	4701176	4701177	1372
chr20	4701177	4701178	1355
chr20	4701178	4701179	1337
chr20	4701179	4701180	1319
chr20	4701180	4701181	1316
chr20	4701181	4701182	1314
chr20	4701182	4701183	1319
chr20	4701183	4701184	1320
chr20	4701184	4701185	1340
chr20	4701185	4701186	1271
chr20	4701186	4701187	1226
chr20	4701187	4701188	1182
chr20	4701188	4701189	1135
chr20	4701189	4701190	1108
chr20	4701190	4701191	1089
chr20	4701191	4701192	1085
chr20	4701192	4701193	1076
chr20	4701193	4701194	1063
chr20	4701194	4701195	1053
chr20	4701195	4701196	1042
chr20	4701196	4701197	1018
chr20	4701197	4701198	1017
chr20	4701198	4701199	1007
chr20	4701199	4701200	1004
chr20	4701200	4701201	1003
chr20	4701201	4701202	1009
chr20	4701202	4701203	1019
chr20	4701203	4701204	1030
chr20	4701204	4701205	1014
chr20	4701205	4701206	994
chr20	4701206	4701207	1053
chr20	4701207	4701209	1048
chr20	4701209	4701210	1039
chr20	4701210	4701211	1044
chr20	4701211	4701212	1052
chr20	4701212	4701213	1053
chr20	4701213	4701214	1043
chr20	4701214	4701215	1020
chr20	4701215	4701216	1019
chr20	4701216	4701217	1020
chr20	4701217	4701219	1031
chr20	4701219	4701220	1029
chr20	4701220	4701221	1027
chr20	4701221	4701222	1031
chr20	4701222	4701223	1028
chr20	4701223	4701224	1001
chr20	4701224	4701225	989
chr20	4701225	4701226	991
chr20	4701226	4701227	1024
chr20	4701227	4701228	1027
chr20	4701228	4701229	1003
chr20	4701229	4701230	992
chr20	4701230	4701231	911
chr20	4701231	4701232	907
chr20	4701232	4701233	901
chr20	4701233	4701234	882
chr20	4701234	4701235	861
chr20	4701235	4701236	869
chr20	4701236	4701237	854
chr20	4701237	4701238	853
chr20	4701238	4701239	854
chr20	4701239	4701240	870
chr20	4701240	4701241	830
chr20	4701241	4701242	812
chr20	4701242	4701243	786
chr20	4701243	4701244	778
chr20	4701244	4701245	737
chr20	4701245	4701246	752
chr20	4701246	4701247	755
chr20	4701247	4701248	772
chr20	4701248	4701249	773
chr20	4701249	4701250	775
chr20	4701250	4701251	694
chr20	4701251	4701252	691
chr20	4701252	4701253	693
chr20	4701253	4701254	707
chr20	4701254	4701255	710
chr20	4701255	4701256	759
chr20	4701256	4701257	768
chr20	4701257	4701258	744
chr20	4701258	4701259	738
chr20	4701259	4701260	732
chr20	4701260	4701261	715
chr20	4701261	4701262	736
chr20	4701262	4701263	746
chr20	4701263	4701264	755
chr20	4701264	4701265	765
chr20	4701265	4701266	770
chr20	4701266	4701267	779
chr20	4701267	4701268	776
chr20	4701268	4701269	788
chr20	4701269	4701270	783
chr20	4701270	4701271	793
chr20	4701271	4701272	791
chr20	4701272	4701273	805
chr20	4701273	4701274	800
chr20	4701274	4701275	806
chr20	4701275	4701276	804
chr20	4701276	4701277	826
chr20	4701277	4701278	846
chr20	4701278	4701279	839
chr20	4701279	4701280	836
chr20	4701280	4701281	832
chr20	4701281	4701282	871
chr20	4701282	4701283	825
chr20	4701283	4701284	837
chr20	4701284	4701285	858
chr20	4701285	4701288	865
chr20	4701288	4701289	862
chr20	4701289	4701290	865
chr20	4701290	4701292	890
chr20	4701292	4701293	928
chr20	4701293	4701294	932
chr20	4701294	4701295	928
chr20	4701295	4701296	923
chr20	4701296	4701297	991
chr20	4701297	4701298	999
chr20	4701298	4701299	1019
chr20	4701299	4701300	1018
chr20	4701300	4701301	1035
chr20	4701301	4701302	1022
chr20	4701302	4701303	1013
chr20	4701303	4701304	1083
chr20	4701304	4701306	1125
chr20	4701306	4701307	1122
chr20	4701307	4701308	1118
chr20	4701308	4701309	1165
chr20	4701309	4701310	1166
chr20	4701310	4701311	1170
chr20	4701311	4701313	1159
chr20	4701313	4701314	1169
chr20	4701314	4701315	1173
chr20	4701315	4701316	1162
chr20	4701316	4701317	1153
chr20	4701317	4701318	1195
chr20	4701318	4701319	1220
chr20	4701319	4701320	1237
chr20	4701320	4701321	1259
chr20	4701321	4701323	1251
chr20	4701323	4701324	1239
chr20	4701324	4701325	1251
chr20	4701325	4701326	1260
chr20	4701326	4701327	1304
chr20	4701327	4701328	1334
chr20	4701328	4701329	1331
chr20	4701329	4701330	1316
chr20	4701330	4701331	1313
chr20	4701331	4701332	1264
chr20	4701332	4701333	1254
chr20	4701333	4701334	1267
chr20	4701334	4701335	1271
chr20	4701335	4701336	1288
chr20	4701336	4701337	1294
chr20	4701337	4701338	1309
chr20	4701338	4701339	1305
chr20	4701339	4701340	1316
chr20	4701340	4701341	1351
chr20	4701341	4701342	1385
chr20	4701342	4701343	1398
chr20	4701343	4701344	1405
chr20	4701344	4701345	1417
chr20	4701345	4701346	1438
chr20	4701346	4701347	1430
chr20	4701347	4701348	1509
chr20	4701348	4701349	1499
chr20	4701349	4701350	1501
chr20	4701350	4701351	1500
chr20	4701351	4701352	1512
chr20	4701352	4701353	1521
chr20	4701353	4701354	1497
chr20	4701354	4701355	1490
chr20	4701355	4701356	1480
chr20	4701356	4701357	1485
chr20	4701357	4701358	1446
chr20	4701358	4701359	1410
chr20	4701359	4701360	1394
chr20	4701360	4701361	1417
chr20	4701361	4701362	1442
chr20	4701362	4701363	1441
chr20	4701363	4701364	1433
chr20	4701364	4701365	1434
chr20	4701365	4701366	1431
chr20	4701366	4701367	1422
chr20	4701367	4701368	1445
chr20	4701368	4701369	1420
chr20	4701369	4701370	1428
chr20	4701370	4701372	1423
chr20	4701372	4701373	1389
chr20	4701373	4701374	1401
chr20	4701374	4701375	1446
chr20	4701375	4701376	1451
chr20	4701376	4701377	1433
chr20	4701377	4701378	1446
chr20	4701378	4701379	1432
chr20	4701379	4701380	1374
chr20	4701380	4701381	1331
chr20	4701381	4701382	1335
chr20	4701382	4701383	1342
chr20	4701383	4701384	1410
chr20	4701384	4701385	1433
chr20	4701385	4701386	1493
chr20	4701386	4701387	1541
chr20	4701387	4701388	1566
chr20	4701388	4701389	1582
#bedGraph section chr20:4701389-4781133
chr20	4701389	4701390	1580
chr20	4701390	4701391	1569
chr20	4701391	4701392	1560
chr20	4701392	4701393	1598
chr20	4701393	4701394	1555
chr20	4701394	4701395	1568
chr20	4701395	4701396	1566
chr20	4701396	4701397	1611
chr20	4701397	4701398	1634
chr20	4701398	4701399	1686
chr20	4701399	4701400	1732
chr20	4701400	4701401	1768
chr20	4701401	4701402	1781
chr20	4701402	4701403	1750
chr20	4701403	4701404	1734
chr20	4701404	4701405	1737
chr20	4701405	4701406	1733
chr20	4701406	4701407	1731
chr20	4701407	4701408	1732
chr20	4701408	4701409	1736
chr20	4701409	4701410	1719
chr20	4701410	4701411	1708
chr20	4701411	4701412	1689
chr20	4701412	4701413	1681
chr20	4701413	4701414	1644
chr20	4701414	4701415	1639
chr20	4701415	4701416	1616
chr20	4701416	4701417	1562
chr20	4701417	4701418	1544
chr20	4701418	4701419	1519
chr20	4701419	4701420	1520
chr20	4701420	4701421	1509
chr20	4701421	4701423	1492
chr20	4701423	4701424	1410
chr20	4701424	4701425	1423
chr20	4701425	4701426	1428
chr20	4701426	4701427	1429
chr20	4701427	4701428	1423
chr20	4701428	4701429	1386
chr20	4701429	4701430	1384
chr20	4701430	4701431	1380
chr20	4701431	4701432	1377
chr20	4701432	4701433	1375
chr20	4701433	4701434	1391
chr20	4701434	4701436	1392
chr20	4701436	4701437	1360
chr20	4701437	4701438	1328
chr20	4701438	4701439	1320
chr20	4701439	4701440	1325
chr20	4701440	4701441	1324
chr20	4701441	4701442	1311
chr20	4701442	4701443	1295
chr20	4701443	4701444	1277
chr20	4701444	4701445	1265
chr20	4701445	4701446	1243
chr20	4701446	4701447	1245
chr20	4701447	4701448	1244
chr20	4701448	4701449	1203
chr20	4701449	4701450	1183
chr20	4701450	4701451	1122
chr20	4701451	4701452	1114
chr20	4701452	4701453	1103
chr20	4701453	4701454	1082
chr20	4701454	4701455	1071
chr20	4701455	4701456	1051
chr20	4701456	4701457	1044
chr20	4701457	4701458	1020
chr20	4701458	4701459	1014
chr20	4701459	4701460	950
chr20	4701460	4701461	879
chr20	4701461	4701462	814
chr20	4701462	4701463	735
chr20	4701463	4701464	723
chr20	4701464	4701465	717
chr20	4701465	4701466	716
chr20	4701466	4701467	713
chr20	4701467	4701468	710
chr20	4701468	4701469	659
chr20	4701469	4701470	655
chr20	4701470	4701471	620
chr20	4701471	4701472	595
chr20	4701472	4701473	524
chr20	4701473	4701474	506
chr20	4701474	4701475	459
chr20	4701475	4701476	409
chr20	4701476	4701477	351
chr20	4701477	4701478	330
chr20	4701478	4701479	319
chr20	4701479	4701480	300
chr20	4701480	4701481	293
chr20	4701481	4701482	352
chr20	4701482	4701483	349
chr20	4701483	4701484	397
chr20	4701484	4701485	399
chr20	4701485	4701486	408
chr20	4701486	4701487	409
chr20	4701487	4701488	419
chr20	4701488	4701489	428
chr20	4701489	4701491	446
chr20	4701491	4701492	448
chr20	4701492	4701493	449
chr20	4701493	4701494	439
chr20	4701494	4701495	455
chr20	4701495	4701496	449
chr20	4701496	4701498	438
chr20	4701498	4701499	441
chr20	4701499	4701500	465
chr20	4701500	4701501	452
chr20	4701501	4701502	441
chr20	4701502	4701503	467
chr20	4701503	4701504	470
chr20	4701504	4701505	474
chr20	4701505	4701506	472
chr20	4701506	4701507	473
chr20	4701507	4701508	526
chr20	4701508	4701509	549
chr20	4701509	4701510	554
chr20	4701510	4701511	559
chr20	4701511	4701512	558
chr20	4701512	4701513	580
chr20	4701513	4701514	584
chr20	4701514	4701515	585
chr20	4701515	4701516	580
chr20	4701516	4701517	577
chr20	4701517	4701518	573
chr20	4701518	4701519	575
chr20	4701519	4701522	579
chr20	4701522	4701523	575
chr20	4701523	4701524	573
chr20	4701524	4701525	568
chr20	4701525	4701526	563
chr20	4701526	4701527	561
chr20	4701527	4701528	558
chr20	4701528	4701530	556
chr20	4701530	4701531	551
chr20	4701531	4701532	557
chr20	4701532	4701533	553
chr20	4701533	4701535	551
chr20	4701535	4701536	548
chr20	4701536	4701537	547
chr20	4701537	4701538	545
chr20	4701538	4701539	540
chr20	4701539	4701540	535
chr20	4701540	4701541	532
chr20	4701541	4701543	531
chr20	4701543	4701544	530
chr20	4701544	4701545	528
chr20	4701545	4701546	519
chr20	4701546	4701547	515
chr20	4701547	4701548	514
chr20	4701548	4701549	505
chr20	4701549	4701550	498
chr20	4701550	4701551	485
chr20	4701551	4701552	481
chr20	4701552	4701553	471
chr20	4701553	4701554	468
chr20	4701554	4701555	467
chr20	4701555	4701556	466
chr20	4701556	4701557	458
chr20	4701557	4701559	398
chr20	4701559	4701560	346
chr20	4701560	4701561	342
chr20	4701561	4701562	335
chr20	4701562	4701563	334
chr20	4701563	4701564	322
chr20	4701564	4701565	306
chr20	4701565	4701566	287
chr20	4701566	4701567	285
chr20	4701567	4701568	280
chr20	4701568	4701569	276
chr20	4701569	4701570	268
chr20	4701570	4701573	248
chr20	4701573	4701574	238
chr20	4701574	4701575	232
chr20	4701575	4701576	204
chr20	4701576	4701577	201
chr20	4701577	4701578	198
chr20	4701578	4701579	161
chr20	4701579	4701580	160
chr20	4701580	4701581	157
chr20	4701581	4701582	156
chr20	4701582	4701583	153
chr20	4701583	4701584	101
chr20	4701584	4701585	64
chr20	4701585	4701586	49
chr20	4701586	4701587	40
chr20	4701587	4701588	22
chr20	4701588	4701589	5
chr20	4701589	4701590	2
chr20	4701590	4701877	0
