track type=wiggle_0 name="Brain Hippocamp" description="Brain Hippocampus"
#bedGraph section chr20:4683108-4700152
chr20	4686035	4686135	1
chr20	4686135	4686138	2
chr20	4686138	4686139	3
chr20	4686139	4686187	4
chr20	4686187	4686203	3
chr20	4686203	4686211	4
chr20	4686211	4686214	3
chr20	4686214	4686279	1
chr20	4686279	4686311	0
chr20	4686311	4686378	2
chr20	4686378	4686379	3
chr20	4686379	4686408	1
chr20	4686408	4686418	2
chr20	4686418	4686426	3
chr20	4686426	4686432	4
chr20	4686432	4686433	5
chr20	4686433	4686434	7
chr20	4686434	4686436	8
chr20	4686436	4686438	12
chr20	4686438	4686439	13
chr20	4686439	4686443	15
chr20	4686443	4686444	16
chr20	4686444	4686445	18
chr20	4686445	4686446	19
chr20	4686446	4686449	20
chr20	4686449	4686451	26
chr20	4686451	4686454	28
chr20	4686454	4686457	27
chr20	4686457	4686459	29
chr20	4686459	4686461	30
chr20	4686461	4686463	31
chr20	4686463	4686464	33
chr20	4686464	4686465	35
chr20	4686465	4686466	36
chr20	4686466	4686467	37
chr20	4686467	4686468	39
chr20	4686468	4686469	40
chr20	4686469	4686470	45
chr20	4686470	4686471	50
chr20	4686471	4686472	80
chr20	4686472	4686473	82
chr20	4686473	4686474	96
chr20	4686474	4686475	105
chr20	4686475	4686476	107
chr20	4686476	4686477	110
chr20	4686477	4686478	116
chr20	4686478	4686479	130
chr20	4686479	4686480	137
chr20	4686480	4686481	141
chr20	4686481	4686482	151
chr20	4686482	4686484	152
chr20	4686484	4686485	151
chr20	4686485	4686488	165
chr20	4686488	4686490	173
chr20	4686490	4686491	180
chr20	4686491	4686493	184
chr20	4686493	4686494	188
chr20	4686494	4686495	187
chr20	4686495	4686497	188
chr20	4686497	4686500	190
chr20	4686500	4686501	192
chr20	4686501	4686503	195
chr20	4686503	4686504	202
chr20	4686504	4686506	203
chr20	4686506	4686507	204
chr20	4686507	4686508	207
chr20	4686508	4686510	119
chr20	4686510	4686511	121
chr20	4686511	4686512	123
chr20	4686512	4686617	0
chr20	4686617	4686638	1
chr20	4686638	4686674	0
chr20	4686674	4686684	2
chr20	4686684	4686704	3
chr20	4686704	4686707	5
chr20	4686707	4686718	6
chr20	4686718	4686731	7
chr20	4686731	4686733	8
chr20	4686733	4686736	9
chr20	4686736	4687008	0
chr20	4687008	4687084	1
chr20	4687084	4687098	0
chr20	4687098	4687174	1
chr20	4687174	4687654	0
chr20	4687654	4687730	1
chr20	4687730	4687921	0
chr20	4687921	4687997	1
chr20	4687997	4688274	0
chr20	4688274	4688284	1
chr20	4688284	4689936	0
chr20	4689936	4690012	1
chr20	4690012	4690053	0
chr20	4690053	4690129	1
chr20	4690129	4693522	0
chr20	4693522	4693598	1
chr20	4693598	4693680	0
chr20	4693680	4693705	2
chr20	4693705	4693756	3
chr20	4693756	4693763	1
chr20	4693763	4693781	3
chr20	4693781	4693782	2
chr20	4693782	4693819	3
chr20	4693819	4693839	4
chr20	4693839	4693858	2
chr20	4693858	4693895	1
chr20	4693895	4693985	0
chr20	4693985	4694061	1
chr20	4694061	4694109	0
chr20	4694109	4694185	1
chr20	4694185	4694684	0
chr20	4694684	4694760	1
chr20	4694760	4694829	0
chr20	4694829	4694905	1
chr20	4694905	4694922	0
chr20	4694922	4694998	2
chr20	4694998	4695132	0
chr20	4695132	4695208	2
chr20	4695208	4695521	0
chr20	4695521	4695581	1
chr20	4695581	4695597	2
chr20	4695597	4695657	1
chr20	4695657	4696092	0
chr20	4696092	4696126	1
chr20	4696126	4696168	2
chr20	4696168	4696201	1
chr20	4696201	4696245	0
chr20	4696245	4696287	1
chr20	4696287	4696321	2
chr20	4696321	4696343	1
chr20	4696343	4696363	2
chr20	4696363	4696370	1
chr20	4696370	4696419	2
chr20	4696419	4696445	1
chr20	4696445	4697460	0
chr20	4697460	4697499	1
chr20	4697499	4697536	2
chr20	4697536	4697537	1
chr20	4697537	4697539	2
chr20	4697539	4697554	3
chr20	4697554	4697575	4
chr20	4697575	4697613	3
chr20	4697613	4697615	2
chr20	4697615	4697630	1
chr20	4697630	4697729	0
chr20	4697729	4697805	1
chr20	4697805	4698115	0
chr20	4698115	4698191	1
chr20	4698191	4698198	0
chr20	4698198	4698255	1
chr20	4698255	4698637	0
chr20	4698637	4698705	1
chr20	4698705	4698713	3
chr20	4698713	4698781	2
chr20	4698781	4698839	0
chr20	4698839	4698861	2
chr20	4698861	4698862	3
chr20	4698862	4698915	4
chr20	4698915	4698937	2
chr20	4698937	4698938	1
chr20	4698938	4699018	0
chr20	4699018	4699094	1
chr20	4699094	4699206	0
chr20	4699206	4699208	1
chr20	4699208	4699210	2
chr20	4699210	4699212	212
chr20	4699212	4699213	211
chr20	4699213	4699214	213
chr20	4699214	4699215	212
chr20	4699215	4699217	220
chr20	4699217	4699219	227
chr20	4699219	4699220	228
chr20	4699220	4699221	231
chr20	4699221	4699222	232
chr20	4699222	4699223	238
chr20	4699223	4699224	233
chr20	4699224	4699227	236
chr20	4699227	4699229	234
chr20	4699229	4699230	250
chr20	4699230	4699231	256
chr20	4699231	4699232	255
chr20	4699232	4699235	264
chr20	4699235	4699236	262
chr20	4699236	4699237	270
chr20	4699237	4699240	269
chr20	4699240	4699241	270
chr20	4699241	4699242	269
chr20	4699242	4699243	268
chr20	4699243	4699244	267
chr20	4699244	4699245	279
chr20	4699245	4699246	264
chr20	4699246	4699247	267
chr20	4699247	4699248	270
chr20	4699248	4699249	260
chr20	4699249	4699250	245
chr20	4699250	4699251	243
chr20	4699251	4699252	236
chr20	4699252	4699253	231
chr20	4699253	4699254	229
chr20	4699254	4699255	222
chr20	4699255	4699256	213
chr20	4699256	4699257	208
chr20	4699257	4699258	203
chr20	4699258	4699259	201
chr20	4699259	4699261	191
chr20	4699261	4699262	202
chr20	4699262	4699263	203
chr20	4699263	4699264	206
chr20	4699264	4699265	201
chr20	4699265	4699266	200
chr20	4699266	4699267	197
chr20	4699267	4699268	198
chr20	4699268	4699270	196
chr20	4699270	4699272	197
chr20	4699272	4699273	200
chr20	4699273	4699274	202
chr20	4699274	4699275	208
chr20	4699275	4699276	207
chr20	4699276	4699277	206
chr20	4699277	4699278	200
chr20	4699278	4699280	198
chr20	4699280	4699281	202
chr20	4699281	4699282	198
chr20	4699282	4699283	200
chr20	4699283	4699285	198
chr20	4699285	4699286	205
chr20	4699286	4699287	208
chr20	4699287	4699290	211
chr20	4699290	4699291	212
chr20	4699291	4699292	214
chr20	4699292	4699293	215
chr20	4699293	4699294	207
chr20	4699294	4699295	213
chr20	4699295	4699296	217
chr20	4699296	4699297	218
chr20	4699297	4699298	217
chr20	4699298	4699300	209
chr20	4699300	4699301	206
chr20	4699301	4699302	207
chr20	4699302	4699304	211
chr20	4699304	4699305	215
chr20	4699305	4699306	199
chr20	4699306	4699307	195
chr20	4699307	4699308	197
chr20	4699308	4699310	189
chr20	4699310	4699311	192
chr20	4699311	4699312	201
chr20	4699312	4699313	195
chr20	4699313	4699314	196
chr20	4699314	4699315	198
chr20	4699315	4699317	201
chr20	4699317	4699318	205
chr20	4699318	4699319	203
chr20	4699319	4699320	200
chr20	4699320	4699322	190
chr20	4699322	4699323	184
chr20	4699323	4699325	172
chr20	4699325	4699326	173
chr20	4699326	4699327	174
chr20	4699327	4699328	179
chr20	4699328	4699332	180
chr20	4699332	4699333	183
chr20	4699333	4699334	184
chr20	4699334	4699335	187
chr20	4699335	4699336	192
chr20	4699336	4699337	193
chr20	4699337	4699338	182
chr20	4699338	4699339	180
chr20	4699339	4699341	172
chr20	4699341	4699342	174
chr20	4699342	4699343	178
chr20	4699343	4699345	179
chr20	4699345	4699346	180
chr20	4699346	4699347	178
chr20	4699347	4699348	177
chr20	4699348	4699349	175
chr20	4699349	4699350	176
chr20	4699350	4699351	170
chr20	4699351	4699352	172
chr20	4699352	4699355	176
chr20	4699355	4699356	174
chr20	4699356	4699358	170
chr20	4699358	4699359	169
chr20	4699359	4699360	170
chr20	4699360	4699361	175
chr20	4699361	4699362	168
chr20	4699362	4699363	167
chr20	4699363	4699364	168
chr20	4699364	4699365	167
chr20	4699365	4699367	165
chr20	4699367	4699369	162
chr20	4699369	4699370	161
chr20	4699370	4699371	155
chr20	4699371	4699372	154
chr20	4699372	4699373	149
chr20	4699373	4699374	150
chr20	4699374	4699375	152
chr20	4699375	4699377	153
chr20	4699377	4699378	152
chr20	4699378	4699381	147
chr20	4699381	4699382	146
chr20	4699382	4699383	145
chr20	4699383	4699384	147
chr20	4699384	4699385	146
chr20	4699385	4699386	147
chr20	4699386	4699387	143
chr20	4699387	4699389	142
chr20	4699389	4699390	144
chr20	4699390	4699391	142
chr20	4699391	4699392	139
chr20	4699392	4699393	141
chr20	4699393	4699394	138
chr20	4699394	4699396	135
chr20	4699396	4699397	133
chr20	4699397	4699398	131
chr20	4699398	4699401	134
chr20	4699401	4699403	133
chr20	4699403	4699404	126
chr20	4699404	4699405	123
chr20	4699405	4699408	120
chr20	4699408	4699409	115
chr20	4699409	4699410	114
chr20	4699410	4699411	111
chr20	4699411	4699412	117
chr20	4699412	4699413	115
chr20	4699413	4699415	117
chr20	4699415	4699416	116
chr20	4699416	4699417	114
chr20	4699417	4699418	112
chr20	4699418	4699420	115
chr20	4699420	4699421	120
chr20	4699421	4699422	119
chr20	4699422	4699425	127
chr20	4699425	4699426	128
chr20	4699426	4699427	127
chr20	4699427	4699428	126
chr20	4699428	4699431	125
chr20	4699431	4699432	126
chr20	4699432	4699433	125
chr20	4699433	4699434	124
chr20	4699434	4699435	126
chr20	4699435	4699436	141
chr20	4699436	4699437	135
chr20	4699437	4699438	134
chr20	4699438	4699439	135
chr20	4699439	4699440	136
chr20	4699440	4699441	135
chr20	4699441	4699444	133
chr20	4699444	4699445	138
chr20	4699445	4699446	137
chr20	4699446	4699447	144
chr20	4699447	4699448	142
chr20	4699448	4699449	147
chr20	4699449	4699451	149
chr20	4699451	4699452	151
chr20	4699452	4699453	154
chr20	4699453	4699454	153
chr20	4699454	4699455	155
chr20	4699455	4699456	158
chr20	4699456	4699457	156
chr20	4699457	4699458	160
chr20	4699458	4699459	164
chr20	4699459	4699460	181
chr20	4699460	4699461	187
chr20	4699461	4699462	191
chr20	4699462	4699463	198
chr20	4699463	4699464	196
chr20	4699464	4699465	192
chr20	4699465	4699466	190
chr20	4699466	4699468	197
chr20	4699468	4699469	202
chr20	4699469	4699470	203
chr20	4699470	4699471	214
chr20	4699471	4699472	216
chr20	4699472	4699473	217
chr20	4699473	4699474	223
chr20	4699474	4699475	220
chr20	4699475	4699476	221
chr20	4699476	4699478	223
chr20	4699478	4699479	225
chr20	4699479	4699480	226
chr20	4699480	4699481	223
chr20	4699481	4699482	222
chr20	4699482	4699483	228
chr20	4699483	4699484	256
chr20	4699484	4699485	262
chr20	4699485	4699486	266
chr20	4699486	4699487	270
chr20	4699487	4699488	266
chr20	4699488	4699489	270
chr20	4699489	4699490	267
chr20	4699490	4699492	280
chr20	4699492	4699493	285
chr20	4699493	4699494	291
chr20	4699494	4699495	287
chr20	4699495	4699496	283
chr20	4699496	4699497	284
chr20	4699497	4699498	286
chr20	4699498	4699499	281
chr20	4699499	4699500	283
chr20	4699500	4699501	285
chr20	4699501	4699503	295
chr20	4699503	4699504	312
chr20	4699504	4699505	325
chr20	4699505	4699508	335
chr20	4699508	4699509	338
chr20	4699509	4699510	337
chr20	4699510	4699511	335
chr20	4699511	4699512	326
chr20	4699512	4699513	339
chr20	4699513	4699514	353
chr20	4699514	4699515	351
chr20	4699515	4699516	355
chr20	4699516	4699517	356
chr20	4699517	4699518	358
chr20	4699518	4699519	357
chr20	4699519	4699520	359
chr20	4699520	4699521	360
chr20	4699521	4699522	362
chr20	4699522	4699523	366
chr20	4699523	4699524	373
chr20	4699524	4699525	377
chr20	4699525	4699526	383
chr20	4699526	4699527	379
chr20	4699527	4699528	382
chr20	4699528	4699530	380
chr20	4699530	4699531	378
chr20	4699531	4699532	376
chr20	4699532	4699533	403
chr20	4699533	4699534	441
chr20	4699534	4699535	447
chr20	4699535	4699536	435
chr20	4699536	4699537	433
chr20	4699537	4699538	430
chr20	4699538	4699539	423
chr20	4699539	4699540	421
chr20	4699540	4699542	423
chr20	4699542	4699543	418
chr20	4699543	4699544	422
chr20	4699544	4699545	418
chr20	4699545	4699546	419
chr20	4699546	4699547	410
chr20	4699547	4699548	412
chr20	4699548	4699549	419
chr20	4699549	4699550	416
chr20	4699550	4699551	422
chr20	4699551	4699552	425
chr20	4699552	4699553	433
chr20	4699553	4699554	437
chr20	4699554	4699555	436
chr20	4699555	4699556	442
chr20	4699556	4699557	448
chr20	4699557	4699558	447
chr20	4699558	4699559	444
chr20	4699559	4699560	418
chr20	4699560	4699561	411
chr20	4699561	4699562	407
chr20	4699562	4699563	406
chr20	4699563	4699564	402
chr20	4699564	4699565	398
chr20	4699565	4699566	399
chr20	4699566	4699567	394
chr20	4699567	4699568	397
chr20	4699568	4699569	396
chr20	4699569	4699570	399
chr20	4699570	4699571	406
chr20	4699571	4699572	405
chr20	4699572	4699573	413
chr20	4699573	4699574	409
chr20	4699574	4699575	407
chr20	4699575	4699576	406
chr20	4699576	4699577	404
chr20	4699577	4699578	392
chr20	4699578	4699579	390
chr20	4699579	4699580	377
chr20	4699580	4699581	362
chr20	4699581	4699582	354
chr20	4699582	4699583	371
chr20	4699583	4699584	377
chr20	4699584	4699585	375
chr20	4699585	4699586	387
chr20	4699586	4699587	398
chr20	4699587	4699588	418
chr20	4699588	4699589	408
chr20	4699589	4699590	399
chr20	4699590	4699591	404
chr20	4699591	4699592	399
chr20	4699592	4699594	428
chr20	4699594	4699595	430
chr20	4699595	4699596	432
chr20	4699596	4699597	433
chr20	4699597	4699598	443
chr20	4699598	4699599	436
chr20	4699599	4699600	433
chr20	4699600	4699601	429
chr20	4699601	4699602	426
chr20	4699602	4699604	425
chr20	4699604	4699605	422
chr20	4699605	4699606	421
chr20	4699606	4699607	429
chr20	4699607	4699608	463
chr20	4699608	4699609	447
chr20	4699609	4699610	414
chr20	4699610	4699611	413
chr20	4699611	4699612	408
chr20	4699612	4699613	404
chr20	4699613	4699615	406
chr20	4699615	4699616	408
chr20	4699616	4699617	425
chr20	4699617	4699618	443
chr20	4699618	4699620	458
chr20	4699620	4699621	462
chr20	4699621	4699622	466
chr20	4699622	4699623	475
chr20	4699623	4699624	474
chr20	4699624	4699625	473
chr20	4699625	4699626	478
chr20	4699626	4699627	477
chr20	4699627	4699628	483
chr20	4699628	4699629	477
chr20	4699629	4699630	481
chr20	4699630	4699632	485
chr20	4699632	4699633	484
chr20	4699633	4699635	491
chr20	4699635	4699636	517
chr20	4699636	4699637	524
chr20	4699637	4699638	531
chr20	4699638	4699639	545
chr20	4699639	4699640	546
chr20	4699640	4699641	552
chr20	4699641	4699643	559
chr20	4699643	4699644	556
chr20	4699644	4699645	550
chr20	4699645	4699646	543
chr20	4699646	4699647	537
chr20	4699647	4699648	543
chr20	4699648	4699650	539
chr20	4699650	4699651	541
chr20	4699651	4699652	550
chr20	4699652	4699653	554
chr20	4699653	4699654	570
chr20	4699654	4699655	581
chr20	4699655	4699656	596
chr20	4699656	4699657	607
chr20	4699657	4699658	612
chr20	4699658	4699659	624
chr20	4699659	4699660	622
chr20	4699660	4699661	637
chr20	4699661	4699662	662
chr20	4699662	4699663	663
chr20	4699663	4699664	647
chr20	4699664	4699665	642
chr20	4699665	4699666	639
chr20	4699666	4699667	638
chr20	4699667	4699668	644
chr20	4699668	4699669	617
chr20	4699669	4699670	616
chr20	4699670	4699671	630
chr20	4699671	4699672	654
chr20	4699672	4699673	686
chr20	4699673	4699674	688
chr20	4699674	4699675	702
chr20	4699675	4699676	701
chr20	4699676	4699677	715
chr20	4699677	4699678	708
chr20	4699678	4699679	721
chr20	4699679	4699680	719
chr20	4699680	4699681	722
chr20	4699681	4699682	726
chr20	4699682	4699683	746
chr20	4699683	4699684	711
chr20	4699684	4699685	701
chr20	4699685	4699686	728
chr20	4699686	4699687	724
chr20	4699687	4699688	726
chr20	4699688	4699689	724
chr20	4699689	4699690	723
chr20	4699690	4699691	761
chr20	4699691	4699692	771
chr20	4699692	4699693	768
chr20	4699693	4699694	753
chr20	4699694	4699695	742
chr20	4699695	4699696	752
chr20	4699696	4699697	748
chr20	4699697	4699698	750
chr20	4699698	4699699	741
chr20	4699699	4699700	757
chr20	4699700	4699701	771
chr20	4699701	4699702	766
chr20	4699702	4699703	771
chr20	4699703	4699704	762
chr20	4699704	4699705	767
chr20	4699705	4699706	775
chr20	4699706	4699707	781
chr20	4699707	4699708	778
chr20	4699708	4699709	784
chr20	4699709	4699710	782
chr20	4699710	4699711	790
chr20	4699711	4699712	765
chr20	4699712	4699713	769
chr20	4699713	4699714	773
chr20	4699714	4699715	759
chr20	4699715	4699716	754
chr20	4699716	4699717	760
chr20	4699717	4699718	758
chr20	4699718	4699719	753
chr20	4699719	4699720	757
chr20	4699720	4699722	768
chr20	4699722	4699723	774
chr20	4699723	4699724	778
chr20	4699724	4699725	776
chr20	4699725	4699726	779
chr20	4699726	4699727	812
chr20	4699727	4699728	815
chr20	4699728	4699729	819
chr20	4699729	4699731	805
chr20	4699731	4699732	804
chr20	4699732	4699733	816
chr20	4699733	4699734	814
chr20	4699734	4699735	788
chr20	4699735	4699736	799
chr20	4699736	4699737	790
chr20	4699737	4699738	755
chr20	4699738	4699739	778
chr20	4699739	4699740	783
chr20	4699740	4699741	806
chr20	4699741	4699743	815
chr20	4699743	4699744	810
chr20	4699744	4699745	823
chr20	4699745	4699746	833
chr20	4699746	4699747	826
chr20	4699747	4699748	803
chr20	4699748	4699749	769
chr20	4699749	4699750	758
chr20	4699750	4699751	763
chr20	4699751	4699752	786
chr20	4699752	4699753	769
chr20	4699753	4699754	773
chr20	4699754	4699755	760
chr20	4699755	4699756	761
chr20	4699756	4699757	790
chr20	4699757	4699758	799
chr20	4699758	4699759	779
chr20	4699759	4699760	785
chr20	4699760	4699761	782
chr20	4699761	4699762	754
chr20	4699762	4699763	761
chr20	4699763	4699764	776
chr20	4699764	4699765	798
chr20	4699765	4699766	812
chr20	4699766	4699767	782
chr20	4699767	4699768	773
chr20	4699768	4699769	764
chr20	4699769	4699770	776
chr20	4699770	4699771	774
chr20	4699771	4699772	768
chr20	4699772	4699773	779
chr20	4699773	4699774	775
chr20	4699774	4699775	772
chr20	4699775	4699776	782
chr20	4699776	4699777	761
chr20	4699777	4699778	784
chr20	4699778	4699779	795
chr20	4699779	4699780	801
chr20	4699780	4699781	816
chr20	4699781	4699782	806
chr20	4699782	4699783	803
chr20	4699783	4699784	809
chr20	4699784	4699785	810
chr20	4699785	4699786	803
chr20	4699786	4699787	798
chr20	4699787	4699788	805
chr20	4699788	4699789	815
chr20	4699789	4699790	820
chr20	4699790	4699791	819
chr20	4699791	4699792	833
chr20	4699792	4699793	830
chr20	4699793	4699794	840
chr20	4699794	4699795	839
chr20	4699795	4699796	840
chr20	4699796	4699797	824
chr20	4699797	4699798	826
chr20	4699798	4699799	819
chr20	4699799	4699800	805
chr20	4699800	4699801	800
chr20	4699801	4699802	840
chr20	4699802	4699803	808
chr20	4699803	4699805	816
chr20	4699805	4699806	835
chr20	4699806	4699807	830
chr20	4699807	4699808	824
chr20	4699808	4699809	810
chr20	4699809	4699810	808
chr20	4699810	4699811	823
chr20	4699811	4699812	822
chr20	4699812	4699813	839
chr20	4699813	4699814	944
chr20	4699814	4699815	928
chr20	4699815	4699816	963
chr20	4699816	4699817	951
chr20	4699817	4699818	942
chr20	4699818	4699820	938
chr20	4699820	4699821	919
chr20	4699821	4699822	916
chr20	4699822	4699823	915
chr20	4699823	4699824	910
chr20	4699824	4699825	909
chr20	4699825	4699826	927
chr20	4699826	4699827	915
chr20	4699827	4699828	902
chr20	4699828	4699829	905
chr20	4699829	4699830	904
chr20	4699830	4699831	921
chr20	4699831	4699832	920
chr20	4699832	4699833	890
chr20	4699833	4699834	884
chr20	4699834	4699835	882
chr20	4699835	4699836	874
chr20	4699836	4699837	901
chr20	4699837	4699838	910
chr20	4699838	4699839	912
chr20	4699839	4699840	898
chr20	4699840	4699841	881
chr20	4699841	4699842	894
chr20	4699842	4699843	897
chr20	4699843	4699844	898
chr20	4699844	4699845	891
chr20	4699845	4699846	877
chr20	4699846	4699847	876
chr20	4699847	4699848	879
chr20	4699848	4699849	873
chr20	4699849	4699850	878
chr20	4699850	4699851	880
chr20	4699851	4699852	868
chr20	4699852	4699853	876
chr20	4699853	4699854	881
chr20	4699854	4699855	857
chr20	4699855	4699856	851
chr20	4699856	4699857	833
chr20	4699857	4699858	839
chr20	4699858	4699859	835
chr20	4699859	4699860	827
chr20	4699860	4699861	824
chr20	4699861	4699862	819
chr20	4699862	4699863	824
chr20	4699863	4699865	814
chr20	4699865	4699866	799
chr20	4699866	4699867	814
chr20	4699867	4699869	804
chr20	4699869	4699870	788
chr20	4699870	4699872	797
chr20	4699872	4699873	807
chr20	4699873	4699874	823
chr20	4699874	4699875	821
chr20	4699875	4699876	825
chr20	4699876	4699877	827
chr20	4699877	4699878	799
chr20	4699878	4699879	829
chr20	4699879	4699880	841
chr20	4699880	4699881	845
chr20	4699881	4699883	820
chr20	4699883	4699884	821
chr20	4699884	4699885	854
chr20	4699885	4699886	853
chr20	4699886	4699887	844
chr20	4699887	4699888	834
chr20	4699888	4699889	813
chr20	4699889	4699890	700
chr20	4699890	4699891	687
chr20	4699891	4699892	641
chr20	4699892	4699893	631
chr20	4699893	4699894	636
chr20	4699894	4699896	642
chr20	4699896	4699897	647
chr20	4699897	4699898	646
chr20	4699898	4699900	648
chr20	4699900	4699901	639
chr20	4699901	4699902	652
chr20	4699902	4699903	654
chr20	4699903	4699904	647
chr20	4699904	4699905	648
chr20	4699905	4699906	653
chr20	4699906	4699907	648
chr20	4699907	4699908	652
chr20	4699908	4699909	688
chr20	4699909	4699910	687
chr20	4699910	4699911	680
chr20	4699911	4699912	686
chr20	4699912	4699913	663
chr20	4699913	4699914	652
chr20	4699914	4699916	653
chr20	4699916	4699917	666
chr20	4699917	4699918	643
chr20	4699918	4699919	670
chr20	4699919	4699920	677
chr20	4699920	4699921	682
chr20	4699921	4699922	703
chr20	4699922	4699923	711
chr20	4699923	4699924	717
chr20	4699924	4699925	740
chr20	4699925	4699926	747
chr20	4699926	4699927	762
chr20	4699927	4699928	765
chr20	4699928	4699929	761
chr20	4699929	4699930	731
chr20	4699930	4699931	732
chr20	4699931	4699932	731
chr20	4699932	4699933	728
chr20	4699933	4699934	724
chr20	4699934	4699935	719
chr20	4699935	4699936	746
chr20	4699936	4699937	744
chr20	4699937	4699938	755
chr20	4699938	4699939	758
chr20	4699939	4699940	761
chr20	4699940	4699942	749
chr20	4699942	4699943	737
chr20	4699943	4699944	754
chr20	4699944	4699945	780
chr20	4699945	4699946	805
chr20	4699946	4699947	846
chr20	4699947	4699948	845
chr20	4699948	4699949	843
chr20	4699949	4699950	835
chr20	4699950	4699951	842
chr20	4699951	4699952	844
chr20	4699952	4699953	842
chr20	4699953	4699954	845
chr20	4699954	4699955	814
chr20	4699955	4699956	790
chr20	4699956	4699957	797
chr20	4699957	4699958	802
chr20	4699958	4699959	797
chr20	4699959	4699960	798
chr20	4699960	4699961	784
chr20	4699961	4699962	789
chr20	4699962	4699963	784
chr20	4699963	4699964	801
chr20	4699964	4699965	800
chr20	4699965	4699966	795
chr20	4699966	4699967	799
chr20	4699967	4699968	803
chr20	4699968	4699969	805
chr20	4699969	4699970	800
chr20	4699970	4699971	819
chr20	4699971	4699972	818
chr20	4699972	4699973	820
chr20	4699973	4699974	826
chr20	4699974	4699975	819
chr20	4699975	4699976	824
chr20	4699976	4699977	854
chr20	4699977	4699978	821
chr20	4699978	4699980	813
chr20	4699980	4699981	816
chr20	4699981	4699982	817
chr20	4699982	4699983	883
chr20	4699983	4699984	897
chr20	4699984	4699985	874
chr20	4699985	4699986	890
chr20	4699986	4699988	899
chr20	4699988	4699989	895
chr20	4699989	4699990	892
chr20	4699990	4699991	903
chr20	4699991	4699992	905
chr20	4699992	4699993	908
chr20	4699993	4699994	920
chr20	4699994	4699995	882
chr20	4699995	4699996	875
chr20	4699996	4699997	870
chr20	4699997	4699998	855
chr20	4699998	4699999	848
chr20	4699999	4700000	836
chr20	4700000	4700001	807
chr20	4700001	4700002	796
chr20	4700002	4700003	779
chr20	4700003	4700004	771
chr20	4700004	4700005	773
chr20	4700005	4700006	785
chr20	4700006	4700007	790
chr20	4700007	4700008	792
chr20	4700008	4700009	795
chr20	4700009	4700010	797
chr20	4700010	4700011	805
chr20	4700011	4700013	782
chr20	4700013	4700014	772
chr20	4700014	4700015	775
chr20	4700015	4700016	807
chr20	4700016	4700017	818
chr20	4700017	4700018	819
chr20	4700018	4700019	822
chr20	4700019	4700020	801
chr20	4700020	4700021	768
chr20	4700021	4700022	759
chr20	4700022	4700023	744
chr20	4700023	4700024	742
chr20	4700024	4700026	745
chr20	4700026	4700029	739
chr20	4700029	4700031	738
chr20	4700031	4700032	737
chr20	4700032	4700033	728
chr20	4700033	4700034	733
chr20	4700034	4700035	734
chr20	4700035	4700036	740
chr20	4700036	4700037	734
chr20	4700037	4700038	756
chr20	4700038	4700039	757
chr20	4700039	4700040	738
chr20	4700040	4700041	739
chr20	4700041	4700042	747
chr20	4700042	4700043	746
chr20	4700043	4700044	760
chr20	4700044	4700045	756
chr20	4700045	4700046	769
chr20	4700046	4700047	758
chr20	4700047	4700049	763
chr20	4700049	4700050	760
chr20	4700050	4700051	766
chr20	4700051	4700052	772
chr20	4700052	4700053	752
chr20	4700053	4700054	757
chr20	4700054	4700055	799
chr20	4700055	4700056	817
chr20	4700056	4700057	828
chr20	4700057	4700058	836
chr20	4700058	4700059	760
chr20	4700059	4700060	743
chr20	4700060	4700061	741
chr20	4700061	4700062	720
chr20	4700062	4700063	723
chr20	4700063	4700064	729
chr20	4700064	4700065	725
chr20	4700065	4700066	736
chr20	4700066	4700068	725
chr20	4700068	4700069	724
chr20	4700069	4700070	743
chr20	4700070	4700071	782
chr20	4700071	4700072	781
chr20	4700072	4700074	788
chr20	4700074	4700075	803
chr20	4700075	4700076	801
chr20	4700076	4700077	847
chr20	4700077	4700078	845
chr20	4700078	4700079	849
chr20	4700079	4700080	839
chr20	4700080	4700081	834
chr20	4700081	4700083	832
chr20	4700083	4700084	835
chr20	4700084	4700086	830
chr20	4700086	4700087	828
chr20	4700087	4700088	837
chr20	4700088	4700090	853
chr20	4700090	4700091	842
chr20	4700091	4700092	819
chr20	4700092	4700093	807
chr20	4700093	4700094	868
chr20	4700094	4700095	886
chr20	4700095	4700096	908
chr20	4700096	4700097	944
chr20	4700097	4700098	938
chr20	4700098	4700099	934
chr20	4700099	4700100	939
chr20	4700100	4700102	935
chr20	4700102	4700103	940
chr20	4700103	4700104	959
chr20	4700104	4700106	956
chr20	4700106	4700107	958
chr20	4700107	4700108	951
chr20	4700108	4700111	966
chr20	4700111	4700112	952
chr20	4700112	4700113	942
chr20	4700113	4700114	922
chr20	4700114	4700115	934
chr20	4700115	4700116	955
chr20	4700116	4700117	946
chr20	4700117	4700118	944
chr20	4700118	4700120	943
chr20	4700120	4700121	948
chr20	4700121	4700122	934
chr20	4700122	4700123	956
chr20	4700123	4700124	952
chr20	4700124	4700125	951
chr20	4700125	4700126	952
chr20	4700126	4700127	948
chr20	4700127	4700128	947
chr20	4700128	4700129	938
chr20	4700129	4700130	935
chr20	4700130	4700131	900
chr20	4700131	4700132	875
chr20	4700132	4700133	867
chr20	4700133	4700134	875
chr20	4700134	4700135	933
chr20	4700135	4700136	1000
chr20	4700136	4700137	1024
chr20	4700137	4700139	1029
chr20	4700139	4700140	1018
chr20	4700140	4700141	1039
chr20	4700141	4700142	1032
chr20	4700142	4700143	1035
chr20	4700143	4700144	1029
chr20	4700144	4700145	1012
chr20	4700145	4700146	985
chr20	4700146	4700147	993
chr20	4700147	4700148	985
chr20	4700148	4700149	978
chr20	4700149	4700152	980
#bedGraph section chr20:4700152-4701212
chr20	4700152	4700153	1032
chr20	4700153	4700154	1039
chr20	4700154	4700155	1050
chr20	4700155	4700156	1053
chr20	4700156	4700158	1088
chr20	4700158	4700159	1092
chr20	4700159	4700160	1102
chr20	4700160	4700161	1109
chr20	4700161	4700162	1101
chr20	4700162	4700163	1103
chr20	4700163	4700164	1093
chr20	4700164	4700165	1072
chr20	4700165	4700166	1082
chr20	4700166	4700167	1084
chr20	4700167	4700168	1077
chr20	4700168	4700169	1081
chr20	4700169	4700170	1023
chr20	4700170	4700171	1006
chr20	4700171	4700172	985
chr20	4700172	4700173	943
chr20	4700173	4700174	969
chr20	4700174	4700175	945
chr20	4700175	4700176	948
chr20	4700176	4700177	951
chr20	4700177	4700178	948
chr20	4700178	4700179	972
chr20	4700179	4700181	969
chr20	4700181	4700182	956
chr20	4700182	4700183	955
chr20	4700183	4700184	984
chr20	4700184	4700185	965
chr20	4700185	4700187	954
chr20	4700187	4700188	964
chr20	4700188	4700189	979
chr20	4700189	4700190	985
chr20	4700190	4700191	981
chr20	4700191	4700193	965
chr20	4700193	4700194	964
chr20	4700194	4700195	969
chr20	4700195	4700196	966
chr20	4700196	4700197	967
chr20	4700197	4700198	978
chr20	4700198	4700199	950
chr20	4700199	4700200	966
chr20	4700200	4700201	971
chr20	4700201	4700202	982
chr20	4700202	4700203	985
chr20	4700203	4700204	979
chr20	4700204	4700205	983
chr20	4700205	4700206	1007
chr20	4700206	4700207	1013
chr20	4700207	4700208	1029
chr20	4700208	4700209	1039
chr20	4700209	4700210	1036
chr20	4700210	4700211	1058
chr20	4700211	4700212	1004
chr20	4700212	4700213	972
chr20	4700213	4700214	969
chr20	4700214	4700215	967
chr20	4700215	4700216	986
chr20	4700216	4700217	980
chr20	4700217	4700218	988
chr20	4700218	4700219	996
chr20	4700219	4700220	998
chr20	4700220	4700221	1004
chr20	4700221	4700222	1011
chr20	4700222	4700223	980
chr20	4700223	4700224	1005
chr20	4700224	4700225	1009
chr20	4700225	4700226	1011
chr20	4700226	4700227	1039
chr20	4700227	4700228	1058
chr20	4700228	4700229	979
chr20	4700229	4700230	974
chr20	4700230	4700231	972
chr20	4700231	4700232	952
chr20	4700232	4700233	936
chr20	4700233	4700234	932
chr20	4700234	4700235	927
chr20	4700235	4700236	924
chr20	4700236	4700237	917
chr20	4700237	4700238	923
chr20	4700238	4700239	924
chr20	4700239	4700240	930
chr20	4700240	4700241	928
chr20	4700241	4700242	919
chr20	4700242	4700243	934
chr20	4700243	4700245	948
chr20	4700245	4700246	942
chr20	4700246	4700247	964
chr20	4700247	4700248	971
chr20	4700248	4700249	999
chr20	4700249	4700250	997
chr20	4700250	4700251	1003
chr20	4700251	4700253	1007
chr20	4700253	4700254	1003
chr20	4700254	4700255	994
chr20	4700255	4700256	976
chr20	4700256	4700257	980
chr20	4700257	4700258	986
chr20	4700258	4700259	987
chr20	4700259	4700260	984
chr20	4700260	4700261	1002
chr20	4700261	4700262	1001
chr20	4700262	4700263	1004
chr20	4700263	4700264	997
chr20	4700264	4700265	974
chr20	4700265	4700266	967
chr20	4700266	4700267	970
chr20	4700267	4700268	962
chr20	4700268	4700270	960
chr20	4700270	4700271	961
chr20	4700271	4700272	942
chr20	4700272	4700273	944
chr20	4700273	4700274	950
chr20	4700274	4700275	957
chr20	4700275	4700276	947
chr20	4700276	4700277	948
chr20	4700277	4700279	932
chr20	4700279	4700280	950
chr20	4700280	4700281	940
chr20	4700281	4700282	926
chr20	4700282	4700283	918
chr20	4700283	4700284	900
chr20	4700284	4700285	918
chr20	4700285	4700286	928
chr20	4700286	4700287	890
chr20	4700287	4700288	872
chr20	4700288	4700289	878
chr20	4700289	4700290	885
chr20	4700290	4700291	911
chr20	4700291	4700292	894
chr20	4700292	4700293	907
chr20	4700293	4700294	908
chr20	4700294	4700295	916
chr20	4700295	4700296	921
chr20	4700296	4700297	922
chr20	4700297	4700298	942
chr20	4700298	4700299	960
chr20	4700299	4700300	951
chr20	4700300	4700301	954
chr20	4700301	4700302	949
chr20	4700302	4700303	908
chr20	4700303	4700304	890
chr20	4700304	4700305	878
chr20	4700305	4700306	898
chr20	4700306	4700307	909
chr20	4700307	4700308	912
chr20	4700308	4700309	968
chr20	4700309	4700310	976
chr20	4700310	4700311	1028
chr20	4700311	4700312	1039
chr20	4700312	4700313	1067
chr20	4700313	4700314	1057
chr20	4700314	4700315	1055
chr20	4700315	4700316	1066
chr20	4700316	4700317	1087
chr20	4700317	4700318	1142
chr20	4700318	4700319	1123
chr20	4700319	4700321	1112
chr20	4700321	4700322	1120
chr20	4700322	4700323	1112
chr20	4700323	4700324	1113
chr20	4700324	4700325	1087
chr20	4700325	4700326	1071
chr20	4700326	4700327	1073
chr20	4700327	4700328	1071
chr20	4700328	4700329	1069
chr20	4700329	4700330	1070
chr20	4700330	4700331	1087
chr20	4700331	4700332	1106
chr20	4700332	4700333	1116
chr20	4700333	4700334	1137
chr20	4700334	4700335	1139
chr20	4700335	4700336	1118
chr20	4700336	4700337	1093
chr20	4700337	4700338	1100
chr20	4700338	4700339	1091
chr20	4700339	4700340	1095
chr20	4700340	4700341	1100
chr20	4700341	4700342	1099
chr20	4700342	4700343	1087
chr20	4700343	4700344	1090
chr20	4700344	4700345	1094
chr20	4700345	4700346	1093
chr20	4700346	4700347	1089
chr20	4700347	4700349	1087
chr20	4700349	4700350	1080
chr20	4700350	4700351	1065
chr20	4700351	4700352	1097
chr20	4700352	4700353	1105
chr20	4700353	4700354	1112
chr20	4700354	4700355	1138
chr20	4700355	4700356	1146
chr20	4700356	4700357	1179
chr20	4700357	4700358	1175
chr20	4700358	4700359	1174
chr20	4700359	4700360	1184
chr20	4700360	4700361	1151
chr20	4700361	4700362	1137
chr20	4700362	4700363	1097
chr20	4700363	4700364	1096
chr20	4700364	4700365	1103
chr20	4700365	4700366	1106
chr20	4700366	4700368	1157
chr20	4700368	4700369	1126
chr20	4700369	4700370	1131
chr20	4700370	4700371	1143
chr20	4700371	4700372	1141
chr20	4700372	4700373	1137
chr20	4700373	4700375	1078
chr20	4700375	4700376	1090
chr20	4700376	4700377	1099
chr20	4700377	4700378	1115
chr20	4700378	4700379	1119
chr20	4700379	4700380	1121
chr20	4700380	4700381	1131
chr20	4700381	4700382	1138
chr20	4700382	4700383	1174
chr20	4700383	4700384	1182
chr20	4700384	4700385	1147
chr20	4700385	4700386	1167
chr20	4700386	4700387	1150
chr20	4700387	4700388	1199
chr20	4700388	4700390	1195
chr20	4700390	4700391	1203
chr20	4700391	4700392	1182
chr20	4700392	4700393	1169
chr20	4700393	4700394	1118
chr20	4700394	4700395	1128
chr20	4700395	4700396	1125
chr20	4700396	4700397	1114
chr20	4700397	4700398	1120
chr20	4700398	4700399	1123
chr20	4700399	4700400	1112
chr20	4700400	4700401	1109
chr20	4700401	4700403	1086
chr20	4700403	4700404	1080
chr20	4700404	4700405	1078
chr20	4700405	4700406	1086
chr20	4700406	4700407	1056
chr20	4700407	4700408	1053
chr20	4700408	4700409	1048
chr20	4700409	4700410	1029
chr20	4700410	4700411	1040
chr20	4700411	4700412	1051
chr20	4700412	4700413	1053
chr20	4700413	4700414	1058
chr20	4700414	4700415	1079
chr20	4700415	4700416	1108
chr20	4700416	4700417	1110
chr20	4700417	4700418	1106
chr20	4700418	4700420	1105
chr20	4700420	4700421	1112
chr20	4700421	4700422	1118
chr20	4700422	4700423	1116
chr20	4700423	4700424	1119
chr20	4700424	4700425	1111
chr20	4700425	4700426	1102
chr20	4700426	4700427	1103
chr20	4700427	4700428	1075
chr20	4700428	4700430	1111
chr20	4700430	4700431	1066
chr20	4700431	4700432	1076
chr20	4700432	4700433	1050
chr20	4700433	4700434	1043
chr20	4700434	4700435	1051
chr20	4700435	4700436	1073
chr20	4700436	4700437	1088
chr20	4700437	4700438	1112
chr20	4700438	4700439	1119
chr20	4700439	4700440	1125
chr20	4700440	4700441	1122
chr20	4700441	4700442	1125
chr20	4700442	4700443	1053
chr20	4700443	4700444	1067
chr20	4700444	4700445	1060
chr20	4700445	4700446	1055
chr20	4700446	4700448	1043
chr20	4700448	4700449	1048
chr20	4700449	4700450	1062
chr20	4700450	4700451	1072
chr20	4700451	4700452	1052
chr20	4700452	4700453	1054
chr20	4700453	4700454	1044
chr20	4700454	4700455	1043
chr20	4700455	4700456	1037
chr20	4700456	4700457	1022
chr20	4700457	4700458	996
chr20	4700458	4700459	949
chr20	4700459	4700460	952
chr20	4700460	4700461	929
chr20	4700461	4700462	895
chr20	4700462	4700463	864
chr20	4700463	4700464	811
chr20	4700464	4700465	800
chr20	4700465	4700466	802
chr20	4700466	4700467	794
chr20	4700467	4700468	803
chr20	4700468	4700469	813
chr20	4700469	4700470	876
chr20	4700470	4700471	868
chr20	4700471	4700472	865
chr20	4700472	4700473	867
chr20	4700473	4700474	861
chr20	4700474	4700475	845
chr20	4700475	4700476	868
chr20	4700476	4700477	864
chr20	4700477	4700478	893
chr20	4700478	4700479	905
chr20	4700479	4700480	902
chr20	4700480	4700481	905
chr20	4700481	4700482	898
chr20	4700482	4700483	976
chr20	4700483	4700484	1004
chr20	4700484	4700485	999
chr20	4700485	4700486	993
chr20	4700486	4700487	987
chr20	4700487	4700488	981
chr20	4700488	4700489	1006
chr20	4700489	4700490	997
chr20	4700490	4700491	980
chr20	4700491	4700492	962
chr20	4700492	4700493	961
chr20	4700493	4700494	966
chr20	4700494	4700495	1073
chr20	4700495	4700496	1071
chr20	4700496	4700497	1067
chr20	4700497	4700498	1058
chr20	4700498	4700499	1057
chr20	4700499	4700500	1072
chr20	4700500	4700501	1089
chr20	4700501	4700502	1126
chr20	4700502	4700503	1123
chr20	4700503	4700504	1121
chr20	4700504	4700505	1071
chr20	4700505	4700506	1065
chr20	4700506	4700507	1059
chr20	4700507	4700508	1039
chr20	4700508	4700509	1045
chr20	4700509	4700510	1081
chr20	4700510	4700511	1102
chr20	4700511	4700512	1089
chr20	4700512	4700513	1083
chr20	4700513	4700514	1079
chr20	4700514	4700515	1101
chr20	4700515	4700516	1097
chr20	4700516	4700517	1100
chr20	4700517	4700518	1092
chr20	4700518	4700519	1119
chr20	4700519	4700520	1111
chr20	4700520	4700521	1164
chr20	4700521	4700522	1165
chr20	4700522	4700523	1153
chr20	4700523	4700525	1160
chr20	4700525	4700526	1151
chr20	4700526	4700527	1130
chr20	4700527	4700528	1131
chr20	4700528	4700529	1118
chr20	4700529	4700530	1138
chr20	4700530	4700531	1153
chr20	4700531	4700532	1164
chr20	4700532	4700533	1179
chr20	4700533	4700534	1176
chr20	4700534	4700535	1207
chr20	4700535	4700536	1196
chr20	4700536	4700537	1200
chr20	4700537	4700538	1204
chr20	4700538	4700539	1199
chr20	4700539	4700540	1231
chr20	4700540	4700541	1230
chr20	4700541	4700542	1228
chr20	4700542	4700543	1229
chr20	4700543	4700544	1228
chr20	4700544	4700545	1221
chr20	4700545	4700546	1177
chr20	4700546	4700547	1197
chr20	4700547	4700548	1248
chr20	4700548	4700550	1260
chr20	4700550	4700551	1264
chr20	4700551	4700552	1238
chr20	4700552	4700553	1237
chr20	4700553	4700554	1229
chr20	4700554	4700555	1216
chr20	4700555	4700556	1217
chr20	4700556	4700557	1221
chr20	4700557	4700558	1228
chr20	4700558	4700559	1162
chr20	4700559	4700561	1133
chr20	4700561	4700562	1130
chr20	4700562	4700563	1145
chr20	4700563	4700564	1166
chr20	4700564	4700565	1183
chr20	4700565	4700566	1213
chr20	4700566	4700567	1227
chr20	4700567	4700568	1229
chr20	4700568	4700569	1242
chr20	4700569	4700570	1273
chr20	4700570	4700571	1181
chr20	4700571	4700572	1182
chr20	4700572	4700573	1187
chr20	4700573	4700574	1192
chr20	4700574	4700575	1198
chr20	4700575	4700576	1182
chr20	4700576	4700577	1164
chr20	4700577	4700578	1124
chr20	4700578	4700579	1119
chr20	4700579	4700580	1132
chr20	4700580	4700581	1150
chr20	4700581	4700582	1158
chr20	4700582	4700583	1177
chr20	4700583	4700584	1173
chr20	4700584	4700585	1169
chr20	4700585	4700586	1159
chr20	4700586	4700587	1140
chr20	4700587	4700588	1145
chr20	4700588	4700589	1146
chr20	4700589	4700590	1125
chr20	4700590	4700591	1097
chr20	4700591	4700592	1114
chr20	4700592	4700593	1111
chr20	4700593	4700594	1151
chr20	4700594	4700595	1131
chr20	4700595	4700596	1125
chr20	4700596	4700597	1081
chr20	4700597	4700598	1070
chr20	4700598	4700599	1100
chr20	4700599	4700600	1084
chr20	4700600	4700601	1073
chr20	4700601	4700602	1076
chr20	4700602	4700603	1085
chr20	4700603	4700604	1078
chr20	4700604	4700605	1084
chr20	4700605	4700606	1058
chr20	4700606	4700607	1036
chr20	4700607	4700608	1030
chr20	4700608	4700609	1020
chr20	4700609	4700610	1110
chr20	4700610	4700611	1079
chr20	4700611	4700612	1100
chr20	4700612	4700613	1104
chr20	4700613	4700614	1113
chr20	4700614	4700615	1136
chr20	4700615	4700616	1147
chr20	4700616	4700617	1203
chr20	4700617	4700618	1255
chr20	4700618	4700619	1303
chr20	4700619	4700620	1341
chr20	4700620	4700621	1363
chr20	4700621	4700622	1348
chr20	4700622	4700623	1358
chr20	4700623	4700624	1304
chr20	4700624	4700625	1292
chr20	4700625	4700626	1296
chr20	4700626	4700627	1295
chr20	4700627	4700628	1314
chr20	4700628	4700629	1318
chr20	4700629	4700630	1310
chr20	4700630	4700631	1301
chr20	4700631	4700632	1308
chr20	4700632	4700633	1321
chr20	4700633	4700634	1305
chr20	4700634	4700635	1294
chr20	4700635	4700636	1297
chr20	4700636	4700637	1322
chr20	4700637	4700638	1357
chr20	4700638	4700639	1340
chr20	4700639	4700640	1372
chr20	4700640	4700641	1341
chr20	4700641	4700642	1315
chr20	4700642	4700643	1304
chr20	4700643	4700644	1295
chr20	4700644	4700645	1289
chr20	4700645	4700646	1262
chr20	4700646	4700647	1261
chr20	4700647	4700648	1273
chr20	4700648	4700649	1272
chr20	4700649	4700650	1269
chr20	4700650	4700651	1275
chr20	4700651	4700652	1303
chr20	4700652	4700653	1307
chr20	4700653	4700654	1314
chr20	4700654	4700655	1315
chr20	4700655	4700656	1302
chr20	4700656	4700657	1281
chr20	4700657	4700658	1278
chr20	4700658	4700659	1258
chr20	4700659	4700660	1260
chr20	4700660	4700661	1250
chr20	4700661	4700662	1224
chr20	4700662	4700663	1238
chr20	4700663	4700664	1228
chr20	4700664	4700666	1219
chr20	4700666	4700667	1213
chr20	4700667	4700668	1215
chr20	4700668	4700669	1208
chr20	4700669	4700670	1189
chr20	4700670	4700671	1177
chr20	4700671	4700672	1178
chr20	4700672	4700673	1168
chr20	4700673	4700674	1175
chr20	4700674	4700675	1146
chr20	4700675	4700676	1150
chr20	4700676	4700677	1158
chr20	4700677	4700678	1157
chr20	4700678	4700679	1159
chr20	4700679	4700680	1213
chr20	4700680	4700681	1224
chr20	4700681	4700682	1261
chr20	4700682	4700683	1282
chr20	4700683	4700684	1280
chr20	4700684	4700685	1279
chr20	4700685	4700686	1196
chr20	4700686	4700687	1201
chr20	4700687	4700688	1168
chr20	4700688	4700689	1163
chr20	4700689	4700690	1184
chr20	4700690	4700691	1165
chr20	4700691	4700692	1143
chr20	4700692	4700693	1104
chr20	4700693	4700694	1052
chr20	4700694	4700695	972
chr20	4700695	4700697	1001
chr20	4700697	4700698	1039
chr20	4700698	4700699	1029
chr20	4700699	4700700	1037
chr20	4700700	4700701	1041
chr20	4700701	4700702	1048
chr20	4700702	4700703	1043
chr20	4700703	4700704	1051
chr20	4700704	4700705	1049
chr20	4700705	4700706	1051
chr20	4700706	4700707	1057
chr20	4700707	4700708	1046
chr20	4700708	4700709	1060
chr20	4700709	4700710	1066
chr20	4700710	4700711	1060
chr20	4700711	4700712	1063
chr20	4700712	4700714	1059
chr20	4700714	4700715	1063
chr20	4700715	4700716	999
chr20	4700716	4700717	1003
chr20	4700717	4700718	1022
chr20	4700718	4700719	1039
chr20	4700719	4700720	1062
chr20	4700720	4700721	1076
chr20	4700721	4700722	1088
chr20	4700722	4700724	1081
chr20	4700724	4700725	1216
chr20	4700725	4700726	1212
chr20	4700726	4700727	1207
chr20	4700727	4700728	1220
chr20	4700728	4700729	1284
chr20	4700729	4700730	1340
chr20	4700730	4700731	1361
chr20	4700731	4700732	1393
chr20	4700732	4700733	1434
chr20	4700733	4700734	1461
chr20	4700734	4700735	1469
chr20	4700735	4700736	1466
chr20	4700736	4700737	1488
chr20	4700737	4700738	1493
chr20	4700738	4700739	1492
chr20	4700739	4700741	1500
chr20	4700741	4700742	1511
chr20	4700742	4700743	1514
chr20	4700743	4700744	1516
chr20	4700744	4700745	1522
chr20	4700745	4700746	1495
chr20	4700746	4700747	1497
chr20	4700747	4700748	1499
chr20	4700748	4700749	1502
chr20	4700749	4700750	1509
chr20	4700750	4700751	1582
chr20	4700751	4700752	1584
chr20	4700752	4700753	1581
chr20	4700753	4700754	1582
chr20	4700754	4700755	1601
chr20	4700755	4700756	1552
chr20	4700756	4700757	1531
chr20	4700757	4700758	1505
chr20	4700758	4700759	1484
chr20	4700759	4700760	1486
chr20	4700760	4700761	1476
chr20	4700761	4700762	1490
chr20	4700762	4700764	1492
chr20	4700764	4700765	1489
chr20	4700765	4700766	1462
chr20	4700766	4700767	1451
chr20	4700767	4700768	1427
chr20	4700768	4700769	1444
chr20	4700769	4700770	1456
chr20	4700770	4700771	1460
chr20	4700771	4700772	1407
chr20	4700772	4700773	1398
chr20	4700773	4700774	1367
chr20	4700774	4700775	1370
chr20	4700775	4700776	1371
chr20	4700776	4700777	1385
chr20	4700777	4700778	1441
chr20	4700778	4700779	1452
chr20	4700779	4700780	1427
chr20	4700780	4700781	1425
chr20	4700781	4700782	1458
chr20	4700782	4700783	1463
chr20	4700783	4700784	1474
chr20	4700784	4700785	1438
chr20	4700785	4700787	1424
chr20	4700787	4700788	1415
chr20	4700788	4700789	1401
chr20	4700789	4700790	1366
chr20	4700790	4700791	1359
chr20	4700791	4700792	1363
chr20	4700792	4700793	1362
chr20	4700793	4700794	1358
chr20	4700794	4700795	1360
chr20	4700795	4700796	1325
chr20	4700796	4700797	1369
chr20	4700797	4700798	1502
chr20	4700798	4700799	1524
chr20	4700799	4700800	1528
chr20	4700800	4700801	1397
chr20	4700801	4700802	1402
chr20	4700802	4700803	1417
chr20	4700803	4700804	1374
chr20	4700804	4700805	1329
chr20	4700805	4700806	1259
chr20	4700806	4700807	1248
chr20	4700807	4700808	1398
chr20	4700808	4700809	1375
chr20	4700809	4700810	1405
chr20	4700810	4700811	1400
chr20	4700811	4700812	1406
chr20	4700812	4700813	1397
chr20	4700813	4700814	1430
chr20	4700814	4700815	1470
chr20	4700815	4700816	1475
chr20	4700816	4700817	1536
chr20	4700817	4700818	1532
chr20	4700818	4700819	1618
chr20	4700819	4700820	1620
chr20	4700820	4700821	1647
chr20	4700821	4700822	1667
chr20	4700822	4700823	1666
chr20	4700823	4700824	1707
chr20	4700824	4700825	1705
chr20	4700825	4700826	1714
chr20	4700826	4700827	1663
chr20	4700827	4700828	1667
chr20	4700828	4700829	1686
chr20	4700829	4700830	1687
chr20	4700830	4700831	1657
chr20	4700831	4700832	1699
chr20	4700832	4700833	1713
chr20	4700833	4700834	1783
chr20	4700834	4700835	1846
chr20	4700835	4700836	1939
chr20	4700836	4700837	1962
chr20	4700837	4700838	1966
chr20	4700838	4700839	2047
chr20	4700839	4700840	2071
chr20	4700840	4700841	2149
chr20	4700841	4700842	2161
chr20	4700842	4700843	2167
chr20	4700843	4700844	2174
chr20	4700844	4700845	2154
chr20	4700845	4700846	2185
chr20	4700846	4700847	2188
chr20	4700847	4700848	2227
chr20	4700848	4700849	2242
chr20	4700849	4700850	2235
chr20	4700850	4700851	2216
chr20	4700851	4700852	2223
chr20	4700852	4700853	2238
chr20	4700853	4700854	2174
chr20	4700854	4700855	2166
chr20	4700855	4700857	2167
chr20	4700857	4700858	2136
chr20	4700858	4700859	2125
chr20	4700859	4700860	2113
chr20	4700860	4700861	2109
chr20	4700861	4700862	2111
chr20	4700862	4700863	2167
chr20	4700863	4700864	2183
chr20	4700864	4700865	2209
chr20	4700865	4700866	2212
chr20	4700866	4700867	2224
chr20	4700867	4700868	2251
chr20	4700868	4700869	2290
chr20	4700869	4700870	2309
chr20	4700870	4700871	2349
chr20	4700871	4700872	2366
chr20	4700872	4700873	2341
chr20	4700873	4700874	2203
chr20	4700874	4700875	2226
chr20	4700875	4700876	2237
chr20	4700876	4700877	2262
chr20	4700877	4700878	2306
chr20	4700878	4700879	2367
chr20	4700879	4700880	2373
chr20	4700880	4700881	2369
chr20	4700881	4700882	2379
chr20	4700882	4700883	2409
chr20	4700883	4700884	2234
chr20	4700884	4700885	2195
chr20	4700885	4700888	2190
chr20	4700888	4700889	2205
chr20	4700889	4700890	2195
chr20	4700890	4700891	2191
chr20	4700891	4700892	2189
chr20	4700892	4700893	2127
chr20	4700893	4700894	2135
chr20	4700894	4700895	2063
chr20	4700895	4700896	2052
chr20	4700896	4700897	2134
chr20	4700897	4700898	2143
chr20	4700898	4700899	2169
chr20	4700899	4700900	2148
chr20	4700900	4700901	2150
chr20	4700901	4700902	2155
chr20	4700902	4700903	2135
chr20	4700903	4700904	2167
chr20	4700904	4700905	2197
chr20	4700905	4700906	2201
chr20	4700906	4700907	2225
chr20	4700907	4700908	2214
chr20	4700908	4700909	2216
chr20	4700909	4700910	2131
chr20	4700910	4700911	2087
chr20	4700911	4700912	2015
chr20	4700912	4700913	1995
chr20	4700913	4700914	1994
chr20	4700914	4700915	1919
chr20	4700915	4700916	1967
chr20	4700916	4700917	1920
chr20	4700917	4700918	1925
chr20	4700918	4700919	1917
chr20	4700919	4700920	1908
chr20	4700920	4700921	1909
chr20	4700921	4700922	1883
chr20	4700922	4700923	1881
chr20	4700923	4700924	1842
chr20	4700924	4700925	1827
chr20	4700925	4700926	1806
chr20	4700926	4700927	1860
chr20	4700927	4700928	1848
chr20	4700928	4700930	1817
chr20	4700930	4700931	1815
chr20	4700931	4700932	1821
chr20	4700932	4700933	1838
chr20	4700933	4700934	1857
chr20	4700934	4700935	1910
chr20	4700935	4700936	1921
chr20	4700936	4700937	1950
chr20	4700937	4700938	2117
chr20	4700938	4700939	2097
chr20	4700939	4700940	2136
chr20	4700940	4700941	2123
chr20	4700941	4700942	2141
chr20	4700942	4700943	2132
chr20	4700943	4700945	2169
chr20	4700945	4700946	2138
chr20	4700946	4700947	2079
chr20	4700947	4700948	2083
chr20	4700948	4700949	2043
chr20	4700949	4700950	2074
chr20	4700950	4700951	2040
chr20	4700951	4700952	2024
chr20	4700952	4700953	1988
chr20	4700953	4700954	1954
chr20	4700954	4700955	1905
chr20	4700955	4700956	1908
chr20	4700956	4700957	1907
chr20	4700957	4700958	1902
chr20	4700958	4700960	1880
chr20	4700960	4700961	1918
chr20	4700961	4700962	1988
chr20	4700962	4700963	2060
chr20	4700963	4700964	2072
chr20	4700964	4700965	2061
chr20	4700965	4700966	2035
chr20	4700966	4700967	1975
chr20	4700967	4700968	1966
chr20	4700968	4700969	1988
chr20	4700969	4700970	1984
chr20	4700970	4700971	1995
chr20	4700971	4700972	2015
chr20	4700972	4700973	1911
chr20	4700973	4700974	1881
chr20	4700974	4700975	1864
chr20	4700975	4700977	1848
chr20	4700977	4700978	1832
chr20	4700978	4700979	1827
chr20	4700979	4700980	1786
chr20	4700980	4700981	1774
chr20	4700981	4700982	1771
chr20	4700982	4700983	1761
chr20	4700983	4700984	1951
chr20	4700984	4700985	1936
chr20	4700985	4700986	1952
chr20	4700986	4700987	1954
chr20	4700987	4700988	1947
chr20	4700988	4700989	1976
chr20	4700989	4700990	2002
chr20	4700990	4700991	2058
chr20	4700991	4700992	2000
chr20	4700992	4700993	2046
chr20	4700993	4700994	2074
chr20	4700994	4700995	2080
chr20	4700995	4700996	2089
chr20	4700996	4700997	2090
chr20	4700997	4700998	2074
chr20	4700998	4700999	2075
chr20	4700999	4701000	2069
chr20	4701000	4701001	2067
chr20	4701001	4701002	2089
chr20	4701002	4701003	2042
chr20	4701003	4701004	2107
chr20	4701004	4701005	2115
chr20	4701005	4701006	2113
chr20	4701006	4701007	2115
chr20	4701007	4701008	2103
chr20	4701008	4701009	2078
chr20	4701009	4701010	2073
chr20	4701010	4701011	2030
chr20	4701011	4701012	2018
chr20	4701012	4701013	1997
chr20	4701013	4701014	1832
chr20	4701014	4701015	1814
chr20	4701015	4701016	1755
chr20	4701016	4701017	1739
chr20	4701017	4701018	1717
chr20	4701018	4701019	1718
chr20	4701019	4701020	1702
chr20	4701020	4701021	1707
chr20	4701021	4701022	1722
chr20	4701022	4701023	1710
chr20	4701023	4701024	1705
chr20	4701024	4701025	1715
chr20	4701025	4701026	1791
chr20	4701026	4701027	1789
chr20	4701027	4701028	1859
chr20	4701028	4701029	1880
chr20	4701029	4701030	1871
chr20	4701030	4701031	1859
chr20	4701031	4701032	1857
chr20	4701032	4701033	1843
chr20	4701033	4701034	1819
chr20	4701034	4701035	1818
chr20	4701035	4701036	1865
chr20	4701036	4701037	1830
chr20	4701037	4701038	1729
chr20	4701038	4701039	1665
chr20	4701039	4701040	1646
chr20	4701040	4701041	1636
chr20	4701041	4701042	1650
chr20	4701042	4701043	1654
chr20	4701043	4701044	1667
chr20	4701044	4701045	1644
chr20	4701045	4701046	1675
chr20	4701046	4701047	1722
chr20	4701047	4701048	1700
chr20	4701048	4701049	1698
chr20	4701049	4701050	1750
chr20	4701050	4701051	1831
chr20	4701051	4701052	1940
chr20	4701052	4701053	1938
chr20	4701053	4701054	1931
chr20	4701054	4701055	1947
chr20	4701055	4701056	1963
chr20	4701056	4701057	1927
chr20	4701057	4701058	1925
chr20	4701058	4701059	1929
chr20	4701059	4701060	1712
chr20	4701060	4701061	1709
chr20	4701061	4701062	1688
chr20	4701062	4701063	1668
chr20	4701063	4701064	1677
chr20	4701064	4701065	1642
chr20	4701065	4701066	1604
chr20	4701066	4701067	1560
chr20	4701067	4701068	1542
chr20	4701068	4701069	1477
chr20	4701069	4701070	1468
chr20	4701070	4701071	1457
chr20	4701071	4701072	1451
chr20	4701072	4701073	1442
chr20	4701073	4701074	1448
chr20	4701074	4701075	1440
chr20	4701075	4701076	1453
chr20	4701076	4701077	1456
chr20	4701077	4701078	1445
chr20	4701078	4701079	1443
chr20	4701079	4701080	1404
chr20	4701080	4701081	1393
chr20	4701081	4701083	1391
chr20	4701083	4701084	1396
chr20	4701084	4701085	1425
chr20	4701085	4701086	1419
chr20	4701086	4701087	1410
chr20	4701087	4701088	1413
chr20	4701088	4701089	1416
chr20	4701089	4701090	1415
chr20	4701090	4701091	1416
chr20	4701091	4701092	1423
chr20	4701092	4701093	1424
chr20	4701093	4701094	1440
chr20	4701094	4701095	1529
chr20	4701095	4701096	1509
chr20	4701096	4701097	1456
chr20	4701097	4701098	1439
chr20	4701098	4701099	1442
chr20	4701099	4701100	1430
chr20	4701100	4701101	1477
chr20	4701101	4701102	1356
chr20	4701102	4701103	1364
chr20	4701103	4701104	1310
chr20	4701104	4701105	1287
chr20	4701105	4701106	1300
chr20	4701106	4701107	1297
chr20	4701107	4701108	1301
chr20	4701108	4701109	1302
chr20	4701109	4701110	1339
chr20	4701110	4701111	1373
chr20	4701111	4701112	1360
chr20	4701112	4701113	1410
chr20	4701113	4701114	1429
chr20	4701114	4701115	1435
chr20	4701115	4701116	1442
chr20	4701116	4701117	1443
chr20	4701117	4701118	1448
chr20	4701118	4701119	1441
chr20	4701119	4701120	1429
chr20	4701120	4701121	1449
chr20	4701121	4701122	1408
chr20	4701122	4701123	1342
chr20	4701123	4701124	1350
chr20	4701124	4701125	1347
chr20	4701125	4701126	1225
chr20	4701126	4701127	1119
chr20	4701127	4701128	1087
chr20	4701128	4701129	1114
chr20	4701129	4701130	1143
chr20	4701130	4701131	1141
chr20	4701131	4701132	1137
chr20	4701132	4701133	1132
chr20	4701133	4701134	1131
chr20	4701134	4701135	1121
chr20	4701135	4701136	1110
chr20	4701136	4701137	1114
chr20	4701137	4701138	1126
chr20	4701138	4701139	1141
chr20	4701139	4701140	1111
chr20	4701140	4701141	1105
chr20	4701141	4701142	1107
chr20	4701142	4701144	1061
chr20	4701144	4701145	1055
chr20	4701145	4701146	1040
chr20	4701146	4701147	1043
chr20	4701147	4701148	1066
chr20	4701148	4701149	1082
chr20	4701149	4701150	1094
chr20	4701150	4701151	1097
chr20	4701151	4701152	1085
chr20	4701152	4701153	1114
chr20	4701153	4701154	1123
chr20	4701154	4701155	1155
chr20	4701155	4701156	1136
chr20	4701156	4701157	1143
chr20	4701157	4701158	1153
chr20	4701158	4701159	1164
chr20	4701159	4701160	1173
chr20	4701160	4701161	1180
chr20	4701161	4701162	1169
chr20	4701162	4701163	1178
chr20	4701163	4701164	1181
chr20	4701164	4701165	1198
chr20	4701165	4701166	1202
chr20	4701166	4701167	1220
chr20	4701167	4701168	1240
chr20	4701168	4701169	1241
chr20	4701169	4701170	1238
chr20	4701170	4701171	1133
chr20	4701171	4701172	1120
chr20	4701172	4701173	1121
chr20	4701173	4701174	1117
chr20	4701174	4701175	1177
chr20	4701175	4701176	1186
chr20	4701176	4701177	1138
chr20	4701177	4701178	1129
chr20	4701178	4701179	1109
chr20	4701179	4701180	1096
chr20	4701180	4701181	1098
chr20	4701181	4701182	1113
chr20	4701182	4701183	1116
chr20	4701183	4701184	1114
chr20	4701184	4701185	1142
chr20	4701185	4701186	1092
chr20	4701186	4701187	1065
chr20	4701187	4701188	1030
chr20	4701188	4701189	977
chr20	4701189	4701190	967
chr20	4701190	4701191	951
chr20	4701191	4701192	950
chr20	4701192	4701193	947
chr20	4701193	4701194	933
chr20	4701194	4701195	925
chr20	4701195	4701196	924
chr20	4701196	4701197	906
chr20	4701197	4701198	905
chr20	4701198	4701199	892
chr20	4701199	4701200	883
chr20	4701200	4701201	895
chr20	4701201	4701202	893
chr20	4701202	4701203	906
chr20	4701203	4701204	911
chr20	4701204	4701205	885
chr20	4701205	4701206	854
chr20	4701206	4701207	983
chr20	4701207	4701208	968
chr20	4701208	4701209	971
chr20	4701209	4701210	965
chr20	4701210	4701211	962
chr20	4701211	4701212	980
#bedGraph section chr20:4701212-4780106
chr20	4701212	4701213	974
chr20	4701213	4701214	961
chr20	4701214	4701215	942
chr20	4701215	4701216	945
chr20	4701216	4701217	940
chr20	4701217	4701218	946
chr20	4701218	4701219	959
chr20	4701219	4701220	971
chr20	4701220	4701221	970
chr20	4701221	4701222	983
chr20	4701222	4701223	990
chr20	4701223	4701224	975
chr20	4701224	4701225	1006
chr20	4701225	4701226	1010
chr20	4701226	4701227	1036
chr20	4701227	4701228	1044
chr20	4701228	4701229	1023
chr20	4701229	4701230	1054
chr20	4701230	4701231	1022
chr20	4701231	4701233	1031
chr20	4701233	4701234	1030
chr20	4701234	4701235	1011
chr20	4701235	4701236	1031
chr20	4701236	4701237	1011
chr20	4701237	4701238	1013
chr20	4701238	4701239	1012
chr20	4701239	4701241	1022
chr20	4701241	4701242	1012
chr20	4701242	4701243	981
chr20	4701243	4701244	969
chr20	4701244	4701245	942
chr20	4701245	4701246	983
chr20	4701246	4701247	997
chr20	4701247	4701248	1016
chr20	4701248	4701249	1023
chr20	4701249	4701250	1021
chr20	4701250	4701251	960
chr20	4701251	4701252	955
chr20	4701252	4701253	954
chr20	4701253	4701254	972
chr20	4701254	4701255	975
chr20	4701255	4701256	1005
chr20	4701256	4701257	1008
chr20	4701257	4701258	979
chr20	4701258	4701259	973
chr20	4701259	4701260	966
chr20	4701260	4701261	940
chr20	4701261	4701262	954
chr20	4701262	4701263	953
chr20	4701263	4701264	963
chr20	4701264	4701265	973
chr20	4701265	4701266	974
chr20	4701266	4701267	981
chr20	4701267	4701268	977
chr20	4701268	4701269	987
chr20	4701269	4701270	985
chr20	4701270	4701271	998
chr20	4701271	4701272	996
chr20	4701272	4701273	1009
chr20	4701273	4701274	997
chr20	4701274	4701276	1006
chr20	4701276	4701277	1008
chr20	4701277	4701278	1032
chr20	4701278	4701279	1018
chr20	4701279	4701281	1016
chr20	4701281	4701282	1066
chr20	4701282	4701283	934
chr20	4701283	4701284	941
chr20	4701284	4701285	952
chr20	4701285	4701286	976
chr20	4701286	4701287	990
chr20	4701287	4701288	975
chr20	4701288	4701289	979
chr20	4701289	4701290	1001
chr20	4701290	4701291	1089
chr20	4701291	4701292	1094
chr20	4701292	4701293	1269
chr20	4701293	4701294	1311
chr20	4701294	4701295	1309
chr20	4701295	4701296	1294
chr20	4701296	4701297	1726
chr20	4701297	4701298	1753
chr20	4701298	4701299	1832
chr20	4701299	4701300	1870
chr20	4701300	4701301	1918
chr20	4701301	4701302	1905
chr20	4701302	4701303	1903
chr20	4701303	4701304	2238
chr20	4701304	4701305	2351
chr20	4701305	4701306	2380
chr20	4701306	4701307	2371
chr20	4701307	4701308	2365
chr20	4701308	4701309	2594
chr20	4701309	4701310	2607
chr20	4701310	4701311	2612
chr20	4701311	4701312	2595
chr20	4701312	4701313	2611
chr20	4701313	4701314	2630
chr20	4701314	4701315	2657
chr20	4701315	4701316	2655
chr20	4701316	4701317	2640
chr20	4701317	4701318	2693
chr20	4701318	4701319	2743
chr20	4701319	4701320	2793
chr20	4701320	4701321	2860
chr20	4701321	4701322	2827
chr20	4701322	4701323	2821
chr20	4701323	4701324	2818
chr20	4701324	4701325	2854
chr20	4701325	4701326	2886
chr20	4701326	4701327	3124
chr20	4701327	4701328	3240
chr20	4701328	4701329	3250
chr20	4701329	4701330	3241
chr20	4701330	4701331	3253
chr20	4701331	4701332	3235
chr20	4701332	4701333	3232
chr20	4701333	4701334	3298
chr20	4701334	4701335	3316
chr20	4701335	4701336	3371
chr20	4701336	4701337	3399
chr20	4701337	4701338	3492
chr20	4701338	4701339	3523
chr20	4701339	4701340	3573
chr20	4701340	4701341	3692
chr20	4701341	4701342	3772
chr20	4701342	4701343	3856
chr20	4701343	4701344	3875
chr20	4701344	4701345	3907
chr20	4701345	4701346	3951
chr20	4701346	4701347	3941
chr20	4701347	4701348	4241
chr20	4701348	4701349	4228
chr20	4701349	4701350	4245
chr20	4701350	4701351	4251
chr20	4701351	4701352	4261
chr20	4701352	4701353	4304
chr20	4701353	4701354	4287
chr20	4701354	4701355	4293
chr20	4701355	4701356	4290
chr20	4701356	4701357	4311
chr20	4701357	4701358	4271
chr20	4701358	4701359	4257
chr20	4701359	4701360	4254
chr20	4701360	4701361	4341
chr20	4701361	4701362	4396
chr20	4701362	4701363	4408
chr20	4701363	4701364	4413
chr20	4701364	4701365	4420
chr20	4701365	4701366	4407
chr20	4701366	4701367	4347
chr20	4701367	4701368	4420
chr20	4701368	4701369	4301
chr20	4701369	4701370	4307
chr20	4701370	4701371	4306
chr20	4701371	4701372	4314
chr20	4701372	4701373	4014
chr20	4701373	4701374	4048
chr20	4701374	4701375	4199
chr20	4701375	4701376	4222
chr20	4701376	4701377	4168
chr20	4701377	4701378	4225
chr20	4701378	4701379	4222
chr20	4701379	4701380	3980
chr20	4701380	4701381	3889
chr20	4701381	4701382	3883
chr20	4701382	4701383	3900
chr20	4701383	4701384	4089
chr20	4701384	4701385	4099
chr20	4701385	4701386	4313
chr20	4701386	4701387	4443
chr20	4701387	4701388	4501
chr20	4701388	4701389	4535
chr20	4701389	4701390	4551
chr20	4701390	4701391	4536
chr20	4701391	4701392	4547
chr20	4701392	4701393	4782
chr20	4701393	4701394	4753
chr20	4701394	4701395	4853
chr20	4701395	4701396	4873
chr20	4701396	4701397	5050
chr20	4701397	4701398	5096
chr20	4701398	4701399	5244
chr20	4701399	4701400	5320
chr20	4701400	4701401	5379
chr20	4701401	4701402	5407
chr20	4701402	4701403	5203
chr20	4701403	4701404	5136
chr20	4701404	4701406	5146
chr20	4701406	4701407	5144
chr20	4701407	4701408	5153
chr20	4701408	4701409	5155
chr20	4701409	4701410	5085
chr20	4701410	4701411	5063
chr20	4701411	4701412	5014
chr20	4701412	4701413	4994
chr20	4701413	4701414	4885
chr20	4701414	4701415	4856
chr20	4701415	4701416	4800
chr20	4701416	4701417	4656
chr20	4701417	4701418	4607
chr20	4701418	4701419	4522
chr20	4701419	4701420	4517
chr20	4701420	4701421	4487
chr20	4701421	4701422	4462
chr20	4701422	4701423	4457
chr20	4701423	4701424	4163
chr20	4701424	4701425	4192
chr20	4701425	4701426	4188
chr20	4701426	4701427	4187
chr20	4701427	4701428	4180
chr20	4701428	4701429	4121
chr20	4701429	4701430	4115
chr20	4701430	4701432	4106
chr20	4701432	4701433	4112
chr20	4701433	4701434	4132
chr20	4701434	4701436	4136
chr20	4701436	4701437	4036
chr20	4701437	4701438	3960
chr20	4701438	4701439	3936
chr20	4701439	4701440	3935
chr20	4701440	4701441	3921
chr20	4701441	4701442	3906
chr20	4701442	4701443	3875
chr20	4701443	4701444	3804
chr20	4701444	4701445	3757
chr20	4701445	4701446	3698
chr20	4701446	4701447	3695
chr20	4701447	4701448	3678
chr20	4701448	4701449	3529
chr20	4701449	4701450	3462
chr20	4701450	4701451	3232
chr20	4701451	4701452	3166
chr20	4701452	4701453	3123
chr20	4701453	4701454	3057
chr20	4701454	4701455	3039
chr20	4701455	4701456	2943
chr20	4701456	4701457	2918
chr20	4701457	4701458	2848
chr20	4701458	4701459	2829
chr20	4701459	4701460	2619
chr20	4701460	4701461	2398
chr20	4701461	4701462	2167
chr20	4701462	4701463	1964
chr20	4701463	4701464	1920
chr20	4701464	4701465	1887
chr20	4701465	4701466	1877
chr20	4701466	4701467	1859
chr20	4701467	4701468	1837
chr20	4701468	4701469	1593
chr20	4701469	4701470	1581
chr20	4701470	4701471	1441
chr20	4701471	4701472	1364
chr20	4701472	4701473	1119
chr20	4701473	4701474	1077
chr20	4701474	4701475	974
chr20	4701475	4701476	882
chr20	4701476	4701477	776
chr20	4701477	4701478	723
chr20	4701478	4701479	710
chr20	4701479	4701481	664
chr20	4701481	4701482	831
chr20	4701482	4701483	828
chr20	4701483	4701484	1002
chr20	4701484	4701485	1000
chr20	4701485	4701486	1010
chr20	4701486	4701487	1016
chr20	4701487	4701488	1014
chr20	4701488	4701489	1013
chr20	4701489	4701490	1043
chr20	4701490	4701491	1041
chr20	4701491	4701492	1044
chr20	4701492	4701493	1040
chr20	4701493	4701494	1036
chr20	4701494	4701495	1108
chr20	4701495	4701496	1102
chr20	4701496	4701497	1091
chr20	4701497	4701498	1121
chr20	4701498	4701499	1152
chr20	4701499	4701500	1262
chr20	4701500	4701501	1235
chr20	4701501	4701502	1229
chr20	4701502	4701503	1368
chr20	4701503	4701504	1372
chr20	4701504	4701505	1386
chr20	4701505	4701506	1414
chr20	4701506	4701507	1415
chr20	4701507	4701508	1619
chr20	4701508	4701509	1685
chr20	4701509	4701510	1731
chr20	4701510	4701511	1747
chr20	4701511	4701512	1751
chr20	4701512	4701513	1803
chr20	4701513	4701514	1815
chr20	4701514	4701515	1814
chr20	4701515	4701516	1818
chr20	4701516	4701517	1820
chr20	4701517	4701518	1813
chr20	4701518	4701519	1817
chr20	4701519	4701520	1822
chr20	4701520	4701521	1820
chr20	4701521	4701522	1818
chr20	4701522	4701523	1816
chr20	4701523	4701524	1812
chr20	4701524	4701525	1808
chr20	4701525	4701526	1807
chr20	4701526	4701527	1803
chr20	4701527	4701528	1805
chr20	4701528	4701529	1803
chr20	4701529	4701530	1800
chr20	4701530	4701531	1788
chr20	4701531	4701532	1789
chr20	4701532	4701533	1783
chr20	4701533	4701534	1776
chr20	4701534	4701535	1774
chr20	4701535	4701536	1766
chr20	4701536	4701537	1765
chr20	4701537	4701538	1758
chr20	4701538	4701539	1746
chr20	4701539	4701540	1743
chr20	4701540	4701541	1736
chr20	4701541	4701543	1734
chr20	4701543	4701544	1731
chr20	4701544	4701545	1729
chr20	4701545	4701546	1706
chr20	4701546	4701547	1693
chr20	4701547	4701548	1687
chr20	4701548	4701549	1676
chr20	4701549	4701550	1666
chr20	4701550	4701551	1614
chr20	4701551	4701552	1610
chr20	4701552	4701553	1585
chr20	4701553	4701554	1583
chr20	4701554	4701555	1575
chr20	4701555	4701556	1566
chr20	4701556	4701557	1529
chr20	4701557	4701558	1340
chr20	4701558	4701559	1335
chr20	4701559	4701560	1144
chr20	4701560	4701561	1139
chr20	4701561	4701562	1125
chr20	4701562	4701563	1116
chr20	4701563	4701564	1110
chr20	4701564	4701565	1096
chr20	4701565	4701566	1067
chr20	4701566	4701567	1062
chr20	4701567	4701568	1055
chr20	4701568	4701569	1054
chr20	4701569	4701570	1029
chr20	4701570	4701571	946
chr20	4701571	4701572	942
chr20	4701572	4701573	941
chr20	4701573	4701574	886
chr20	4701574	4701575	859
chr20	4701575	4701576	743
chr20	4701576	4701577	729
chr20	4701577	4701578	723
chr20	4701578	4701579	573
chr20	4701579	4701580	564
chr20	4701580	4701581	549
chr20	4701581	4701582	520
chr20	4701582	4701583	512
chr20	4701583	4701584	302
chr20	4701584	4701585	185
chr20	4701585	4701586	136
chr20	4701586	4701587	112
chr20	4701587	4701588	66
chr20	4701588	4701589	10
chr20	4701589	4701590	8
chr20	4701590	4701591	2
chr20	4701591	4702081	0
