track type=wiggle_0 name="Brain Hypothal" description="Brain Hypothalamus"
#bedGraph section chr20:4248954-4699434
chr20	4685988	4686115	0
chr20	4686115	4686191	1
chr20	4686191	4686199	0
chr20	4686199	4686202	2
chr20	4686202	4686259	5
chr20	4686259	4686268	6
chr20	4686268	4686269	8
chr20	4686269	4686275	9
chr20	4686275	4686276	7
chr20	4686276	4686278	8
chr20	4686278	4686305	5
chr20	4686305	4686319	7
chr20	4686319	4686335	8
chr20	4686335	4686343	7
chr20	4686343	4686344	8
chr20	4686344	4686345	6
chr20	4686345	4686352	5
chr20	4686352	4686353	4
chr20	4686353	4686366	6
chr20	4686366	4686371	7
chr20	4686371	4686376	8
chr20	4686376	4686378	9
chr20	4686378	4686379	12
chr20	4686379	4686381	14
chr20	4686381	4686384	12
chr20	4686384	4686385	13
chr20	4686385	4686387	14
chr20	4686387	4686390	15
chr20	4686390	4686392	16
chr20	4686392	4686394	17
chr20	4686394	4686397	16
chr20	4686397	4686405	17
chr20	4686405	4686406	18
chr20	4686406	4686407	21
chr20	4686407	4686408	22
chr20	4686408	4686409	24
chr20	4686409	4686410	25
chr20	4686410	4686413	29
chr20	4686413	4686415	35
chr20	4686415	4686416	36
chr20	4686416	4686418	37
chr20	4686418	4686424	38
chr20	4686424	4686425	39
chr20	4686425	4686426	44
chr20	4686426	4686427	49
chr20	4686427	4686428	50
chr20	4686428	4686429	51
chr20	4686429	4686431	49
chr20	4686431	4686432	50
chr20	4686432	4686433	53
chr20	4686433	4686434	57
chr20	4686434	4686436	63
chr20	4686436	4686437	73
chr20	4686437	4686438	74
chr20	4686438	4686439	76
chr20	4686439	4686441	78
chr20	4686441	4686442	86
chr20	4686442	4686443	90
chr20	4686443	4686444	92
chr20	4686444	4686445	93
chr20	4686445	4686446	94
chr20	4686446	4686448	97
chr20	4686448	4686449	98
chr20	4686449	4686450	120
chr20	4686450	4686451	121
chr20	4686451	4686452	131
chr20	4686452	4686453	132
chr20	4686453	4686454	135
chr20	4686454	4686455	133
chr20	4686455	4686456	136
chr20	4686456	4686457	137
chr20	4686457	4686459	141
chr20	4686459	4686460	150
chr20	4686460	4686461	149
chr20	4686461	4686462	166
chr20	4686462	4686463	169
chr20	4686463	4686464	188
chr20	4686464	4686466	191
chr20	4686466	4686467	192
chr20	4686467	4686469	199
chr20	4686469	4686470	215
chr20	4686470	4686471	227
chr20	4686471	4686472	349
chr20	4686472	4686473	365
chr20	4686473	4686474	384
chr20	4686474	4686475	427
chr20	4686475	4686476	440
chr20	4686476	4686477	458
chr20	4686477	4686478	474
chr20	4686478	4686479	528
chr20	4686479	4686480	560
chr20	4686480	4686481	586
chr20	4686481	4686483	613
chr20	4686483	4686484	612
chr20	4686484	4686485	613
chr20	4686485	4686486	644
chr20	4686486	4686487	646
chr20	4686487	4686488	647
chr20	4686488	4686489	658
chr20	4686489	4686490	653
chr20	4686490	4686491	667
chr20	4686491	4686493	671
chr20	4686493	4686494	676
chr20	4686494	4686495	679
chr20	4686495	4686496	683
chr20	4686496	4686497	687
chr20	4686497	4686498	691
chr20	4686498	4686499	701
chr20	4686499	4686500	705
chr20	4686500	4686501	711
chr20	4686501	4686502	714
chr20	4686502	4686503	711
chr20	4686503	4686504	732
chr20	4686504	4686505	745
chr20	4686505	4686506	748
chr20	4686506	4686507	751
chr20	4686507	4686508	754
chr20	4686508	4686509	480
chr20	4686509	4686510	484
chr20	4686510	4686511	486
chr20	4686511	4686512	498
chr20	4686512	4686513	1
chr20	4686513	4686570	0
chr20	4686570	4686592	1
chr20	4686592	4686629	2
chr20	4686629	4686633	5
chr20	4686633	4686637	6
chr20	4686637	4686646	7
chr20	4686646	4686650	6
chr20	4686650	4686654	7
chr20	4686654	4686657	8
chr20	4686657	4686659	9
chr20	4686659	4686667	11
chr20	4686667	4686668	12
chr20	4686668	4686674	11
chr20	4686674	4686679	12
chr20	4686679	4686687	13
chr20	4686687	4686692	14
chr20	4686692	4686704	15
chr20	4686704	4686705	16
chr20	4686705	4686709	13
chr20	4686709	4686713	11
chr20	4686713	4686718	12
chr20	4686718	4686723	15
chr20	4686723	4686724	16
chr20	4686724	4686725	15
chr20	4686725	4686733	16
chr20	4686733	4686734	19
chr20	4686734	4686735	26
chr20	4686735	4686736	25
chr20	4686736	4686757	1
chr20	4686757	4686765	2
chr20	4686765	4686766	1
chr20	4686766	4686794	2
chr20	4686794	4686842	1
chr20	4686842	4687275	0
chr20	4687275	4687351	3
chr20	4687351	4687442	0
chr20	4687442	4687518	3
chr20	4687518	4687720	0
chr20	4687720	4687739	1
chr20	4687739	4687841	0
chr20	4687841	4687895	2
chr20	4687895	4687917	4
chr20	4687917	4687971	2
chr20	4687971	4688350	0
chr20	4688350	4688393	1
chr20	4688393	4688448	2
chr20	4688448	4688469	3
chr20	4688469	4688502	2
chr20	4688502	4688524	1
chr20	4688524	4689658	0
chr20	4689658	4689734	2
chr20	4689734	4689866	0
chr20	4689866	4689867	1
chr20	4689867	4689941	2
chr20	4689941	4689942	3
chr20	4689942	4690017	1
chr20	4690017	4690159	0
chr20	4690159	4690235	1
chr20	4690235	4690336	0
chr20	4690336	4690412	1
chr20	4690412	4690529	0
chr20	4690529	4690531	1
chr20	4690531	4690604	2
chr20	4690604	4690607	1
chr20	4690607	4690618	0
chr20	4690618	4690658	1
chr20	4690658	4690694	2
chr20	4690694	4690718	1
chr20	4690718	4690734	2
chr20	4690734	4690794	1
chr20	4690794	4691746	0
chr20	4691746	4691815	2
chr20	4691815	4691822	3
chr20	4691822	4691874	1
chr20	4691874	4691891	2
chr20	4691891	4691896	1
chr20	4691896	4691922	3
chr20	4691922	4691950	4
chr20	4691950	4691972	3
chr20	4691972	4691991	1
chr20	4691991	4691996	2
chr20	4691996	4692066	1
chr20	4692066	4693011	0
chr20	4693011	4693074	1
chr20	4693074	4693087	2
chr20	4693087	4693150	1
chr20	4693150	4693215	0
chr20	4693215	4693226	1
chr20	4693226	4693291	2
chr20	4693291	4693302	1
chr20	4693302	4693318	0
chr20	4693318	4693394	1
chr20	4693394	4693450	0
chr20	4693450	4693523	1
chr20	4693523	4693526	2
chr20	4693526	4693599	1
chr20	4693599	4693660	0
chr20	4693660	4693717	1
chr20	4693717	4693736	2
chr20	4693736	4693793	1
chr20	4693793	4693848	0
chr20	4693848	4693924	1
chr20	4693924	4694272	0
chr20	4694272	4694309	1
chr20	4694309	4694326	2
chr20	4694326	4694348	3
chr20	4694348	4694385	2
chr20	4694385	4694402	1
chr20	4694402	4694408	0
chr20	4694408	4694425	1
chr20	4694425	4694465	2
chr20	4694465	4694484	3
chr20	4694484	4694501	2
chr20	4694501	4694541	1
chr20	4694541	4694767	0
chr20	4694767	4694799	1
chr20	4694799	4694843	2
chr20	4694843	4694875	1
chr20	4694875	4694893	0
chr20	4694893	4694934	2
chr20	4694934	4694969	3
chr20	4694969	4695016	1
chr20	4695016	4695030	2
chr20	4695030	4695086	3
chr20	4695086	4695090	2
chr20	4695090	4695092	4
chr20	4695092	4695106	3
chr20	4695106	4695166	2
chr20	4695166	4695176	0
chr20	4695176	4695233	1
chr20	4695233	4695251	2
chr20	4695251	4695264	1
chr20	4695264	4695308	2
chr20	4695308	4695316	1
chr20	4695316	4695340	2
chr20	4695340	4695379	1
chr20	4695379	4695392	2
chr20	4695392	4695422	1
chr20	4695422	4695425	2
chr20	4695425	4695443	3
chr20	4695443	4695455	4
chr20	4695455	4695498	3
chr20	4695498	4695501	2
chr20	4695501	4695519	1
chr20	4695519	4695522	0
chr20	4695522	4695595	1
chr20	4695595	4695598	2
chr20	4695598	4695660	1
chr20	4695660	4695671	2
chr20	4695671	4695688	1
chr20	4695688	4695736	3
chr20	4695736	4695747	2
chr20	4695747	4695752	3
chr20	4695752	4695764	5
chr20	4695764	4695778	3
chr20	4695778	4695811	4
chr20	4695811	4695812	6
chr20	4695812	4695823	2
chr20	4695823	4695843	1
chr20	4695843	4695853	2
chr20	4695853	4695854	3
chr20	4695854	4695899	2
chr20	4695899	4695903	3
chr20	4695903	4695919	5
chr20	4695919	4695921	4
chr20	4695921	4695929	5
chr20	4695929	4695947	4
chr20	4695947	4695975	5
chr20	4695975	4695979	4
chr20	4695979	4695997	2
chr20	4695997	4696023	1
chr20	4696023	4696070	0
chr20	4696070	4696146	1
chr20	4696146	4696159	0
chr20	4696159	4696162	1
chr20	4696162	4696225	2
chr20	4696225	4696235	4
chr20	4696235	4696238	3
chr20	4696238	4696259	2
chr20	4696259	4696292	3
chr20	4696292	4696301	4
chr20	4696301	4696309	2
chr20	4696309	4696335	3
chr20	4696335	4696345	2
chr20	4696345	4696368	3
chr20	4696368	4696370	2
chr20	4696370	4696385	3
chr20	4696385	4696416	2
chr20	4696416	4696421	4
chr20	4696421	4696436	3
chr20	4696436	4696440	4
chr20	4696440	4696444	5
chr20	4696444	4696458	4
chr20	4696458	4696492	5
chr20	4696492	4696512	3
chr20	4696512	4696516	2
chr20	4696516	4696534	1
chr20	4696534	4696608	0
chr20	4696608	4696628	4
chr20	4696628	4696677	5
chr20	4696677	4696684	7
chr20	4696684	4696689	3
chr20	4696689	4696704	4
chr20	4696704	4696737	3
chr20	4696737	4696752	5
chr20	4696752	4696753	4
chr20	4696753	4696765	3
chr20	4696765	4696770	2
chr20	4696770	4696813	3
chr20	4696813	4696840	1
chr20	4696840	4696859	3
chr20	4696859	4696862	2
chr20	4696862	4696900	3
chr20	4696900	4696916	4
chr20	4696916	4696922	3
chr20	4696922	4696938	2
chr20	4696938	4696976	1
chr20	4696976	4696987	0
chr20	4696987	4696990	1
chr20	4696990	4696991	2
chr20	4696991	4697062	3
chr20	4697062	4697063	4
chr20	4697063	4697066	3
chr20	4697066	4697067	2
chr20	4697067	4697138	1
chr20	4697138	4697189	0
chr20	4697189	4697226	1
chr20	4697226	4697250	3
chr20	4697250	4697261	4
chr20	4697261	4697265	5
chr20	4697265	4697274	4
chr20	4697274	4697302	5
chr20	4697302	4697321	3
chr20	4697321	4697326	4
chr20	4697326	4697337	3
chr20	4697337	4697350	2
chr20	4697350	4697397	1
chr20	4697397	4697424	0
chr20	4697424	4697450	1
chr20	4697450	4697452	2
chr20	4697452	4697454	3
chr20	4697454	4697460	5
chr20	4697460	4697492	6
chr20	4697492	4697500	8
chr20	4697500	4697519	7
chr20	4697519	4697526	8
chr20	4697526	4697528	7
chr20	4697528	4697530	6
chr20	4697530	4697536	4
chr20	4697536	4697564	3
chr20	4697564	4697568	5
chr20	4697568	4697595	3
chr20	4697595	4697610	2
chr20	4697610	4697618	3
chr20	4697618	4697619	4
chr20	4697619	4697630	5
chr20	4697630	4697635	6
chr20	4697635	4697640	7
chr20	4697640	4697678	5
chr20	4697678	4697686	6
chr20	4697686	4697688	5
chr20	4697688	4697693	6
chr20	4697693	4697694	7
chr20	4697694	4697706	5
chr20	4697706	4697712	4
chr20	4697712	4697737	5
chr20	4697737	4697745	4
chr20	4697745	4697754	5
chr20	4697754	4697761	4
chr20	4697761	4697763	6
chr20	4697763	4697764	7
chr20	4697764	4697769	6
chr20	4697769	4697779	5
chr20	4697779	4697787	8
chr20	4697787	4697796	7
chr20	4697796	4697804	9
chr20	4697804	4697814	10
chr20	4697814	4697821	9
chr20	4697821	4697824	8
chr20	4697824	4697834	9
chr20	4697834	4697837	10
chr20	4697837	4697845	8
chr20	4697845	4697855	9
chr20	4697855	4697858	6
chr20	4697858	4697861	7
chr20	4697861	4697868	8
chr20	4697868	4697869	9
chr20	4697869	4697872	10
chr20	4697872	4697880	8
chr20	4697880	4697894	7
chr20	4697894	4697899	8
chr20	4697899	4697905	7
chr20	4697905	4697910	6
chr20	4697910	4697921	5
chr20	4697921	4697934	4
chr20	4697934	4697935	3
chr20	4697935	4697943	5
chr20	4697943	4697945	4
chr20	4697945	4697959	3
chr20	4697959	4697968	5
chr20	4697968	4697970	6
chr20	4697970	4697980	5
chr20	4697980	4698003	6
chr20	4698003	4698010	8
chr20	4698010	4698014	6
chr20	4698014	4698020	7
chr20	4698020	4698033	8
chr20	4698033	4698044	6
chr20	4698044	4698056	5
chr20	4698056	4698079	4
chr20	4698079	4698090	2
chr20	4698090	4698096	1
chr20	4698096	4698128	0
chr20	4698128	4698194	1
chr20	4698194	4698204	2
chr20	4698204	4698270	1
chr20	4698270	4698359	0
chr20	4698359	4698374	1
chr20	4698374	4698427	2
chr20	4698427	4698435	4
chr20	4698435	4698449	3
chr20	4698449	4698450	4
chr20	4698450	4698454	5
chr20	4698454	4698468	6
chr20	4698468	4698492	8
chr20	4698492	4698499	9
chr20	4698499	4698502	10
chr20	4698502	4698503	11
chr20	4698503	4698525	9
chr20	4698525	4698526	8
chr20	4698526	4698533	6
chr20	4698533	4698544	8
chr20	4698544	4698559	6
chr20	4698559	4698568	7
chr20	4698568	4698574	6
chr20	4698574	4698578	5
chr20	4698578	4698606	4
chr20	4698606	4698609	3
chr20	4698609	4698621	2
chr20	4698621	4698635	3
chr20	4698635	4698645	2
chr20	4698645	4698658	3
chr20	4698658	4698659	5
chr20	4698659	4698685	7
chr20	4698685	4698687	6
chr20	4698687	4698697	7
chr20	4698697	4698700	6
chr20	4698700	4698701	7
chr20	4698701	4698719	8
chr20	4698719	4698721	9
chr20	4698721	4698727	8
chr20	4698727	4698734	10
chr20	4698734	4698735	8
chr20	4698735	4698762	6
chr20	4698762	4698776	5
chr20	4698776	4698777	4
chr20	4698777	4698786	3
chr20	4698786	4698791	4
chr20	4698791	4698795	5
chr20	4698795	4698803	4
chr20	4698803	4698817	2
chr20	4698817	4698823	3
chr20	4698823	4698862	4
chr20	4698862	4698886	3
chr20	4698886	4698893	4
chr20	4698893	4698899	3
chr20	4698899	4698900	2
chr20	4698900	4698922	1
chr20	4698922	4698923	2
chr20	4698923	4698943	3
chr20	4698943	4698960	2
chr20	4698960	4698976	3
chr20	4698976	4698998	4
chr20	4698998	4698999	3
chr20	4698999	4699003	2
chr20	4699003	4699023	3
chr20	4699023	4699036	4
chr20	4699036	4699052	3
chr20	4699052	4699079	2
chr20	4699079	4699088	1
chr20	4699088	4699092	2
chr20	4699092	4699099	4
chr20	4699099	4699136	3
chr20	4699136	4699158	4
chr20	4699158	4699159	5
chr20	4699159	4699164	6
chr20	4699164	4699168	5
chr20	4699168	4699177	3
chr20	4699177	4699204	4
chr20	4699204	4699206	5
chr20	4699206	4699208	9
chr20	4699208	4699209	12
chr20	4699209	4699210	13
chr20	4699210	4699211	774
chr20	4699211	4699212	771
chr20	4699212	4699213	767
chr20	4699213	4699214	773
chr20	4699214	4699215	770
chr20	4699215	4699216	803
chr20	4699216	4699217	798
chr20	4699217	4699218	815
chr20	4699218	4699219	820
chr20	4699219	4699220	815
chr20	4699220	4699221	816
chr20	4699221	4699222	819
chr20	4699222	4699223	857
chr20	4699223	4699224	853
chr20	4699224	4699225	863
chr20	4699225	4699226	864
chr20	4699226	4699227	865
chr20	4699227	4699228	857
chr20	4699228	4699229	859
chr20	4699229	4699230	880
chr20	4699230	4699231	897
chr20	4699231	4699232	901
chr20	4699232	4699233	921
chr20	4699233	4699235	912
chr20	4699235	4699236	899
chr20	4699236	4699237	909
chr20	4699237	4699238	917
chr20	4699238	4699239	919
chr20	4699239	4699240	917
chr20	4699240	4699241	933
chr20	4699241	4699242	919
chr20	4699242	4699243	918
chr20	4699243	4699244	911
chr20	4699244	4699245	922
chr20	4699245	4699246	847
chr20	4699246	4699247	850
chr20	4699247	4699248	875
chr20	4699248	4699249	846
chr20	4699249	4699250	807
chr20	4699250	4699251	804
chr20	4699251	4699252	793
chr20	4699252	4699253	753
chr20	4699253	4699254	732
chr20	4699254	4699255	712
chr20	4699255	4699256	689
chr20	4699256	4699257	680
chr20	4699257	4699258	670
chr20	4699258	4699259	662
chr20	4699259	4699260	643
chr20	4699260	4699261	640
chr20	4699261	4699262	666
chr20	4699262	4699263	674
chr20	4699263	4699264	683
chr20	4699264	4699265	674
chr20	4699265	4699266	675
chr20	4699266	4699267	676
chr20	4699267	4699268	678
chr20	4699268	4699271	675
chr20	4699271	4699272	672
chr20	4699272	4699273	666
chr20	4699273	4699274	676
chr20	4699274	4699275	684
chr20	4699275	4699277	681
chr20	4699277	4699278	677
chr20	4699278	4699279	672
chr20	4699279	4699280	671
chr20	4699280	4699281	669
chr20	4699281	4699282	659
chr20	4699282	4699283	652
chr20	4699283	4699284	654
chr20	4699284	4699285	652
chr20	4699285	4699286	671
chr20	4699286	4699287	679
chr20	4699287	4699288	682
chr20	4699288	4699289	699
chr20	4699289	4699290	706
chr20	4699290	4699291	698
chr20	4699291	4699292	709
chr20	4699292	4699293	715
chr20	4699293	4699294	698
chr20	4699294	4699295	700
chr20	4699295	4699296	706
chr20	4699296	4699297	712
chr20	4699297	4699298	711
chr20	4699298	4699299	677
chr20	4699299	4699300	676
chr20	4699300	4699301	679
chr20	4699301	4699302	691
chr20	4699302	4699303	700
chr20	4699303	4699304	702
chr20	4699304	4699305	709
chr20	4699305	4699306	691
chr20	4699306	4699307	674
chr20	4699307	4699308	684
chr20	4699308	4699309	666
chr20	4699309	4699310	671
chr20	4699310	4699311	675
chr20	4699311	4699312	693
chr20	4699312	4699313	699
chr20	4699313	4699314	679
chr20	4699314	4699315	684
chr20	4699315	4699316	703
chr20	4699316	4699317	692
chr20	4699317	4699318	702
chr20	4699318	4699319	719
chr20	4699319	4699320	716
chr20	4699320	4699321	696
chr20	4699321	4699322	694
chr20	4699322	4699323	677
chr20	4699323	4699324	642
chr20	4699324	4699325	641
chr20	4699325	4699326	643
chr20	4699326	4699327	644
chr20	4699327	4699329	653
chr20	4699329	4699330	646
chr20	4699330	4699332	635
chr20	4699332	4699333	640
chr20	4699333	4699334	646
chr20	4699334	4699335	654
chr20	4699335	4699336	653
chr20	4699336	4699337	662
chr20	4699337	4699338	652
chr20	4699338	4699339	644
chr20	4699339	4699341	634
chr20	4699341	4699342	638
chr20	4699342	4699343	650
chr20	4699343	4699345	644
chr20	4699345	4699346	642
chr20	4699346	4699347	644
chr20	4699347	4699348	642
chr20	4699348	4699349	636
chr20	4699349	4699350	631
chr20	4699350	4699351	622
chr20	4699351	4699352	620
chr20	4699352	4699353	629
chr20	4699353	4699354	618
chr20	4699354	4699355	616
chr20	4699355	4699356	622
chr20	4699356	4699357	637
chr20	4699357	4699358	643
chr20	4699358	4699359	639
chr20	4699359	4699360	634
chr20	4699360	4699361	651
chr20	4699361	4699362	634
chr20	4699362	4699363	630
chr20	4699363	4699364	639
chr20	4699364	4699365	613
chr20	4699365	4699366	607
chr20	4699366	4699367	614
chr20	4699367	4699368	606
chr20	4699368	4699369	601
chr20	4699369	4699370	603
chr20	4699370	4699371	604
chr20	4699371	4699372	605
chr20	4699372	4699373	595
chr20	4699373	4699374	594
chr20	4699374	4699375	592
chr20	4699375	4699376	594
chr20	4699376	4699377	580
chr20	4699377	4699378	567
chr20	4699378	4699379	554
chr20	4699379	4699380	552
chr20	4699380	4699381	551
chr20	4699381	4699382	538
chr20	4699382	4699383	541
chr20	4699383	4699384	529
chr20	4699384	4699385	527
chr20	4699385	4699387	528
chr20	4699387	4699388	529
chr20	4699388	4699389	511
chr20	4699389	4699390	513
chr20	4699390	4699391	510
chr20	4699391	4699392	495
chr20	4699392	4699393	489
chr20	4699393	4699394	483
chr20	4699394	4699395	466
chr20	4699395	4699396	463
chr20	4699396	4699397	466
chr20	4699397	4699398	461
chr20	4699398	4699399	470
chr20	4699399	4699400	468
chr20	4699400	4699401	467
chr20	4699401	4699402	463
chr20	4699402	4699403	453
chr20	4699403	4699404	438
chr20	4699404	4699406	435
chr20	4699406	4699407	439
chr20	4699407	4699408	440
chr20	4699408	4699409	427
chr20	4699409	4699411	428
chr20	4699411	4699412	453
chr20	4699412	4699413	439
chr20	4699413	4699414	432
chr20	4699414	4699415	427
chr20	4699415	4699416	414
chr20	4699416	4699417	410
chr20	4699417	4699418	405
chr20	4699418	4699419	397
chr20	4699419	4699420	409
chr20	4699420	4699421	408
chr20	4699421	4699422	409
chr20	4699422	4699423	416
chr20	4699423	4699424	420
chr20	4699424	4699425	422
chr20	4699425	4699426	423
chr20	4699426	4699427	420
chr20	4699427	4699431	416
chr20	4699431	4699432	409
chr20	4699432	4699433	389
chr20	4699433	4699434	393
#bedGraph section chr20:4699434-4700475
chr20	4699434	4699435	403
chr20	4699435	4699436	435
chr20	4699436	4699437	421
chr20	4699437	4699438	426
chr20	4699438	4699439	428
chr20	4699439	4699440	414
chr20	4699440	4699441	413
chr20	4699441	4699442	416
chr20	4699442	4699443	407
chr20	4699443	4699444	406
chr20	4699444	4699445	418
chr20	4699445	4699446	415
chr20	4699446	4699447	413
chr20	4699447	4699448	414
chr20	4699448	4699449	420
chr20	4699449	4699450	428
chr20	4699450	4699452	437
chr20	4699452	4699453	456
chr20	4699453	4699454	453
chr20	4699454	4699455	459
chr20	4699455	4699456	460
chr20	4699456	4699457	466
chr20	4699457	4699458	486
chr20	4699458	4699459	495
chr20	4699459	4699460	530
chr20	4699460	4699461	543
chr20	4699461	4699462	551
chr20	4699462	4699463	555
chr20	4699463	4699464	547
chr20	4699464	4699465	558
chr20	4699465	4699466	556
chr20	4699466	4699467	567
chr20	4699467	4699468	565
chr20	4699468	4699469	589
chr20	4699469	4699470	594
chr20	4699470	4699471	612
chr20	4699471	4699473	613
chr20	4699473	4699474	622
chr20	4699474	4699475	618
chr20	4699475	4699476	632
chr20	4699476	4699477	638
chr20	4699477	4699478	639
chr20	4699478	4699479	646
chr20	4699479	4699480	659
chr20	4699480	4699481	649
chr20	4699481	4699482	657
chr20	4699482	4699483	671
chr20	4699483	4699484	721
chr20	4699484	4699485	733
chr20	4699485	4699486	740
chr20	4699486	4699487	739
chr20	4699487	4699488	719
chr20	4699488	4699490	736
chr20	4699490	4699491	765
chr20	4699491	4699493	783
chr20	4699493	4699494	795
chr20	4699494	4699495	792
chr20	4699495	4699496	783
chr20	4699496	4699497	788
chr20	4699497	4699499	799
chr20	4699499	4699500	813
chr20	4699500	4699501	821
chr20	4699501	4699502	846
chr20	4699502	4699503	842
chr20	4699503	4699504	912
chr20	4699504	4699505	932
chr20	4699505	4699506	964
chr20	4699506	4699507	965
chr20	4699507	4699509	971
chr20	4699509	4699510	965
chr20	4699510	4699511	958
chr20	4699511	4699512	942
chr20	4699512	4699513	958
chr20	4699513	4699514	973
chr20	4699514	4699515	978
chr20	4699515	4699516	993
chr20	4699516	4699517	1002
chr20	4699517	4699518	1014
chr20	4699518	4699519	1012
chr20	4699519	4699520	1019
chr20	4699520	4699521	1017
chr20	4699521	4699522	1022
chr20	4699522	4699523	1084
chr20	4699523	4699525	1093
chr20	4699525	4699526	1098
chr20	4699526	4699527	1091
chr20	4699527	4699528	1097
chr20	4699528	4699529	1078
chr20	4699529	4699530	1083
chr20	4699530	4699531	1081
chr20	4699531	4699532	1086
chr20	4699532	4699533	1132
chr20	4699533	4699534	1216
chr20	4699534	4699535	1213
chr20	4699535	4699536	1193
chr20	4699536	4699537	1195
chr20	4699537	4699538	1179
chr20	4699538	4699539	1178
chr20	4699539	4699540	1184
chr20	4699540	4699541	1176
chr20	4699541	4699542	1171
chr20	4699542	4699543	1164
chr20	4699543	4699544	1168
chr20	4699544	4699545	1148
chr20	4699545	4699546	1152
chr20	4699546	4699547	1144
chr20	4699547	4699548	1148
chr20	4699548	4699549	1170
chr20	4699549	4699550	1174
chr20	4699550	4699551	1190
chr20	4699551	4699552	1192
chr20	4699552	4699553	1205
chr20	4699553	4699554	1219
chr20	4699554	4699555	1215
chr20	4699555	4699556	1224
chr20	4699556	4699557	1232
chr20	4699557	4699558	1231
chr20	4699558	4699559	1217
chr20	4699559	4699560	1167
chr20	4699560	4699561	1153
chr20	4699561	4699562	1141
chr20	4699562	4699563	1147
chr20	4699563	4699564	1135
chr20	4699564	4699565	1117
chr20	4699565	4699566	1123
chr20	4699566	4699567	1100
chr20	4699567	4699568	1091
chr20	4699568	4699569	1099
chr20	4699569	4699570	1142
chr20	4699570	4699571	1160
chr20	4699571	4699572	1167
chr20	4699572	4699573	1186
chr20	4699573	4699574	1165
chr20	4699574	4699576	1163
chr20	4699576	4699577	1161
chr20	4699577	4699578	1133
chr20	4699578	4699579	1124
chr20	4699579	4699580	1068
chr20	4699580	4699581	1070
chr20	4699581	4699582	1041
chr20	4699582	4699583	1111
chr20	4699583	4699584	1134
chr20	4699584	4699585	1138
chr20	4699585	4699586	1196
chr20	4699586	4699587	1229
chr20	4699587	4699588	1291
chr20	4699588	4699589	1286
chr20	4699589	4699590	1271
chr20	4699590	4699591	1290
chr20	4699591	4699592	1265
chr20	4699592	4699593	1320
chr20	4699593	4699594	1327
chr20	4699594	4699595	1330
chr20	4699595	4699596	1352
chr20	4699596	4699597	1386
chr20	4699597	4699598	1397
chr20	4699598	4699600	1401
chr20	4699600	4699601	1408
chr20	4699601	4699602	1421
chr20	4699602	4699603	1419
chr20	4699603	4699604	1422
chr20	4699604	4699605	1404
chr20	4699605	4699606	1431
chr20	4699606	4699607	1465
chr20	4699607	4699608	1674
chr20	4699608	4699609	1665
chr20	4699609	4699610	1622
chr20	4699610	4699611	1648
chr20	4699611	4699612	1638
chr20	4699612	4699613	1632
chr20	4699613	4699614	1636
chr20	4699614	4699615	1654
chr20	4699615	4699616	1648
chr20	4699616	4699617	1738
chr20	4699617	4699618	1810
chr20	4699618	4699619	1866
chr20	4699619	4699620	1887
chr20	4699620	4699621	1907
chr20	4699621	4699622	1928
chr20	4699622	4699623	1951
chr20	4699623	4699624	1959
chr20	4699624	4699625	1976
chr20	4699625	4699626	1977
chr20	4699626	4699627	1974
chr20	4699627	4699628	2001
chr20	4699628	4699629	1987
chr20	4699629	4699630	1983
chr20	4699630	4699631	1989
chr20	4699631	4699632	1986
chr20	4699632	4699633	1977
chr20	4699633	4699634	1987
chr20	4699634	4699635	1993
chr20	4699635	4699636	2056
chr20	4699636	4699637	2058
chr20	4699637	4699638	2097
chr20	4699638	4699639	2138
chr20	4699639	4699640	2173
chr20	4699640	4699641	2188
chr20	4699641	4699642	2233
chr20	4699642	4699643	2263
chr20	4699643	4699644	2266
chr20	4699644	4699645	2260
chr20	4699645	4699646	2207
chr20	4699646	4699647	2198
chr20	4699647	4699648	2228
chr20	4699648	4699649	2237
chr20	4699649	4699650	2236
chr20	4699650	4699651	2243
chr20	4699651	4699652	2262
chr20	4699652	4699653	2271
chr20	4699653	4699654	2301
chr20	4699654	4699655	2353
chr20	4699655	4699656	2394
chr20	4699656	4699657	2419
chr20	4699657	4699658	2424
chr20	4699658	4699659	2422
chr20	4699659	4699660	2405
chr20	4699660	4699661	2444
chr20	4699661	4699662	2533
chr20	4699662	4699663	2540
chr20	4699663	4699664	2496
chr20	4699664	4699665	2483
chr20	4699665	4699666	2478
chr20	4699666	4699667	2463
chr20	4699667	4699668	2452
chr20	4699668	4699669	2401
chr20	4699669	4699670	2387
chr20	4699670	4699671	2424
chr20	4699671	4699672	2472
chr20	4699672	4699673	2517
chr20	4699673	4699674	2493
chr20	4699674	4699675	2499
chr20	4699675	4699676	2498
chr20	4699676	4699677	2529
chr20	4699677	4699678	2506
chr20	4699678	4699679	2539
chr20	4699679	4699680	2515
chr20	4699680	4699681	2523
chr20	4699681	4699682	2541
chr20	4699682	4699683	2561
chr20	4699683	4699684	2356
chr20	4699684	4699685	2339
chr20	4699685	4699686	2350
chr20	4699686	4699687	2319
chr20	4699687	4699688	2325
chr20	4699688	4699689	2327
chr20	4699689	4699690	2328
chr20	4699690	4699691	2381
chr20	4699691	4699692	2405
chr20	4699692	4699693	2368
chr20	4699693	4699694	2307
chr20	4699694	4699695	2286
chr20	4699695	4699696	2324
chr20	4699696	4699697	2304
chr20	4699697	4699698	2315
chr20	4699698	4699699	2292
chr20	4699699	4699700	2331
chr20	4699700	4699701	2386
chr20	4699701	4699702	2379
chr20	4699702	4699703	2396
chr20	4699703	4699704	2362
chr20	4699704	4699705	2371
chr20	4699705	4699706	2411
chr20	4699706	4699707	2428
chr20	4699707	4699708	2435
chr20	4699708	4699709	2459
chr20	4699709	4699710	2472
chr20	4699710	4699711	2509
chr20	4699711	4699712	2453
chr20	4699712	4699713	2475
chr20	4699713	4699714	2500
chr20	4699714	4699715	2475
chr20	4699715	4699716	2469
chr20	4699716	4699717	2485
chr20	4699717	4699718	2455
chr20	4699718	4699719	2441
chr20	4699719	4699720	2477
chr20	4699720	4699721	2500
chr20	4699721	4699722	2511
chr20	4699722	4699723	2536
chr20	4699723	4699724	2532
chr20	4699724	4699725	2514
chr20	4699725	4699726	2520
chr20	4699726	4699727	2648
chr20	4699727	4699728	2673
chr20	4699728	4699729	2685
chr20	4699729	4699730	2665
chr20	4699730	4699731	2668
chr20	4699731	4699732	2667
chr20	4699732	4699733	2703
chr20	4699733	4699734	2706
chr20	4699734	4699735	2652
chr20	4699735	4699736	2676
chr20	4699736	4699737	2634
chr20	4699737	4699738	2506
chr20	4699738	4699739	2516
chr20	4699739	4699740	2500
chr20	4699740	4699741	2583
chr20	4699741	4699742	2623
chr20	4699742	4699743	2663
chr20	4699743	4699744	2676
chr20	4699744	4699745	2718
chr20	4699745	4699746	2755
chr20	4699746	4699747	2741
chr20	4699747	4699748	2678
chr20	4699748	4699749	2614
chr20	4699749	4699750	2622
chr20	4699750	4699751	2673
chr20	4699751	4699752	2716
chr20	4699752	4699753	2672
chr20	4699753	4699754	2679
chr20	4699754	4699755	2645
chr20	4699755	4699756	2648
chr20	4699756	4699757	2720
chr20	4699757	4699758	2730
chr20	4699758	4699759	2682
chr20	4699759	4699760	2681
chr20	4699760	4699761	2672
chr20	4699761	4699762	2652
chr20	4699762	4699763	2681
chr20	4699763	4699764	2707
chr20	4699764	4699765	2728
chr20	4699765	4699766	2804
chr20	4699766	4699767	2759
chr20	4699767	4699768	2757
chr20	4699768	4699769	2724
chr20	4699769	4699770	2746
chr20	4699770	4699771	2750
chr20	4699771	4699772	2709
chr20	4699772	4699773	2737
chr20	4699773	4699774	2702
chr20	4699774	4699775	2696
chr20	4699775	4699776	2671
chr20	4699776	4699777	2577
chr20	4699777	4699778	2639
chr20	4699778	4699779	2651
chr20	4699779	4699780	2664
chr20	4699780	4699781	2692
chr20	4699781	4699782	2664
chr20	4699782	4699783	2679
chr20	4699783	4699784	2694
chr20	4699784	4699785	2692
chr20	4699785	4699786	2671
chr20	4699786	4699787	2642
chr20	4699787	4699788	2670
chr20	4699788	4699789	2690
chr20	4699789	4699790	2663
chr20	4699790	4699791	2647
chr20	4699791	4699792	2675
chr20	4699792	4699793	2641
chr20	4699793	4699795	2699
chr20	4699795	4699796	2679
chr20	4699796	4699797	2654
chr20	4699797	4699798	2645
chr20	4699798	4699799	2608
chr20	4699799	4699800	2572
chr20	4699800	4699801	2555
chr20	4699801	4699802	2632
chr20	4699802	4699803	2499
chr20	4699803	4699804	2489
chr20	4699804	4699805	2482
chr20	4699805	4699806	2532
chr20	4699806	4699807	2487
chr20	4699807	4699808	2461
chr20	4699808	4699809	2389
chr20	4699809	4699810	2391
chr20	4699810	4699811	2410
chr20	4699811	4699812	2411
chr20	4699812	4699813	2469
chr20	4699813	4699814	2832
chr20	4699814	4699815	2838
chr20	4699815	4699816	3016
chr20	4699816	4699817	2961
chr20	4699817	4699818	2924
chr20	4699818	4699819	2874
chr20	4699819	4699820	2870
chr20	4699820	4699821	2810
chr20	4699821	4699822	2807
chr20	4699822	4699823	2810
chr20	4699823	4699824	2797
chr20	4699824	4699825	2780
chr20	4699825	4699826	2834
chr20	4699826	4699827	2791
chr20	4699827	4699828	2764
chr20	4699828	4699829	2765
chr20	4699829	4699830	2764
chr20	4699830	4699831	2802
chr20	4699831	4699832	2800
chr20	4699832	4699833	2712
chr20	4699833	4699834	2686
chr20	4699834	4699835	2674
chr20	4699835	4699836	2668
chr20	4699836	4699837	2711
chr20	4699837	4699838	2738
chr20	4699838	4699839	2723
chr20	4699839	4699840	2697
chr20	4699840	4699841	2695
chr20	4699841	4699842	2706
chr20	4699842	4699843	2732
chr20	4699843	4699844	2724
chr20	4699844	4699845	2714
chr20	4699845	4699846	2678
chr20	4699846	4699847	2662
chr20	4699847	4699848	2669
chr20	4699848	4699849	2642
chr20	4699849	4699850	2657
chr20	4699850	4699851	2671
chr20	4699851	4699852	2670
chr20	4699852	4699853	2706
chr20	4699853	4699854	2758
chr20	4699854	4699855	2710
chr20	4699855	4699856	2711
chr20	4699856	4699857	2673
chr20	4699857	4699858	2670
chr20	4699858	4699859	2651
chr20	4699859	4699861	2634
chr20	4699861	4699862	2617
chr20	4699862	4699863	2658
chr20	4699863	4699865	2614
chr20	4699865	4699866	2590
chr20	4699866	4699867	2627
chr20	4699867	4699868	2590
chr20	4699868	4699869	2601
chr20	4699869	4699870	2538
chr20	4699870	4699871	2542
chr20	4699871	4699872	2527
chr20	4699872	4699873	2535
chr20	4699873	4699874	2577
chr20	4699874	4699875	2583
chr20	4699875	4699876	2578
chr20	4699876	4699877	2586
chr20	4699877	4699878	2546
chr20	4699878	4699879	2607
chr20	4699879	4699880	2646
chr20	4699880	4699881	2650
chr20	4699881	4699882	2589
chr20	4699882	4699883	2606
chr20	4699883	4699884	2611
chr20	4699884	4699885	2708
chr20	4699885	4699886	2698
chr20	4699886	4699887	2699
chr20	4699887	4699888	2649
chr20	4699888	4699889	2605
chr20	4699889	4699890	2255
chr20	4699890	4699891	2197
chr20	4699891	4699892	2017
chr20	4699892	4699893	1989
chr20	4699893	4699894	2004
chr20	4699894	4699896	2016
chr20	4699896	4699897	2019
chr20	4699897	4699898	1988
chr20	4699898	4699899	1969
chr20	4699899	4699900	1970
chr20	4699900	4699901	1973
chr20	4699901	4699902	1983
chr20	4699902	4699903	1970
chr20	4699903	4699904	1949
chr20	4699904	4699905	1966
chr20	4699905	4699906	1976
chr20	4699906	4699907	1957
chr20	4699907	4699908	1964
chr20	4699908	4699909	2066
chr20	4699909	4699910	2069
chr20	4699910	4699911	2074
chr20	4699911	4699912	2091
chr20	4699912	4699913	2039
chr20	4699913	4699914	2001
chr20	4699914	4699916	1997
chr20	4699916	4699917	2025
chr20	4699917	4699918	1945
chr20	4699918	4699919	1958
chr20	4699919	4699920	1964
chr20	4699920	4699921	1954
chr20	4699921	4699922	1972
chr20	4699922	4699923	1974
chr20	4699923	4699924	1969
chr20	4699924	4699925	1987
chr20	4699925	4699926	2005
chr20	4699926	4699927	2007
chr20	4699927	4699928	2067
chr20	4699928	4699929	2029
chr20	4699929	4699930	1910
chr20	4699930	4699931	1904
chr20	4699931	4699932	1899
chr20	4699932	4699933	1896
chr20	4699933	4699934	1865
chr20	4699934	4699935	1855
chr20	4699935	4699936	1873
chr20	4699936	4699937	1863
chr20	4699937	4699938	1872
chr20	4699938	4699939	1839
chr20	4699939	4699940	1840
chr20	4699940	4699941	1803
chr20	4699941	4699942	1801
chr20	4699942	4699943	1778
chr20	4699943	4699944	1812
chr20	4699944	4699945	1895
chr20	4699945	4699946	1939
chr20	4699946	4699947	2101
chr20	4699947	4699948	2096
chr20	4699948	4699949	2108
chr20	4699949	4699950	2110
chr20	4699950	4699951	2117
chr20	4699951	4699952	2137
chr20	4699952	4699953	2131
chr20	4699953	4699954	2143
chr20	4699954	4699955	2081
chr20	4699955	4699956	2007
chr20	4699956	4699957	2004
chr20	4699957	4699958	2018
chr20	4699958	4699959	1996
chr20	4699959	4699960	1994
chr20	4699960	4699961	1943
chr20	4699961	4699962	1944
chr20	4699962	4699963	1930
chr20	4699963	4699964	1982
chr20	4699964	4699965	1978
chr20	4699965	4699966	1959
chr20	4699966	4699967	1964
chr20	4699967	4699968	1968
chr20	4699968	4699969	1961
chr20	4699969	4699970	1960
chr20	4699970	4699971	1966
chr20	4699971	4699972	1992
chr20	4699972	4699973	2000
chr20	4699973	4699974	2070
chr20	4699974	4699975	2058
chr20	4699975	4699976	2084
chr20	4699976	4699977	2138
chr20	4699977	4699978	2065
chr20	4699978	4699979	2052
chr20	4699979	4699980	2061
chr20	4699980	4699981	2062
chr20	4699981	4699982	2074
chr20	4699982	4699983	2176
chr20	4699983	4699984	2210
chr20	4699984	4699985	2129
chr20	4699985	4699986	2148
chr20	4699986	4699987	2150
chr20	4699987	4699988	2139
chr20	4699988	4699989	2137
chr20	4699989	4699990	2141
chr20	4699990	4699991	2173
chr20	4699991	4699992	2196
chr20	4699992	4699993	2183
chr20	4699993	4699994	2194
chr20	4699994	4699995	2132
chr20	4699995	4699996	2122
chr20	4699996	4699997	2112
chr20	4699997	4699998	2099
chr20	4699998	4699999	2091
chr20	4699999	4700000	2088
chr20	4700000	4700001	2059
chr20	4700001	4700002	2020
chr20	4700002	4700003	2001
chr20	4700003	4700004	1932
chr20	4700004	4700005	1937
chr20	4700005	4700006	1949
chr20	4700006	4700007	1975
chr20	4700007	4700008	1998
chr20	4700008	4700009	2012
chr20	4700009	4700010	2016
chr20	4700010	4700011	2033
chr20	4700011	4700012	2001
chr20	4700012	4700013	1999
chr20	4700013	4700014	2003
chr20	4700014	4700015	2013
chr20	4700015	4700016	2106
chr20	4700016	4700017	2133
chr20	4700017	4700018	2129
chr20	4700018	4700019	2125
chr20	4700019	4700020	2087
chr20	4700020	4700021	1984
chr20	4700021	4700022	1972
chr20	4700022	4700023	1919
chr20	4700023	4700024	1914
chr20	4700024	4700025	1909
chr20	4700025	4700026	1878
chr20	4700026	4700027	1863
chr20	4700027	4700028	1856
chr20	4700028	4700029	1869
chr20	4700029	4700030	1848
chr20	4700030	4700031	1843
chr20	4700031	4700032	1848
chr20	4700032	4700033	1826
chr20	4700033	4700034	1813
chr20	4700034	4700035	1821
chr20	4700035	4700036	1904
chr20	4700036	4700037	1886
chr20	4700037	4700038	1948
chr20	4700038	4700039	1951
chr20	4700039	4700040	1905
chr20	4700040	4700041	1906
chr20	4700041	4700042	1946
chr20	4700042	4700043	1965
chr20	4700043	4700044	2010
chr20	4700044	4700045	2004
chr20	4700045	4700046	2045
chr20	4700046	4700047	2048
chr20	4700047	4700048	2045
chr20	4700048	4700049	2044
chr20	4700049	4700050	2011
chr20	4700050	4700051	2021
chr20	4700051	4700052	2048
chr20	4700052	4700053	2012
chr20	4700053	4700054	2017
chr20	4700054	4700055	2092
chr20	4700055	4700056	2135
chr20	4700056	4700057	2168
chr20	4700057	4700058	2166
chr20	4700058	4700059	2042
chr20	4700059	4700060	2009
chr20	4700060	4700061	2014
chr20	4700061	4700062	1993
chr20	4700062	4700063	2013
chr20	4700063	4700064	2031
chr20	4700064	4700065	2036
chr20	4700065	4700066	2095
chr20	4700066	4700067	2059
chr20	4700067	4700068	2029
chr20	4700068	4700069	2036
chr20	4700069	4700070	2080
chr20	4700070	4700071	2156
chr20	4700071	4700072	2143
chr20	4700072	4700073	2155
chr20	4700073	4700074	2151
chr20	4700074	4700075	2191
chr20	4700075	4700076	2183
chr20	4700076	4700077	2267
chr20	4700077	4700078	2269
chr20	4700078	4700079	2268
chr20	4700079	4700080	2253
chr20	4700080	4700081	2251
chr20	4700081	4700082	2276
chr20	4700082	4700083	2251
chr20	4700083	4700084	2223
chr20	4700084	4700085	2213
chr20	4700085	4700086	2221
chr20	4700086	4700087	2214
chr20	4700087	4700088	2237
chr20	4700088	4700089	2246
chr20	4700089	4700090	2234
chr20	4700090	4700091	2213
chr20	4700091	4700092	2141
chr20	4700092	4700093	2112
chr20	4700093	4700094	2374
chr20	4700094	4700095	2472
chr20	4700095	4700096	2528
chr20	4700096	4700097	2595
chr20	4700097	4700098	2572
chr20	4700098	4700099	2511
chr20	4700099	4700100	2522
chr20	4700100	4700101	2527
chr20	4700101	4700102	2572
chr20	4700102	4700103	2585
chr20	4700103	4700104	2639
chr20	4700104	4700105	2616
chr20	4700105	4700106	2629
chr20	4700106	4700107	2638
chr20	4700107	4700108	2620
chr20	4700108	4700109	2667
chr20	4700109	4700111	2664
chr20	4700111	4700112	2558
chr20	4700112	4700113	2537
chr20	4700113	4700114	2476
chr20	4700114	4700115	2488
chr20	4700115	4700116	2487
chr20	4700116	4700117	2463
chr20	4700117	4700118	2439
chr20	4700118	4700119	2424
chr20	4700119	4700120	2411
chr20	4700120	4700121	2423
chr20	4700121	4700122	2379
chr20	4700122	4700123	2450
chr20	4700123	4700124	2425
chr20	4700124	4700125	2437
chr20	4700125	4700126	2399
chr20	4700126	4700127	2393
chr20	4700127	4700128	2395
chr20	4700128	4700129	2375
chr20	4700129	4700130	2372
chr20	4700130	4700131	2294
chr20	4700131	4700132	2205
chr20	4700132	4700133	2212
chr20	4700133	4700134	2226
chr20	4700134	4700135	2362
chr20	4700135	4700136	2594
chr20	4700136	4700137	2638
chr20	4700137	4700138	2649
chr20	4700138	4700139	2641
chr20	4700139	4700140	2622
chr20	4700140	4700141	2646
chr20	4700141	4700142	2606
chr20	4700142	4700143	2611
chr20	4700143	4700144	2602
chr20	4700144	4700145	2556
chr20	4700145	4700146	2511
chr20	4700146	4700147	2576
chr20	4700147	4700148	2566
chr20	4700148	4700149	2565
chr20	4700149	4700150	2569
chr20	4700150	4700151	2572
chr20	4700151	4700152	2568
chr20	4700152	4700153	2628
chr20	4700153	4700154	2631
chr20	4700154	4700155	2665
chr20	4700155	4700156	2673
chr20	4700156	4700157	2716
chr20	4700157	4700158	2719
chr20	4700158	4700159	2733
chr20	4700159	4700160	2769
chr20	4700160	4700161	2784
chr20	4700161	4700162	2776
chr20	4700162	4700163	2798
chr20	4700163	4700164	2785
chr20	4700164	4700165	2775
chr20	4700165	4700166	2788
chr20	4700166	4700167	2789
chr20	4700167	4700169	2760
chr20	4700169	4700170	2525
chr20	4700170	4700171	2424
chr20	4700171	4700172	2362
chr20	4700172	4700173	2276
chr20	4700173	4700174	2347
chr20	4700174	4700175	2296
chr20	4700175	4700176	2297
chr20	4700176	4700177	2295
chr20	4700177	4700178	2269
chr20	4700178	4700179	2305
chr20	4700179	4700180	2323
chr20	4700180	4700181	2324
chr20	4700181	4700182	2289
chr20	4700182	4700183	2282
chr20	4700183	4700184	2330
chr20	4700184	4700185	2293
chr20	4700185	4700186	2301
chr20	4700186	4700187	2293
chr20	4700187	4700188	2319
chr20	4700188	4700189	2371
chr20	4700189	4700190	2391
chr20	4700190	4700191	2389
chr20	4700191	4700192	2395
chr20	4700192	4700193	2393
chr20	4700193	4700194	2400
chr20	4700194	4700195	2431
chr20	4700195	4700196	2436
chr20	4700196	4700197	2457
chr20	4700197	4700198	2473
chr20	4700198	4700199	2395
chr20	4700199	4700200	2414
chr20	4700200	4700201	2421
chr20	4700201	4700202	2482
chr20	4700202	4700203	2497
chr20	4700203	4700204	2455
chr20	4700204	4700205	2448
chr20	4700205	4700206	2484
chr20	4700206	4700207	2509
chr20	4700207	4700208	2531
chr20	4700208	4700209	2546
chr20	4700209	4700210	2545
chr20	4700210	4700211	2623
chr20	4700211	4700212	2430
chr20	4700212	4700213	2370
chr20	4700213	4700214	2353
chr20	4700214	4700215	2354
chr20	4700215	4700216	2409
chr20	4700216	4700217	2403
chr20	4700217	4700218	2422
chr20	4700218	4700219	2438
chr20	4700219	4700220	2452
chr20	4700220	4700221	2461
chr20	4700221	4700222	2504
chr20	4700222	4700223	2370
chr20	4700223	4700224	2404
chr20	4700224	4700225	2412
chr20	4700225	4700226	2422
chr20	4700226	4700227	2444
chr20	4700227	4700228	2523
chr20	4700228	4700229	2412
chr20	4700229	4700230	2425
chr20	4700230	4700231	2440
chr20	4700231	4700232	2442
chr20	4700232	4700233	2412
chr20	4700233	4700234	2391
chr20	4700234	4700235	2394
chr20	4700235	4700236	2362
chr20	4700236	4700237	2355
chr20	4700237	4700238	2371
chr20	4700238	4700239	2356
chr20	4700239	4700240	2375
chr20	4700240	4700241	2365
chr20	4700241	4700242	2359
chr20	4700242	4700243	2391
chr20	4700243	4700244	2406
chr20	4700244	4700245	2391
chr20	4700245	4700246	2375
chr20	4700246	4700247	2405
chr20	4700247	4700248	2412
chr20	4700248	4700249	2483
chr20	4700249	4700250	2435
chr20	4700250	4700251	2455
chr20	4700251	4700252	2475
chr20	4700252	4700253	2503
chr20	4700253	4700254	2498
chr20	4700254	4700255	2460
chr20	4700255	4700256	2397
chr20	4700256	4700257	2401
chr20	4700257	4700258	2412
chr20	4700258	4700259	2420
chr20	4700259	4700260	2400
chr20	4700260	4700261	2461
chr20	4700261	4700262	2458
chr20	4700262	4700263	2488
chr20	4700263	4700264	2470
chr20	4700264	4700265	2409
chr20	4700265	4700266	2390
chr20	4700266	4700267	2393
chr20	4700267	4700268	2375
chr20	4700268	4700269	2380
chr20	4700269	4700270	2377
chr20	4700270	4700271	2363
chr20	4700271	4700272	2335
chr20	4700272	4700273	2305
chr20	4700273	4700274	2322
chr20	4700274	4700275	2332
chr20	4700275	4700276	2323
chr20	4700276	4700277	2314
chr20	4700277	4700278	2253
chr20	4700278	4700279	2236
chr20	4700279	4700280	2279
chr20	4700280	4700281	2262
chr20	4700281	4700282	2245
chr20	4700282	4700283	2216
chr20	4700283	4700284	2185
chr20	4700284	4700285	2240
chr20	4700285	4700286	2248
chr20	4700286	4700287	2128
chr20	4700287	4700288	2108
chr20	4700288	4700289	2120
chr20	4700289	4700290	2137
chr20	4700290	4700291	2207
chr20	4700291	4700292	2160
chr20	4700292	4700293	2198
chr20	4700293	4700294	2208
chr20	4700294	4700295	2273
chr20	4700295	4700296	2279
chr20	4700296	4700297	2300
chr20	4700297	4700298	2350
chr20	4700298	4700299	2402
chr20	4700299	4700300	2405
chr20	4700300	4700301	2398
chr20	4700301	4700302	2392
chr20	4700302	4700303	2332
chr20	4700303	4700304	2249
chr20	4700304	4700305	2222
chr20	4700305	4700306	2254
chr20	4700306	4700307	2256
chr20	4700307	4700308	2234
chr20	4700308	4700309	2296
chr20	4700309	4700310	2297
chr20	4700310	4700311	2373
chr20	4700311	4700312	2389
chr20	4700312	4700313	2431
chr20	4700313	4700314	2424
chr20	4700314	4700315	2415
chr20	4700315	4700316	2437
chr20	4700316	4700317	2485
chr20	4700317	4700318	2545
chr20	4700318	4700319	2521
chr20	4700319	4700320	2511
chr20	4700320	4700321	2520
chr20	4700321	4700322	2528
chr20	4700322	4700323	2548
chr20	4700323	4700324	2551
chr20	4700324	4700325	2492
chr20	4700325	4700326	2458
chr20	4700326	4700327	2446
chr20	4700327	4700328	2423
chr20	4700328	4700329	2389
chr20	4700329	4700330	2368
chr20	4700330	4700331	2413
chr20	4700331	4700332	2453
chr20	4700332	4700333	2493
chr20	4700333	4700334	2523
chr20	4700334	4700335	2516
chr20	4700335	4700336	2494
chr20	4700336	4700337	2417
chr20	4700337	4700338	2411
chr20	4700338	4700339	2383
chr20	4700339	4700340	2382
chr20	4700340	4700341	2388
chr20	4700341	4700342	2389
chr20	4700342	4700343	2363
chr20	4700343	4700344	2365
chr20	4700344	4700345	2377
chr20	4700345	4700346	2378
chr20	4700346	4700347	2350
chr20	4700347	4700348	2330
chr20	4700348	4700349	2331
chr20	4700349	4700350	2336
chr20	4700350	4700351	2313
chr20	4700351	4700352	2407
chr20	4700352	4700353	2415
chr20	4700353	4700354	2447
chr20	4700354	4700355	2569
chr20	4700355	4700356	2567
chr20	4700356	4700357	2643
chr20	4700357	4700358	2622
chr20	4700358	4700359	2618
chr20	4700359	4700360	2623
chr20	4700360	4700361	2524
chr20	4700361	4700362	2479
chr20	4700362	4700363	2389
chr20	4700363	4700364	2373
chr20	4700364	4700365	2398
chr20	4700365	4700366	2407
chr20	4700366	4700367	2489
chr20	4700367	4700368	2491
chr20	4700368	4700369	2408
chr20	4700369	4700370	2418
chr20	4700370	4700371	2389
chr20	4700371	4700372	2391
chr20	4700372	4700373	2361
chr20	4700373	4700374	2212
chr20	4700374	4700375	2193
chr20	4700375	4700376	2207
chr20	4700376	4700377	2214
chr20	4700377	4700378	2228
chr20	4700378	4700379	2246
chr20	4700379	4700380	2253
chr20	4700380	4700381	2275
chr20	4700381	4700382	2296
chr20	4700382	4700383	2343
chr20	4700383	4700384	2367
chr20	4700384	4700385	2361
chr20	4700385	4700386	2428
chr20	4700386	4700387	2432
chr20	4700387	4700388	2538
chr20	4700388	4700389	2520
chr20	4700389	4700390	2514
chr20	4700390	4700391	2528
chr20	4700391	4700392	2483
chr20	4700392	4700393	2443
chr20	4700393	4700394	2384
chr20	4700394	4700395	2422
chr20	4700395	4700396	2420
chr20	4700396	4700397	2408
chr20	4700397	4700398	2430
chr20	4700398	4700399	2394
chr20	4700399	4700400	2372
chr20	4700400	4700401	2360
chr20	4700401	4700402	2331
chr20	4700402	4700403	2329
chr20	4700403	4700404	2318
chr20	4700404	4700405	2319
chr20	4700405	4700406	2330
chr20	4700406	4700407	2285
chr20	4700407	4700408	2258
chr20	4700408	4700409	2268
chr20	4700409	4700410	2246
chr20	4700410	4700411	2293
chr20	4700411	4700412	2303
chr20	4700412	4700413	2320
chr20	4700413	4700414	2331
chr20	4700414	4700415	2366
chr20	4700415	4700416	2409
chr20	4700416	4700417	2416
chr20	4700417	4700418	2409
chr20	4700418	4700419	2410
chr20	4700419	4700420	2405
chr20	4700420	4700421	2395
chr20	4700421	4700422	2421
chr20	4700422	4700423	2430
chr20	4700423	4700424	2447
chr20	4700424	4700425	2440
chr20	4700425	4700426	2406
chr20	4700426	4700427	2408
chr20	4700427	4700428	2330
chr20	4700428	4700429	2394
chr20	4700429	4700430	2372
chr20	4700430	4700431	2217
chr20	4700431	4700432	2232
chr20	4700432	4700433	2179
chr20	4700433	4700434	2175
chr20	4700434	4700435	2181
chr20	4700435	4700436	2288
chr20	4700436	4700437	2338
chr20	4700437	4700438	2404
chr20	4700438	4700439	2431
chr20	4700439	4700440	2438
chr20	4700440	4700441	2419
chr20	4700441	4700442	2438
chr20	4700442	4700443	2286
chr20	4700443	4700444	2295
chr20	4700444	4700445	2287
chr20	4700445	4700446	2248
chr20	4700446	4700447	2240
chr20	4700447	4700448	2223
chr20	4700448	4700449	2256
chr20	4700449	4700450	2271
chr20	4700450	4700451	2292
chr20	4700451	4700452	2264
chr20	4700452	4700453	2271
chr20	4700453	4700454	2261
chr20	4700454	4700455	2269
chr20	4700455	4700456	2275
chr20	4700456	4700457	2243
chr20	4700457	4700458	2186
chr20	4700458	4700459	2156
chr20	4700459	4700460	2163
chr20	4700460	4700461	2096
chr20	4700461	4700462	1993
chr20	4700462	4700463	1929
chr20	4700463	4700464	1826
chr20	4700464	4700465	1821
chr20	4700465	4700467	1817
chr20	4700467	4700468	1833
chr20	4700468	4700469	1850
chr20	4700469	4700470	1950
chr20	4700470	4700471	1912
chr20	4700471	4700472	1910
chr20	4700472	4700473	1925
chr20	4700473	4700474	1897
chr20	4700474	4700475	1882
#bedGraph section chr20:4700475-4701526
chr20	4700475	4700476	1934
chr20	4700476	4700477	1942
chr20	4700477	4700478	1980
chr20	4700478	4700479	2007
chr20	4700479	4700480	2002
chr20	4700480	4700481	2016
chr20	4700481	4700482	2009
chr20	4700482	4700483	2151
chr20	4700483	4700484	2183
chr20	4700484	4700485	2127
chr20	4700485	4700486	2122
chr20	4700486	4700487	2075
chr20	4700487	4700488	2058
chr20	4700488	4700489	2065
chr20	4700489	4700490	2045
chr20	4700490	4700491	2004
chr20	4700491	4700492	1982
chr20	4700492	4700493	1975
chr20	4700493	4700494	1979
chr20	4700494	4700497	2150
chr20	4700497	4700498	2124
chr20	4700498	4700499	2115
chr20	4700499	4700500	2139
chr20	4700500	4700501	2163
chr20	4700501	4700502	2275
chr20	4700502	4700503	2270
chr20	4700503	4700504	2256
chr20	4700504	4700505	2180
chr20	4700505	4700507	2169
chr20	4700507	4700508	2138
chr20	4700508	4700509	2157
chr20	4700509	4700510	2248
chr20	4700510	4700511	2312
chr20	4700511	4700512	2235
chr20	4700512	4700513	2192
chr20	4700513	4700514	2178
chr20	4700514	4700515	2173
chr20	4700515	4700516	2181
chr20	4700516	4700517	2177
chr20	4700517	4700518	2146
chr20	4700518	4700519	2199
chr20	4700519	4700520	2202
chr20	4700520	4700521	2277
chr20	4700521	4700522	2282
chr20	4700522	4700523	2255
chr20	4700523	4700524	2272
chr20	4700524	4700525	2247
chr20	4700525	4700526	2246
chr20	4700526	4700527	2225
chr20	4700527	4700528	2231
chr20	4700528	4700529	2214
chr20	4700529	4700530	2240
chr20	4700530	4700532	2234
chr20	4700532	4700533	2251
chr20	4700533	4700534	2233
chr20	4700534	4700535	2255
chr20	4700535	4700536	2221
chr20	4700536	4700537	2224
chr20	4700537	4700539	2232
chr20	4700539	4700540	2294
chr20	4700540	4700541	2287
chr20	4700541	4700542	2289
chr20	4700542	4700543	2276
chr20	4700543	4700544	2275
chr20	4700544	4700545	2293
chr20	4700545	4700546	2215
chr20	4700546	4700547	2279
chr20	4700547	4700548	2420
chr20	4700548	4700549	2415
chr20	4700549	4700550	2409
chr20	4700550	4700551	2431
chr20	4700551	4700552	2383
chr20	4700552	4700553	2373
chr20	4700553	4700554	2388
chr20	4700554	4700555	2355
chr20	4700555	4700556	2366
chr20	4700556	4700557	2368
chr20	4700557	4700558	2373
chr20	4700558	4700559	2226
chr20	4700559	4700560	2182
chr20	4700560	4700561	2184
chr20	4700561	4700562	2179
chr20	4700562	4700563	2216
chr20	4700563	4700564	2301
chr20	4700564	4700565	2360
chr20	4700565	4700566	2443
chr20	4700566	4700568	2455
chr20	4700568	4700569	2478
chr20	4700569	4700570	2527
chr20	4700570	4700571	2387
chr20	4700571	4700572	2395
chr20	4700572	4700573	2398
chr20	4700573	4700574	2411
chr20	4700574	4700575	2412
chr20	4700575	4700576	2373
chr20	4700576	4700577	2341
chr20	4700577	4700578	2231
chr20	4700578	4700579	2225
chr20	4700579	4700580	2238
chr20	4700580	4700581	2264
chr20	4700581	4700582	2281
chr20	4700582	4700583	2296
chr20	4700583	4700584	2289
chr20	4700584	4700585	2273
chr20	4700585	4700586	2208
chr20	4700586	4700587	2144
chr20	4700587	4700588	2169
chr20	4700588	4700589	2214
chr20	4700589	4700590	2159
chr20	4700590	4700591	2149
chr20	4700591	4700592	2158
chr20	4700592	4700593	2176
chr20	4700593	4700594	2228
chr20	4700594	4700595	2197
chr20	4700595	4700596	2179
chr20	4700596	4700597	2106
chr20	4700597	4700598	2092
chr20	4700598	4700599	2151
chr20	4700599	4700600	2122
chr20	4700600	4700601	2103
chr20	4700601	4700602	2095
chr20	4700602	4700603	2098
chr20	4700603	4700604	2088
chr20	4700604	4700605	2094
chr20	4700605	4700606	2070
chr20	4700606	4700607	2043
chr20	4700607	4700608	2032
chr20	4700608	4700609	2027
chr20	4700609	4700610	2180
chr20	4700610	4700611	2111
chr20	4700611	4700612	2177
chr20	4700612	4700613	2199
chr20	4700613	4700614	2228
chr20	4700614	4700615	2268
chr20	4700615	4700616	2260
chr20	4700616	4700617	2349
chr20	4700617	4700618	2426
chr20	4700618	4700619	2523
chr20	4700619	4700620	2582
chr20	4700620	4700621	2587
chr20	4700621	4700622	2579
chr20	4700622	4700623	2536
chr20	4700623	4700624	2401
chr20	4700624	4700625	2393
chr20	4700625	4700626	2402
chr20	4700626	4700627	2378
chr20	4700627	4700628	2396
chr20	4700628	4700629	2392
chr20	4700629	4700630	2356
chr20	4700630	4700631	2348
chr20	4700631	4700633	2356
chr20	4700633	4700634	2331
chr20	4700634	4700635	2337
chr20	4700635	4700636	2346
chr20	4700636	4700637	2371
chr20	4700637	4700638	2419
chr20	4700638	4700639	2387
chr20	4700639	4700640	2376
chr20	4700640	4700641	2305
chr20	4700641	4700642	2240
chr20	4700642	4700643	2228
chr20	4700643	4700644	2215
chr20	4700644	4700645	2196
chr20	4700645	4700646	2175
chr20	4700646	4700647	2171
chr20	4700647	4700648	2189
chr20	4700648	4700649	2176
chr20	4700649	4700650	2179
chr20	4700650	4700651	2191
chr20	4700651	4700652	2246
chr20	4700652	4700653	2260
chr20	4700653	4700654	2266
chr20	4700654	4700655	2262
chr20	4700655	4700656	2250
chr20	4700656	4700657	2219
chr20	4700657	4700658	2210
chr20	4700658	4700659	2187
chr20	4700659	4700660	2191
chr20	4700660	4700661	2173
chr20	4700661	4700662	2142
chr20	4700662	4700663	2161
chr20	4700663	4700664	2119
chr20	4700664	4700665	2075
chr20	4700665	4700666	2076
chr20	4700666	4700667	2057
chr20	4700667	4700668	2055
chr20	4700668	4700669	2020
chr20	4700669	4700670	1982
chr20	4700670	4700671	1945
chr20	4700671	4700672	1941
chr20	4700672	4700673	1948
chr20	4700673	4700674	1954
chr20	4700674	4700675	1898
chr20	4700675	4700676	1895
chr20	4700676	4700677	1911
chr20	4700677	4700678	1903
chr20	4700678	4700679	1907
chr20	4700679	4700680	1952
chr20	4700680	4700681	1961
chr20	4700681	4700682	2012
chr20	4700682	4700683	2067
chr20	4700683	4700684	2063
chr20	4700684	4700685	2058
chr20	4700685	4700686	1927
chr20	4700686	4700687	1921
chr20	4700687	4700688	1842
chr20	4700688	4700689	1828
chr20	4700689	4700690	1826
chr20	4700690	4700691	1781
chr20	4700691	4700692	1738
chr20	4700692	4700693	1650
chr20	4700693	4700694	1567
chr20	4700694	4700695	1438
chr20	4700695	4700696	1465
chr20	4700696	4700697	1464
chr20	4700697	4700698	1582
chr20	4700698	4700699	1579
chr20	4700699	4700700	1587
chr20	4700700	4700701	1589
chr20	4700701	4700702	1598
chr20	4700702	4700703	1595
chr20	4700703	4700704	1611
chr20	4700704	4700705	1623
chr20	4700705	4700706	1621
chr20	4700706	4700707	1635
chr20	4700707	4700708	1617
chr20	4700708	4700709	1623
chr20	4700709	4700710	1634
chr20	4700710	4700711	1626
chr20	4700711	4700712	1613
chr20	4700712	4700713	1619
chr20	4700713	4700714	1650
chr20	4700714	4700715	1661
chr20	4700715	4700716	1586
chr20	4700716	4700717	1577
chr20	4700717	4700718	1593
chr20	4700718	4700719	1599
chr20	4700719	4700720	1645
chr20	4700720	4700721	1661
chr20	4700721	4700722	1678
chr20	4700722	4700723	1659
chr20	4700723	4700724	1650
chr20	4700724	4700725	1745
chr20	4700725	4700727	1741
chr20	4700727	4700728	1755
chr20	4700728	4700729	1857
chr20	4700729	4700730	1993
chr20	4700730	4700731	2024
chr20	4700731	4700732	2079
chr20	4700732	4700733	2145
chr20	4700733	4700734	2169
chr20	4700734	4700735	2184
chr20	4700735	4700736	2182
chr20	4700736	4700737	2197
chr20	4700737	4700738	2206
chr20	4700738	4700739	2204
chr20	4700739	4700740	2212
chr20	4700740	4700741	2219
chr20	4700741	4700742	2220
chr20	4700742	4700743	2230
chr20	4700743	4700744	2243
chr20	4700744	4700745	2242
chr20	4700745	4700746	2212
chr20	4700746	4700748	2215
chr20	4700748	4700750	2204
chr20	4700750	4700751	2330
chr20	4700751	4700752	2340
chr20	4700752	4700753	2349
chr20	4700753	4700754	2357
chr20	4700754	4700755	2394
chr20	4700755	4700756	2352
chr20	4700756	4700757	2333
chr20	4700757	4700758	2285
chr20	4700758	4700759	2238
chr20	4700759	4700760	2241
chr20	4700760	4700761	2236
chr20	4700761	4700762	2263
chr20	4700762	4700763	2279
chr20	4700763	4700764	2272
chr20	4700764	4700765	2276
chr20	4700765	4700766	2253
chr20	4700766	4700767	2234
chr20	4700767	4700768	2224
chr20	4700768	4700769	2257
chr20	4700769	4700770	2275
chr20	4700770	4700771	2283
chr20	4700771	4700772	2194
chr20	4700772	4700773	2163
chr20	4700773	4700774	2046
chr20	4700774	4700775	2066
chr20	4700775	4700776	2064
chr20	4700776	4700777	2071
chr20	4700777	4700778	2135
chr20	4700778	4700779	2146
chr20	4700779	4700780	2118
chr20	4700780	4700781	2119
chr20	4700781	4700782	2162
chr20	4700782	4700783	2161
chr20	4700783	4700784	2180
chr20	4700784	4700785	2156
chr20	4700785	4700786	2137
chr20	4700786	4700787	2132
chr20	4700787	4700788	2121
chr20	4700788	4700789	2095
chr20	4700789	4700790	2014
chr20	4700790	4700791	1994
chr20	4700791	4700792	1998
chr20	4700792	4700793	2014
chr20	4700793	4700794	2030
chr20	4700794	4700795	2044
chr20	4700795	4700796	1975
chr20	4700796	4700797	2033
chr20	4700797	4700798	2181
chr20	4700798	4700799	2213
chr20	4700799	4700800	2223
chr20	4700800	4700801	2135
chr20	4700801	4700802	2128
chr20	4700802	4700803	2153
chr20	4700803	4700804	2095
chr20	4700804	4700805	2006
chr20	4700805	4700806	1866
chr20	4700806	4700807	1848
chr20	4700807	4700808	1926
chr20	4700808	4700809	1874
chr20	4700809	4700810	1921
chr20	4700810	4700811	1907
chr20	4700811	4700812	1911
chr20	4700812	4700813	1906
chr20	4700813	4700814	1938
chr20	4700814	4700815	2021
chr20	4700815	4700816	2025
chr20	4700816	4700817	2096
chr20	4700817	4700818	2103
chr20	4700818	4700819	2187
chr20	4700819	4700820	2149
chr20	4700820	4700821	2179
chr20	4700821	4700822	2188
chr20	4700822	4700823	2184
chr20	4700823	4700824	2240
chr20	4700824	4700825	2243
chr20	4700825	4700826	2273
chr20	4700826	4700827	2173
chr20	4700827	4700828	2161
chr20	4700828	4700829	2167
chr20	4700829	4700830	2163
chr20	4700830	4700831	2110
chr20	4700831	4700832	2144
chr20	4700832	4700833	2153
chr20	4700833	4700834	2207
chr20	4700834	4700835	2295
chr20	4700835	4700836	2401
chr20	4700836	4700837	2461
chr20	4700837	4700838	2449
chr20	4700838	4700839	2561
chr20	4700839	4700840	2587
chr20	4700840	4700841	2655
chr20	4700841	4700842	2667
chr20	4700842	4700843	2668
chr20	4700843	4700844	2672
chr20	4700844	4700845	2636
chr20	4700845	4700846	2664
chr20	4700846	4700847	2668
chr20	4700847	4700848	2706
chr20	4700848	4700849	2712
chr20	4700849	4700850	2709
chr20	4700850	4700851	2669
chr20	4700851	4700852	2685
chr20	4700852	4700853	2699
chr20	4700853	4700854	2619
chr20	4700854	4700855	2608
chr20	4700855	4700856	2609
chr20	4700856	4700857	2601
chr20	4700857	4700858	2566
chr20	4700858	4700859	2555
chr20	4700859	4700860	2539
chr20	4700860	4700861	2535
chr20	4700861	4700862	2537
chr20	4700862	4700863	2626
chr20	4700863	4700864	2663
chr20	4700864	4700865	2692
chr20	4700865	4700866	2697
chr20	4700866	4700867	2703
chr20	4700867	4700868	2736
chr20	4700868	4700869	2802
chr20	4700869	4700870	2836
chr20	4700870	4700871	2901
chr20	4700871	4700872	2919
chr20	4700872	4700873	2876
chr20	4700873	4700874	2714
chr20	4700874	4700875	2735
chr20	4700875	4700876	2742
chr20	4700876	4700877	2774
chr20	4700877	4700878	2838
chr20	4700878	4700879	2944
chr20	4700879	4700880	2947
chr20	4700880	4700881	2936
chr20	4700881	4700882	2933
chr20	4700882	4700883	2958
chr20	4700883	4700884	2837
chr20	4700884	4700885	2797
chr20	4700885	4700886	2785
chr20	4700886	4700887	2789
chr20	4700887	4700888	2786
chr20	4700888	4700889	2797
chr20	4700889	4700890	2782
chr20	4700890	4700891	2728
chr20	4700891	4700892	2720
chr20	4700892	4700893	2649
chr20	4700893	4700894	2689
chr20	4700894	4700895	2607
chr20	4700895	4700896	2637
chr20	4700896	4700897	2691
chr20	4700897	4700898	2711
chr20	4700898	4700899	2781
chr20	4700899	4700900	2750
chr20	4700900	4700901	2769
chr20	4700901	4700902	2748
chr20	4700902	4700903	2722
chr20	4700903	4700904	2761
chr20	4700904	4700905	2798
chr20	4700905	4700906	2805
chr20	4700906	4700907	2850
chr20	4700907	4700908	2853
chr20	4700908	4700909	2868
chr20	4700909	4700910	2794
chr20	4700910	4700911	2725
chr20	4700911	4700912	2651
chr20	4700912	4700913	2589
chr20	4700913	4700914	2584
chr20	4700914	4700915	2467
chr20	4700915	4700916	2525
chr20	4700916	4700917	2488
chr20	4700917	4700918	2494
chr20	4700918	4700919	2500
chr20	4700919	4700920	2493
chr20	4700920	4700921	2498
chr20	4700921	4700922	2461
chr20	4700922	4700923	2459
chr20	4700923	4700924	2432
chr20	4700924	4700925	2421
chr20	4700925	4700926	2401
chr20	4700926	4700927	2476
chr20	4700927	4700928	2465
chr20	4700928	4700929	2447
chr20	4700929	4700930	2445
chr20	4700930	4700931	2450
chr20	4700931	4700932	2473
chr20	4700932	4700933	2503
chr20	4700933	4700934	2505
chr20	4700934	4700935	2576
chr20	4700935	4700936	2594
chr20	4700936	4700937	2621
chr20	4700937	4700938	2777
chr20	4700938	4700939	2757
chr20	4700939	4700940	2806
chr20	4700940	4700941	2788
chr20	4700941	4700942	2798
chr20	4700942	4700943	2805
chr20	4700943	4700944	2850
chr20	4700944	4700945	2827
chr20	4700945	4700946	2758
chr20	4700946	4700947	2679
chr20	4700947	4700948	2666
chr20	4700948	4700949	2622
chr20	4700949	4700950	2652
chr20	4700950	4700951	2604
chr20	4700951	4700952	2578
chr20	4700952	4700953	2536
chr20	4700953	4700954	2482
chr20	4700954	4700955	2383
chr20	4700955	4700956	2399
chr20	4700956	4700957	2404
chr20	4700957	4700958	2415
chr20	4700958	4700959	2412
chr20	4700959	4700960	2418
chr20	4700960	4700961	2477
chr20	4700961	4700962	2599
chr20	4700962	4700963	2694
chr20	4700963	4700964	2736
chr20	4700964	4700965	2745
chr20	4700965	4700966	2740
chr20	4700966	4700967	2676
chr20	4700967	4700968	2672
chr20	4700968	4700969	2726
chr20	4700969	4700970	2683
chr20	4700970	4700971	2736
chr20	4700971	4700972	2741
chr20	4700972	4700973	2664
chr20	4700973	4700974	2631
chr20	4700974	4700975	2582
chr20	4700975	4700976	2563
chr20	4700976	4700977	2541
chr20	4700977	4700978	2525
chr20	4700978	4700979	2532
chr20	4700979	4700980	2484
chr20	4700980	4700981	2477
chr20	4700981	4700982	2486
chr20	4700982	4700983	2484
chr20	4700983	4700984	2707
chr20	4700984	4700985	2693
chr20	4700985	4700986	2704
chr20	4700986	4700987	2707
chr20	4700987	4700988	2690
chr20	4700988	4700989	2714
chr20	4700989	4700990	2723
chr20	4700990	4700991	2760
chr20	4700991	4700992	2675
chr20	4700992	4700993	2734
chr20	4700993	4700995	2776
chr20	4700995	4700996	2790
chr20	4700996	4700997	2793
chr20	4700997	4700998	2786
chr20	4700998	4700999	2782
chr20	4700999	4701000	2768
chr20	4701000	4701001	2770
chr20	4701001	4701002	2818
chr20	4701002	4701003	2758
chr20	4701003	4701004	2882
chr20	4701004	4701005	2901
chr20	4701005	4701006	2905
chr20	4701006	4701007	2906
chr20	4701007	4701008	2880
chr20	4701008	4701009	2843
chr20	4701009	4701010	2891
chr20	4701010	4701011	2842
chr20	4701011	4701012	2825
chr20	4701012	4701013	2801
chr20	4701013	4701014	2674
chr20	4701014	4701015	2622
chr20	4701015	4701016	2535
chr20	4701016	4701017	2522
chr20	4701017	4701018	2507
chr20	4701018	4701019	2512
chr20	4701019	4701020	2519
chr20	4701020	4701021	2531
chr20	4701021	4701022	2589
chr20	4701022	4701023	2583
chr20	4701023	4701024	2599
chr20	4701024	4701025	2616
chr20	4701025	4701026	2692
chr20	4701026	4701027	2694
chr20	4701027	4701028	2799
chr20	4701028	4701029	2825
chr20	4701029	4701030	2815
chr20	4701030	4701031	2804
chr20	4701031	4701032	2809
chr20	4701032	4701033	2792
chr20	4701033	4701034	2757
chr20	4701034	4701035	2739
chr20	4701035	4701036	2777
chr20	4701036	4701037	2727
chr20	4701037	4701038	2558
chr20	4701038	4701039	2458
chr20	4701039	4701040	2413
chr20	4701040	4701041	2389
chr20	4701041	4701043	2383
chr20	4701043	4701044	2397
chr20	4701044	4701045	2336
chr20	4701045	4701046	2389
chr20	4701046	4701047	2451
chr20	4701047	4701048	2431
chr20	4701048	4701049	2427
chr20	4701049	4701050	2468
chr20	4701050	4701051	2557
chr20	4701051	4701052	2658
chr20	4701052	4701053	2660
chr20	4701053	4701054	2659
chr20	4701054	4701055	2678
chr20	4701055	4701056	2693
chr20	4701056	4701057	2654
chr20	4701057	4701058	2644
chr20	4701058	4701059	2622
chr20	4701059	4701060	2373
chr20	4701060	4701061	2368
chr20	4701061	4701062	2376
chr20	4701062	4701063	2367
chr20	4701063	4701064	2392
chr20	4701064	4701065	2365
chr20	4701065	4701066	2331
chr20	4701066	4701067	2396
chr20	4701067	4701068	2392
chr20	4701068	4701069	2306
chr20	4701069	4701070	2297
chr20	4701070	4701071	2291
chr20	4701071	4701072	2281
chr20	4701072	4701073	2272
chr20	4701073	4701075	2282
chr20	4701075	4701076	2325
chr20	4701076	4701077	2332
chr20	4701077	4701078	2331
chr20	4701078	4701079	2322
chr20	4701079	4701080	2223
chr20	4701080	4701081	2196
chr20	4701081	4701082	2191
chr20	4701082	4701083	2180
chr20	4701083	4701084	2181
chr20	4701084	4701085	2223
chr20	4701085	4701086	2198
chr20	4701086	4701087	2186
chr20	4701087	4701088	2193
chr20	4701088	4701089	2199
chr20	4701089	4701090	2215
chr20	4701090	4701091	2231
chr20	4701091	4701092	2244
chr20	4701092	4701093	2245
chr20	4701093	4701094	2259
chr20	4701094	4701095	2335
chr20	4701095	4701096	2273
chr20	4701096	4701097	2213
chr20	4701097	4701098	2150
chr20	4701098	4701099	2160
chr20	4701099	4701100	2128
chr20	4701100	4701101	2237
chr20	4701101	4701102	2120
chr20	4701102	4701103	2173
chr20	4701103	4701104	2090
chr20	4701104	4701105	2063
chr20	4701105	4701106	2090
chr20	4701106	4701107	2078
chr20	4701107	4701108	2059
chr20	4701108	4701109	2063
chr20	4701109	4701110	2126
chr20	4701110	4701111	2192
chr20	4701111	4701112	2201
chr20	4701112	4701113	2262
chr20	4701113	4701114	2281
chr20	4701114	4701115	2297
chr20	4701115	4701116	2308
chr20	4701116	4701117	2321
chr20	4701117	4701118	2336
chr20	4701118	4701119	2338
chr20	4701119	4701120	2334
chr20	4701120	4701121	2356
chr20	4701121	4701122	2294
chr20	4701122	4701123	2181
chr20	4701123	4701124	2175
chr20	4701124	4701125	2166
chr20	4701125	4701126	2059
chr20	4701126	4701127	1964
chr20	4701127	4701128	1910
chr20	4701128	4701129	1917
chr20	4701129	4701130	1937
chr20	4701130	4701131	1926
chr20	4701131	4701132	1927
chr20	4701132	4701134	1916
chr20	4701134	4701135	1902
chr20	4701135	4701136	1880
chr20	4701136	4701137	1881
chr20	4701137	4701138	1863
chr20	4701138	4701139	1886
chr20	4701139	4701140	1828
chr20	4701140	4701141	1819
chr20	4701141	4701142	1814
chr20	4701142	4701143	1681
chr20	4701143	4701144	1678
chr20	4701144	4701145	1676
chr20	4701145	4701146	1658
chr20	4701146	4701147	1668
chr20	4701147	4701148	1706
chr20	4701148	4701149	1721
chr20	4701149	4701150	1733
chr20	4701150	4701151	1731
chr20	4701151	4701152	1690
chr20	4701152	4701153	1724
chr20	4701153	4701154	1689
chr20	4701154	4701155	1774
chr20	4701155	4701156	1771
chr20	4701156	4701157	1789
chr20	4701157	4701158	1815
chr20	4701158	4701159	1841
chr20	4701159	4701160	1846
chr20	4701160	4701161	1831
chr20	4701161	4701162	1798
chr20	4701162	4701163	1797
chr20	4701163	4701164	1803
chr20	4701164	4701165	1881
chr20	4701165	4701166	1872
chr20	4701166	4701167	1886
chr20	4701167	4701168	1901
chr20	4701168	4701169	1951
chr20	4701169	4701170	1946
chr20	4701170	4701171	1850
chr20	4701171	4701172	1826
chr20	4701172	4701174	1811
chr20	4701174	4701175	1895
chr20	4701175	4701176	1902
chr20	4701176	4701177	1786
chr20	4701177	4701178	1783
chr20	4701178	4701179	1731
chr20	4701179	4701180	1710
chr20	4701180	4701181	1709
chr20	4701181	4701183	1714
chr20	4701183	4701184	1711
chr20	4701184	4701185	1727
chr20	4701185	4701186	1648
chr20	4701186	4701187	1593
chr20	4701187	4701188	1528
chr20	4701188	4701189	1459
chr20	4701189	4701190	1445
chr20	4701190	4701191	1422
chr20	4701191	4701192	1427
chr20	4701192	4701193	1420
chr20	4701193	4701194	1402
chr20	4701194	4701195	1384
chr20	4701195	4701196	1379
chr20	4701196	4701197	1353
chr20	4701197	4701199	1356
chr20	4701199	4701201	1348
chr20	4701201	4701202	1361
chr20	4701202	4701203	1375
chr20	4701203	4701204	1385
chr20	4701204	4701205	1376
chr20	4701205	4701206	1347
chr20	4701206	4701207	1471
chr20	4701207	4701208	1462
chr20	4701208	4701209	1459
chr20	4701209	4701210	1447
chr20	4701210	4701211	1444
chr20	4701211	4701212	1454
chr20	4701212	4701213	1451
chr20	4701213	4701214	1445
chr20	4701214	4701215	1416
chr20	4701215	4701216	1424
chr20	4701216	4701217	1425
chr20	4701217	4701218	1442
chr20	4701218	4701220	1462
chr20	4701220	4701221	1457
chr20	4701221	4701222	1463
chr20	4701222	4701223	1468
chr20	4701223	4701224	1430
chr20	4701224	4701226	1443
chr20	4701226	4701227	1486
chr20	4701227	4701228	1489
chr20	4701228	4701229	1475
chr20	4701229	4701230	1478
chr20	4701230	4701231	1371
chr20	4701231	4701232	1360
chr20	4701232	4701233	1342
chr20	4701233	4701234	1328
chr20	4701234	4701235	1300
chr20	4701235	4701236	1314
chr20	4701236	4701237	1293
chr20	4701237	4701238	1289
chr20	4701238	4701239	1304
chr20	4701239	4701240	1324
chr20	4701240	4701241	1270
chr20	4701241	4701242	1246
chr20	4701242	4701243	1202
chr20	4701243	4701244	1211
chr20	4701244	4701245	1142
chr20	4701245	4701246	1176
chr20	4701246	4701247	1175
chr20	4701247	4701248	1186
chr20	4701248	4701249	1197
chr20	4701249	4701250	1195
chr20	4701250	4701251	1105
chr20	4701251	4701252	1100
chr20	4701252	4701253	1094
chr20	4701253	4701254	1113
chr20	4701254	4701255	1126
chr20	4701255	4701256	1185
chr20	4701256	4701257	1207
chr20	4701257	4701258	1179
chr20	4701258	4701259	1165
chr20	4701259	4701260	1159
chr20	4701260	4701261	1138
chr20	4701261	4701262	1155
chr20	4701262	4701263	1165
chr20	4701263	4701264	1175
chr20	4701264	4701265	1182
chr20	4701265	4701266	1183
chr20	4701266	4701267	1190
chr20	4701267	4701268	1185
chr20	4701268	4701270	1195
chr20	4701270	4701271	1216
chr20	4701271	4701272	1211
chr20	4701272	4701273	1241
chr20	4701273	4701274	1224
chr20	4701274	4701275	1231
chr20	4701275	4701276	1228
chr20	4701276	4701277	1254
chr20	4701277	4701279	1273
chr20	4701279	4701280	1269
chr20	4701280	4701281	1265
chr20	4701281	4701282	1303
chr20	4701282	4701283	1191
chr20	4701283	4701284	1202
chr20	4701284	4701285	1220
chr20	4701285	4701286	1226
chr20	4701286	4701287	1228
chr20	4701287	4701288	1224
chr20	4701288	4701289	1222
chr20	4701289	4701290	1234
chr20	4701290	4701291	1277
chr20	4701291	4701292	1270
chr20	4701292	4701293	1324
chr20	4701293	4701294	1313
chr20	4701294	4701295	1295
chr20	4701295	4701296	1292
chr20	4701296	4701297	1386
chr20	4701297	4701298	1381
chr20	4701298	4701299	1383
chr20	4701299	4701300	1391
chr20	4701300	4701301	1389
chr20	4701301	4701302	1362
chr20	4701302	4701303	1368
chr20	4701303	4701304	1477
chr20	4701304	4701305	1525
chr20	4701305	4701306	1541
chr20	4701306	4701307	1540
chr20	4701307	4701308	1545
chr20	4701308	4701309	1621
chr20	4701309	4701311	1610
chr20	4701311	4701312	1598
chr20	4701312	4701313	1593
chr20	4701313	4701314	1608
chr20	4701314	4701315	1600
chr20	4701315	4701316	1586
chr20	4701316	4701317	1561
chr20	4701317	4701318	1596
chr20	4701318	4701319	1620
chr20	4701319	4701320	1622
chr20	4701320	4701321	1652
chr20	4701321	4701322	1625
chr20	4701322	4701323	1624
chr20	4701323	4701324	1611
chr20	4701324	4701325	1621
chr20	4701325	4701326	1644
chr20	4701326	4701327	1721
chr20	4701327	4701328	1770
chr20	4701328	4701329	1763
chr20	4701329	4701330	1742
chr20	4701330	4701331	1744
chr20	4701331	4701332	1693
chr20	4701332	4701333	1667
chr20	4701333	4701334	1678
chr20	4701334	4701335	1676
chr20	4701335	4701336	1693
chr20	4701336	4701337	1696
chr20	4701337	4701338	1718
chr20	4701338	4701339	1709
chr20	4701339	4701340	1731
chr20	4701340	4701341	1795
chr20	4701341	4701342	1831
chr20	4701342	4701343	1855
chr20	4701343	4701344	1850
chr20	4701344	4701345	1858
chr20	4701345	4701346	1865
chr20	4701346	4701347	1848
chr20	4701347	4701348	1929
chr20	4701348	4701349	1905
chr20	4701349	4701350	1911
chr20	4701350	4701351	1898
chr20	4701351	4701352	1909
chr20	4701352	4701353	1914
chr20	4701353	4701354	1885
chr20	4701354	4701355	1870
chr20	4701355	4701356	1863
chr20	4701356	4701357	1868
chr20	4701357	4701358	1832
chr20	4701358	4701359	1788
chr20	4701359	4701360	1771
chr20	4701360	4701361	1788
chr20	4701361	4701362	1812
chr20	4701362	4701363	1814
chr20	4701363	4701364	1806
chr20	4701364	4701365	1807
chr20	4701365	4701366	1798
chr20	4701366	4701367	1764
chr20	4701367	4701368	1790
chr20	4701368	4701369	1753
chr20	4701369	4701370	1763
chr20	4701370	4701371	1767
chr20	4701371	4701372	1760
chr20	4701372	4701373	1713
chr20	4701373	4701374	1746
chr20	4701374	4701375	1818
chr20	4701375	4701376	1829
chr20	4701376	4701377	1808
chr20	4701377	4701378	1829
chr20	4701378	4701379	1790
chr20	4701379	4701380	1705
chr20	4701380	4701381	1637
chr20	4701381	4701382	1639
chr20	4701382	4701383	1640
chr20	4701383	4701384	1702
chr20	4701384	4701385	1716
chr20	4701385	4701386	1780
chr20	4701386	4701387	1841
chr20	4701387	4701388	1866
chr20	4701388	4701389	1886
chr20	4701389	4701390	1876
chr20	4701390	4701391	1867
chr20	4701391	4701392	1859
chr20	4701392	4701393	1930
chr20	4701393	4701394	1899
chr20	4701394	4701395	1910
chr20	4701395	4701396	1897
chr20	4701396	4701397	1958
chr20	4701397	4701398	1974
chr20	4701398	4701399	2028
chr20	4701399	4701400	2097
chr20	4701400	4701401	2141
chr20	4701401	4701402	2146
chr20	4701402	4701403	2079
chr20	4701403	4701404	2050
chr20	4701404	4701405	2039
chr20	4701405	4701406	2027
chr20	4701406	4701407	2023
chr20	4701407	4701408	2020
chr20	4701408	4701409	2021
chr20	4701409	4701410	2007
chr20	4701410	4701411	1999
chr20	4701411	4701413	1981
chr20	4701413	4701414	1941
chr20	4701414	4701415	1932
chr20	4701415	4701416	1901
chr20	4701416	4701417	1815
chr20	4701417	4701418	1808
chr20	4701418	4701419	1776
chr20	4701419	4701420	1773
chr20	4701420	4701421	1768
chr20	4701421	4701422	1764
chr20	4701422	4701423	1763
chr20	4701423	4701424	1677
chr20	4701424	4701425	1687
chr20	4701425	4701426	1684
chr20	4701426	4701427	1679
chr20	4701427	4701428	1672
chr20	4701428	4701429	1640
chr20	4701429	4701430	1638
chr20	4701430	4701431	1634
chr20	4701431	4701432	1636
chr20	4701432	4701433	1648
chr20	4701433	4701434	1655
chr20	4701434	4701435	1664
chr20	4701435	4701436	1669
chr20	4701436	4701437	1638
chr20	4701437	4701438	1615
chr20	4701438	4701439	1602
chr20	4701439	4701440	1609
chr20	4701440	4701441	1607
chr20	4701441	4701442	1594
chr20	4701442	4701443	1580
chr20	4701443	4701444	1554
chr20	4701444	4701445	1542
chr20	4701445	4701446	1526
chr20	4701446	4701447	1519
chr20	4701447	4701448	1510
chr20	4701448	4701449	1453
chr20	4701449	4701450	1426
chr20	4701450	4701451	1338
chr20	4701451	4701452	1316
chr20	4701452	4701453	1307
chr20	4701453	4701454	1279
chr20	4701454	4701455	1271
chr20	4701455	4701456	1240
chr20	4701456	4701457	1228
chr20	4701457	4701458	1192
chr20	4701458	4701459	1187
chr20	4701459	4701460	1124
chr20	4701460	4701461	1036
chr20	4701461	4701462	967
chr20	4701462	4701463	876
chr20	4701463	4701464	855
chr20	4701464	4701465	854
chr20	4701465	4701466	847
chr20	4701466	4701467	845
chr20	4701467	4701468	838
chr20	4701468	4701470	759
chr20	4701470	4701471	723
chr20	4701471	4701472	693
chr20	4701472	4701473	599
chr20	4701473	4701474	589
chr20	4701474	4701475	554
chr20	4701475	4701476	482
chr20	4701476	4701477	406
chr20	4701477	4701478	373
chr20	4701478	4701479	364
chr20	4701479	4701480	340
chr20	4701480	4701481	347
chr20	4701481	4701482	423
chr20	4701482	4701483	420
chr20	4701483	4701484	474
chr20	4701484	4701485	475
chr20	4701485	4701486	485
chr20	4701486	4701487	489
chr20	4701487	4701488	494
chr20	4701488	4701489	500
chr20	4701489	4701490	526
chr20	4701490	4701491	522
chr20	4701491	4701492	521
chr20	4701492	4701493	525
chr20	4701493	4701494	516
chr20	4701494	4701495	536
chr20	4701495	4701496	532
chr20	4701496	4701497	526
chr20	4701497	4701498	529
chr20	4701498	4701499	538
chr20	4701499	4701500	565
chr20	4701500	4701501	550
chr20	4701501	4701502	554
chr20	4701502	4701504	599
chr20	4701504	4701505	605
chr20	4701505	4701506	612
chr20	4701506	4701507	616
chr20	4701507	4701508	699
chr20	4701508	4701509	741
chr20	4701509	4701510	758
chr20	4701510	4701511	759
chr20	4701511	4701512	757
chr20	4701512	4701513	787
chr20	4701513	4701514	805
chr20	4701514	4701515	808
chr20	4701515	4701516	797
chr20	4701516	4701517	794
chr20	4701517	4701518	792
chr20	4701518	4701519	794
chr20	4701519	4701520	795
chr20	4701520	4701521	792
chr20	4701521	4701523	790
chr20	4701523	4701524	787
chr20	4701524	4701525	782
chr20	4701525	4701526	779
#bedGraph section chr20:4701526-4780879
chr20	4701526	4701527	778
chr20	4701527	4701528	779
chr20	4701528	4701529	778
chr20	4701529	4701530	776
chr20	4701530	4701531	769
chr20	4701531	4701532	774
chr20	4701532	4701533	772
chr20	4701533	4701534	766
chr20	4701534	4701535	765
chr20	4701535	4701536	757
chr20	4701536	4701537	756
chr20	4701537	4701538	755
chr20	4701538	4701539	751
chr20	4701539	4701540	747
chr20	4701540	4701543	741
chr20	4701543	4701544	735
chr20	4701544	4701545	734
chr20	4701545	4701546	720
chr20	4701546	4701547	714
chr20	4701547	4701548	712
chr20	4701548	4701549	703
chr20	4701549	4701550	698
chr20	4701550	4701551	678
chr20	4701551	4701552	675
chr20	4701552	4701555	671
chr20	4701555	4701556	667
chr20	4701556	4701557	652
chr20	4701557	4701558	567
chr20	4701558	4701559	566
chr20	4701559	4701560	507
chr20	4701560	4701561	506
chr20	4701561	4701562	497
chr20	4701562	4701563	492
chr20	4701563	4701564	485
chr20	4701564	4701565	471
chr20	4701565	4701567	444
chr20	4701567	4701568	442
chr20	4701568	4701569	436
chr20	4701569	4701570	418
chr20	4701570	4701571	391
chr20	4701571	4701573	390
chr20	4701573	4701574	375
chr20	4701574	4701575	364
chr20	4701575	4701576	334
chr20	4701576	4701577	327
chr20	4701577	4701578	324
chr20	4701578	4701579	276
chr20	4701579	4701580	274
chr20	4701580	4701581	267
chr20	4701581	4701582	257
chr20	4701582	4701583	252
chr20	4701583	4701584	163
chr20	4701584	4701585	94
chr20	4701585	4701586	79
chr20	4701586	4701587	69
chr20	4701587	4701588	42
chr20	4701588	4701589	9
chr20	4701589	4701590	4
chr20	4701590	4703512	0
