track type=wiggle_0 name="Brain Nucl acc bas gang" description="Brain Nucleus accumbens basal ganglia"
#bedGraph section chr20:4676039-4699592
chr20	4686105	4686121	1
chr20	4686121	4686150	2
chr20	4686150	4686179	3
chr20	4686179	4686181	4
chr20	4686181	4686193	3
chr20	4686193	4686197	4
chr20	4686197	4686201	3
chr20	4686201	4686222	4
chr20	4686222	4686226	5
chr20	4686226	4686235	4
chr20	4686235	4686236	5
chr20	4686236	4686255	6
chr20	4686255	4686265	5
chr20	4686265	4686269	6
chr20	4686269	4686276	5
chr20	4686276	4686277	6
chr20	4686277	4686282	5
chr20	4686282	4686283	6
chr20	4686283	4686298	7
chr20	4686298	4686306	6
chr20	4686306	4686311	7
chr20	4686311	4686312	6
chr20	4686312	4686318	5
chr20	4686318	4686319	6
chr20	4686319	4686341	7
chr20	4686341	4686343	6
chr20	4686343	4686348	7
chr20	4686348	4686349	8
chr20	4686349	4686352	10
chr20	4686352	4686353	9
chr20	4686353	4686354	12
chr20	4686354	4686357	14
chr20	4686357	4686358	16
chr20	4686358	4686359	15
chr20	4686359	4686365	14
chr20	4686365	4686367	15
chr20	4686367	4686369	17
chr20	4686369	4686370	22
chr20	4686370	4686375	23
chr20	4686375	4686377	24
chr20	4686377	4686378	25
chr20	4686378	4686380	27
chr20	4686380	4686381	28
chr20	4686381	4686383	27
chr20	4686383	4686384	28
chr20	4686384	4686385	29
chr20	4686385	4686387	30
chr20	4686387	4686388	32
chr20	4686388	4686389	35
chr20	4686389	4686390	36
chr20	4686390	4686391	37
chr20	4686391	4686392	39
chr20	4686392	4686393	41
chr20	4686393	4686394	42
chr20	4686394	4686395	41
chr20	4686395	4686402	40
chr20	4686402	4686407	41
chr20	4686407	4686408	45
chr20	4686408	4686409	46
chr20	4686409	4686411	47
chr20	4686411	4686413	52
chr20	4686413	4686414	61
chr20	4686414	4686415	63
chr20	4686415	4686416	65
chr20	4686416	4686419	66
chr20	4686419	4686420	65
chr20	4686420	4686425	67
chr20	4686425	4686426	65
chr20	4686426	4686428	68
chr20	4686428	4686429	70
chr20	4686429	4686430	67
chr20	4686430	4686431	66
chr20	4686431	4686432	68
chr20	4686432	4686433	72
chr20	4686433	4686434	75
chr20	4686434	4686435	81
chr20	4686435	4686436	83
chr20	4686436	4686437	88
chr20	4686437	4686438	90
chr20	4686438	4686439	93
chr20	4686439	4686440	94
chr20	4686440	4686441	93
chr20	4686441	4686442	97
chr20	4686442	4686445	102
chr20	4686445	4686446	98
chr20	4686446	4686447	97
chr20	4686447	4686449	98
chr20	4686449	4686451	103
chr20	4686451	4686452	108
chr20	4686452	4686453	109
chr20	4686453	4686454	110
chr20	4686454	4686455	108
chr20	4686455	4686457	110
chr20	4686457	4686458	111
chr20	4686458	4686459	113
chr20	4686459	4686461	116
chr20	4686461	4686462	121
chr20	4686462	4686463	126
chr20	4686463	4686464	129
chr20	4686464	4686466	127
chr20	4686466	4686467	129
chr20	4686467	4686468	128
chr20	4686468	4686469	127
chr20	4686469	4686470	128
chr20	4686470	4686471	132
chr20	4686471	4686472	156
chr20	4686472	4686473	159
chr20	4686473	4686474	164
chr20	4686474	4686475	183
chr20	4686475	4686476	188
chr20	4686476	4686477	198
chr20	4686477	4686478	204
chr20	4686478	4686479	229
chr20	4686479	4686480	242
chr20	4686480	4686481	260
chr20	4686481	4686482	309
chr20	4686482	4686483	310
chr20	4686483	4686484	306
chr20	4686484	4686485	310
chr20	4686485	4686486	326
chr20	4686486	4686487	325
chr20	4686487	4686488	323
chr20	4686488	4686489	335
chr20	4686489	4686490	328
chr20	4686490	4686491	329
chr20	4686491	4686492	335
chr20	4686492	4686493	336
chr20	4686493	4686495	339
chr20	4686495	4686497	341
chr20	4686497	4686498	348
chr20	4686498	4686499	353
chr20	4686499	4686500	354
chr20	4686500	4686501	355
chr20	4686501	4686503	358
chr20	4686503	4686504	369
chr20	4686504	4686505	371
chr20	4686505	4686506	374
chr20	4686506	4686507	373
chr20	4686507	4686508	377
chr20	4686508	4686509	211
chr20	4686509	4686510	209
chr20	4686510	4686511	212
chr20	4686511	4686512	217
chr20	4686512	4686643	0
chr20	4686643	4686656	1
chr20	4686656	4686667	3
chr20	4686667	4686669	4
chr20	4686669	4686676	5
chr20	4686676	4686685	6
chr20	4686685	4686689	7
chr20	4686689	4686692	8
chr20	4686692	4686699	10
chr20	4686699	4686709	11
chr20	4686709	4686713	12
chr20	4686713	4686718	13
chr20	4686718	4686719	15
chr20	4686719	4686731	14
chr20	4686731	4686732	13
chr20	4686732	4686733	12
chr20	4686733	4686734	14
chr20	4686734	4686735	17
chr20	4686735	4686736	18
chr20	4686736	4687130	0
chr20	4687130	4687143	1
chr20	4687143	4687649	0
chr20	4687649	4687693	2
chr20	4687693	4687694	3
chr20	4687694	4687702	4
chr20	4687702	4687725	5
chr20	4687725	4687746	3
chr20	4687746	4687769	4
chr20	4687769	4687778	2
chr20	4687778	4687821	1
chr20	4687821	4687845	0
chr20	4687845	4687921	1
chr20	4687921	4687943	0
chr20	4687943	4688018	1
chr20	4688018	4689337	0
chr20	4689337	4689403	1
chr20	4689403	4689413	2
chr20	4689413	4689479	1
chr20	4689479	4689490	0
chr20	4689490	4689522	1
chr20	4689522	4689545	3
chr20	4689545	4689566	4
chr20	4689566	4689596	3
chr20	4689596	4689598	4
chr20	4689598	4689621	2
chr20	4689621	4689663	1
chr20	4689663	4689671	2
chr20	4689671	4689739	1
chr20	4689739	4690082	0
chr20	4690082	4690158	1
chr20	4690158	4690201	0
chr20	4690201	4690277	1
chr20	4690277	4690933	0
chr20	4690933	4690954	1
chr20	4690954	4691008	2
chr20	4691008	4691030	1
chr20	4691030	4691092	0
chr20	4691092	4691168	1
chr20	4691168	4691345	0
chr20	4691345	4691421	1
chr20	4691421	4691957	0
chr20	4691957	4692028	1
chr20	4692028	4692033	2
chr20	4692033	4692104	1
chr20	4692104	4692446	0
chr20	4692446	4692511	1
chr20	4692511	4692520	2
chr20	4692520	4692522	3
chr20	4692522	4692587	2
chr20	4692587	4692596	1
chr20	4692596	4692665	0
chr20	4692665	4692740	1
chr20	4692740	4692998	0
chr20	4692998	4693072	2
chr20	4693072	4693074	3
chr20	4693074	4693084	1
chr20	4693084	4693085	2
chr20	4693085	4693118	3
chr20	4693118	4693148	4
chr20	4693148	4693160	3
chr20	4693160	4693193	1
chr20	4693193	4693496	0
chr20	4693496	4693553	1
chr20	4693553	4693556	2
chr20	4693556	4693572	3
chr20	4693572	4693616	2
chr20	4693616	4693626	3
chr20	4693626	4693629	4
chr20	4693629	4693630	3
chr20	4693630	4693692	2
chr20	4693692	4693702	1
chr20	4693702	4693771	0
chr20	4693771	4693847	1
chr20	4693847	4693885	0
chr20	4693885	4693948	1
chr20	4693948	4694035	0
chr20	4694035	4694111	1
chr20	4694111	4694127	0
chr20	4694127	4694174	1
chr20	4694174	4694203	2
chr20	4694203	4694216	1
chr20	4694216	4694250	2
chr20	4694250	4694283	1
chr20	4694283	4694292	2
chr20	4694292	4694358	1
chr20	4694358	4694416	0
chr20	4694416	4694492	1
chr20	4694492	4694752	0
chr20	4694752	4694828	1
chr20	4694828	4694906	0
chr20	4694906	4694982	1
chr20	4694982	4695233	0
chr20	4695233	4695235	1
chr20	4695235	4695242	2
chr20	4695242	4695309	3
chr20	4695309	4695311	2
chr20	4695311	4695318	1
chr20	4695318	4695320	0
chr20	4695320	4695339	1
chr20	4695339	4695374	2
chr20	4695374	4695396	3
chr20	4695396	4695415	2
chr20	4695415	4695450	1
chr20	4695450	4695610	0
chr20	4695610	4695678	1
chr20	4695678	4695686	2
chr20	4695686	4695753	1
chr20	4695753	4695754	5
chr20	4695754	4695761	4
chr20	4695761	4695774	5
chr20	4695774	4695792	6
chr20	4695792	4695797	8
chr20	4695797	4695805	6
chr20	4695805	4695812	5
chr20	4695812	4695818	4
chr20	4695818	4695822	7
chr20	4695822	4695829	8
chr20	4695829	4695837	9
chr20	4695837	4695839	8
chr20	4695839	4695850	9
chr20	4695850	4695856	8
chr20	4695856	4695857	9
chr20	4695857	4695859	10
chr20	4695859	4695860	11
chr20	4695860	4695864	12
chr20	4695864	4695868	13
chr20	4695868	4695894	11
chr20	4695894	4695897	8
chr20	4695897	4695905	7
chr20	4695905	4695915	6
chr20	4695915	4695922	5
chr20	4695922	4695932	6
chr20	4695932	4695934	4
chr20	4695934	4695935	3
chr20	4695935	4695940	2
chr20	4695940	4695980	1
chr20	4695980	4695998	2
chr20	4695998	4696004	1
chr20	4696004	4696056	2
chr20	4696056	4696080	1
chr20	4696080	4696082	0
chr20	4696082	4696089	1
chr20	4696089	4696101	3
chr20	4696101	4696132	4
chr20	4696132	4696133	5
chr20	4696133	4696158	6
chr20	4696158	4696165	5
chr20	4696165	4696177	3
chr20	4696177	4696181	2
chr20	4696181	4696208	4
chr20	4696208	4696257	2
chr20	4696257	4696414	0
chr20	4696414	4696432	1
chr20	4696432	4696476	2
chr20	4696476	4696490	3
chr20	4696490	4696508	2
chr20	4696508	4696514	1
chr20	4696514	4696552	2
chr20	4696552	4696589	1
chr20	4696589	4696591	0
chr20	4696591	4696619	1
chr20	4696619	4696667	2
chr20	4696667	4696689	1
chr20	4696689	4696695	2
chr20	4696695	4696732	1
chr20	4696732	4696736	2
chr20	4696736	4696765	3
chr20	4696765	4696806	2
chr20	4696806	4696808	3
chr20	4696808	4696811	2
chr20	4696811	4696814	1
chr20	4696814	4696823	2
chr20	4696823	4696870	3
chr20	4696870	4696881	4
chr20	4696881	4696888	3
chr20	4696888	4696890	4
chr20	4696890	4696899	3
chr20	4696899	4696923	2
chr20	4696923	4696942	3
chr20	4696942	4696946	4
chr20	4696946	4696964	3
chr20	4696964	4696965	2
chr20	4696965	4696999	3
chr20	4696999	4697018	2
chr20	4697018	4697041	1
chr20	4697041	4697050	0
chr20	4697050	4697126	1
chr20	4697126	4697155	0
chr20	4697155	4697164	1
chr20	4697164	4697215	2
chr20	4697215	4697231	3
chr20	4697231	4697233	2
chr20	4697233	4697239	3
chr20	4697239	4697260	2
chr20	4697260	4697274	3
chr20	4697274	4697291	4
chr20	4697291	4697309	3
chr20	4697309	4697336	2
chr20	4697336	4697350	1
chr20	4697350	4697373	0
chr20	4697373	4697412	1
chr20	4697412	4697432	2
chr20	4697432	4697449	3
chr20	4697449	4697484	2
chr20	4697484	4697488	3
chr20	4697488	4697496	2
chr20	4697496	4697500	3
chr20	4697500	4697549	4
chr20	4697549	4697553	5
chr20	4697553	4697560	6
chr20	4697560	4697572	5
chr20	4697572	4697576	4
chr20	4697576	4697584	3
chr20	4697584	4697625	2
chr20	4697625	4697628	1
chr20	4697628	4697640	0
chr20	4697640	4697644	1
chr20	4697644	4697653	2
chr20	4697653	4697682	3
chr20	4697682	4697692	4
chr20	4697692	4697700	5
chr20	4697700	4697715	6
chr20	4697715	4697720	5
chr20	4697720	4697725	4
chr20	4697725	4697729	5
chr20	4697729	4697733	4
chr20	4697733	4697758	5
chr20	4697758	4697768	4
chr20	4697768	4697776	3
chr20	4697776	4697800	2
chr20	4697800	4697807	1
chr20	4697807	4697809	2
chr20	4697809	4697829	1
chr20	4697829	4697835	4
chr20	4697835	4697856	5
chr20	4697856	4697883	6
chr20	4697883	4697893	5
chr20	4697893	4697896	6
chr20	4697896	4697905	7
chr20	4697905	4697911	4
chr20	4697911	4697925	3
chr20	4697925	4697931	2
chr20	4697931	4697938	3
chr20	4697938	4697942	4
chr20	4697942	4697948	5
chr20	4697948	4697972	6
chr20	4697972	4697979	5
chr20	4697979	4697985	6
chr20	4697985	4697994	5
chr20	4697994	4698007	6
chr20	4698007	4698010	4
chr20	4698010	4698014	5
chr20	4698014	4698016	4
chr20	4698016	4698024	5
chr20	4698024	4698038	4
chr20	4698038	4698047	5
chr20	4698047	4698053	6
chr20	4698053	4698055	7
chr20	4698055	4698069	6
chr20	4698069	4698085	5
chr20	4698085	4698086	6
chr20	4698086	4698092	5
chr20	4698092	4698094	4
chr20	4698094	4698107	5
chr20	4698107	4698110	6
chr20	4698110	4698114	7
chr20	4698114	4698118	6
chr20	4698118	4698121	8
chr20	4698121	4698123	9
chr20	4698123	4698129	8
chr20	4698129	4698134	7
chr20	4698134	4698161	8
chr20	4698161	4698170	7
chr20	4698170	4698172	6
chr20	4698172	4698183	7
chr20	4698183	4698184	6
chr20	4698184	4698185	7
chr20	4698185	4698186	8
chr20	4698186	4698194	7
chr20	4698194	4698197	5
chr20	4698197	4698207	4
chr20	4698207	4698210	5
chr20	4698210	4698220	4
chr20	4698220	4698229	5
chr20	4698229	4698248	6
chr20	4698248	4698260	5
chr20	4698260	4698261	4
chr20	4698261	4698283	3
chr20	4698283	4698296	2
chr20	4698296	4698304	1
chr20	4698304	4698305	3
chr20	4698305	4698353	2
chr20	4698353	4698358	3
chr20	4698358	4698372	5
chr20	4698372	4698380	6
chr20	4698380	4698389	4
chr20	4698389	4698417	5
chr20	4698417	4698428	6
chr20	4698428	4698434	5
chr20	4698434	4698448	3
chr20	4698448	4698449	2
chr20	4698449	4698465	3
chr20	4698465	4698489	2
chr20	4698489	4698493	3
chr20	4698493	4698524	2
chr20	4698524	4698539	1
chr20	4698539	4698549	2
chr20	4698549	4698551	3
chr20	4698551	4698565	4
chr20	4698565	4698566	3
chr20	4698566	4698578	4
chr20	4698578	4698610	6
chr20	4698610	4698614	7
chr20	4698614	4698625	6
chr20	4698625	4698626	5
chr20	4698626	4698642	4
chr20	4698642	4698645	3
chr20	4698645	4698653	4
chr20	4698653	4698654	3
chr20	4698654	4698663	2
chr20	4698663	4698672	3
chr20	4698672	4698683	4
chr20	4698683	4698686	5
chr20	4698686	4698692	4
chr20	4698692	4698701	5
chr20	4698701	4698721	6
chr20	4698721	4698739	5
chr20	4698739	4698748	4
chr20	4698748	4698759	3
chr20	4698759	4698768	2
chr20	4698768	4698777	1
chr20	4698777	4698791	0
chr20	4698791	4698804	1
chr20	4698804	4698805	2
chr20	4698805	4698814	3
chr20	4698814	4698828	4
chr20	4698828	4698847	5
chr20	4698847	4698853	6
chr20	4698853	4698854	5
chr20	4698854	4698861	6
chr20	4698861	4698862	7
chr20	4698862	4698865	8
chr20	4698865	4698867	7
chr20	4698867	4698880	6
chr20	4698880	4698881	5
chr20	4698881	4698891	4
chr20	4698891	4698892	3
chr20	4698892	4698912	4
chr20	4698912	4698923	6
chr20	4698923	4698930	5
chr20	4698930	4698937	4
chr20	4698937	4698967	2
chr20	4698967	4698976	3
chr20	4698976	4698988	4
chr20	4698988	4699018	2
chr20	4699018	4699020	3
chr20	4699020	4699029	4
chr20	4699029	4699043	5
chr20	4699043	4699050	4
chr20	4699050	4699052	5
chr20	4699052	4699058	4
chr20	4699058	4699064	5
chr20	4699064	4699065	6
chr20	4699065	4699071	7
chr20	4699071	4699084	8
chr20	4699084	4699091	9
chr20	4699091	4699094	10
chr20	4699094	4699096	9
chr20	4699096	4699104	8
chr20	4699104	4699121	7
chr20	4699121	4699126	8
chr20	4699126	4699127	7
chr20	4699127	4699134	8
chr20	4699134	4699139	7
chr20	4699139	4699140	8
chr20	4699140	4699146	6
chr20	4699146	4699147	7
chr20	4699147	4699148	6
chr20	4699148	4699149	7
chr20	4699149	4699158	9
chr20	4699158	4699159	10
chr20	4699159	4699160	11
chr20	4699160	4699162	10
chr20	4699162	4699163	11
chr20	4699163	4699166	12
chr20	4699166	4699167	11
chr20	4699167	4699177	12
chr20	4699177	4699182	13
chr20	4699182	4699192	14
chr20	4699192	4699196	15
chr20	4699196	4699197	16
chr20	4699197	4699201	15
chr20	4699201	4699206	16
chr20	4699206	4699210	18
chr20	4699210	4699211	399
chr20	4699211	4699212	392
chr20	4699212	4699213	387
chr20	4699213	4699215	392
chr20	4699215	4699216	403
chr20	4699216	4699217	402
chr20	4699217	4699218	407
chr20	4699218	4699219	411
chr20	4699219	4699220	414
chr20	4699220	4699221	426
chr20	4699221	4699222	430
chr20	4699222	4699223	460
chr20	4699223	4699224	469
chr20	4699224	4699225	488
chr20	4699225	4699226	495
chr20	4699226	4699227	496
chr20	4699227	4699229	494
chr20	4699229	4699230	506
chr20	4699230	4699231	515
chr20	4699231	4699232	516
chr20	4699232	4699233	529
chr20	4699233	4699234	528
chr20	4699234	4699235	525
chr20	4699235	4699236	522
chr20	4699236	4699237	528
chr20	4699237	4699238	532
chr20	4699238	4699239	534
chr20	4699239	4699240	529
chr20	4699240	4699241	539
chr20	4699241	4699242	540
chr20	4699242	4699243	536
chr20	4699243	4699244	540
chr20	4699244	4699245	544
chr20	4699245	4699246	545
chr20	4699246	4699247	549
chr20	4699247	4699248	557
chr20	4699248	4699249	539
chr20	4699249	4699250	524
chr20	4699250	4699251	526
chr20	4699251	4699252	518
chr20	4699252	4699253	508
chr20	4699253	4699254	499
chr20	4699254	4699255	486
chr20	4699255	4699256	462
chr20	4699256	4699257	461
chr20	4699257	4699258	456
chr20	4699258	4699259	443
chr20	4699259	4699260	418
chr20	4699260	4699261	417
chr20	4699261	4699262	431
chr20	4699262	4699263	423
chr20	4699263	4699265	424
chr20	4699265	4699266	420
chr20	4699266	4699267	417
chr20	4699267	4699268	416
chr20	4699268	4699269	414
chr20	4699269	4699270	411
chr20	4699270	4699271	407
chr20	4699271	4699272	404
chr20	4699272	4699273	403
chr20	4699273	4699274	404
chr20	4699274	4699275	411
chr20	4699275	4699276	409
chr20	4699276	4699277	407
chr20	4699277	4699278	413
chr20	4699278	4699279	412
chr20	4699279	4699281	407
chr20	4699281	4699282	404
chr20	4699282	4699283	408
chr20	4699283	4699284	412
chr20	4699284	4699285	411
chr20	4699285	4699286	426
chr20	4699286	4699287	436
chr20	4699287	4699288	445
chr20	4699288	4699289	448
chr20	4699289	4699290	443
chr20	4699290	4699292	440
chr20	4699292	4699293	436
chr20	4699293	4699294	435
chr20	4699294	4699295	433
chr20	4699295	4699296	430
chr20	4699296	4699297	415
chr20	4699297	4699298	409
chr20	4699298	4699299	380
chr20	4699299	4699300	366
chr20	4699300	4699301	352
chr20	4699301	4699302	343
chr20	4699302	4699303	341
chr20	4699303	4699304	339
chr20	4699304	4699305	336
chr20	4699305	4699306	330
chr20	4699306	4699307	320
chr20	4699307	4699308	325
chr20	4699308	4699309	312
chr20	4699309	4699310	313
chr20	4699310	4699312	319
chr20	4699312	4699313	318
chr20	4699313	4699314	310
chr20	4699314	4699315	307
chr20	4699315	4699316	311
chr20	4699316	4699317	295
chr20	4699317	4699318	303
chr20	4699318	4699319	307
chr20	4699319	4699320	306
chr20	4699320	4699321	303
chr20	4699321	4699322	302
chr20	4699322	4699323	293
chr20	4699323	4699325	283
chr20	4699325	4699326	282
chr20	4699326	4699327	280
chr20	4699327	4699328	282
chr20	4699328	4699329	283
chr20	4699329	4699330	278
chr20	4699330	4699332	275
chr20	4699332	4699333	276
chr20	4699333	4699334	280
chr20	4699334	4699336	283
chr20	4699336	4699337	286
chr20	4699337	4699338	267
chr20	4699338	4699339	270
chr20	4699339	4699340	266
chr20	4699340	4699341	268
chr20	4699341	4699342	266
chr20	4699342	4699343	271
chr20	4699343	4699344	272
chr20	4699344	4699345	271
chr20	4699345	4699346	276
chr20	4699346	4699347	275
chr20	4699347	4699348	276
chr20	4699348	4699349	272
chr20	4699349	4699350	271
chr20	4699350	4699351	265
chr20	4699351	4699352	261
chr20	4699352	4699353	263
chr20	4699353	4699354	253
chr20	4699354	4699356	247
chr20	4699356	4699357	243
chr20	4699357	4699358	241
chr20	4699358	4699359	236
chr20	4699359	4699360	235
chr20	4699360	4699361	243
chr20	4699361	4699362	221
chr20	4699362	4699363	219
chr20	4699363	4699364	205
chr20	4699364	4699365	201
chr20	4699365	4699367	199
chr20	4699367	4699368	200
chr20	4699368	4699369	198
chr20	4699369	4699370	197
chr20	4699370	4699372	196
chr20	4699372	4699375	195
chr20	4699375	4699376	194
chr20	4699376	4699377	193
chr20	4699377	4699378	194
chr20	4699378	4699379	195
chr20	4699379	4699380	194
chr20	4699380	4699381	195
chr20	4699381	4699382	190
chr20	4699382	4699383	191
chr20	4699383	4699384	189
chr20	4699384	4699385	185
chr20	4699385	4699386	187
chr20	4699386	4699387	182
chr20	4699387	4699388	193
chr20	4699388	4699389	190
chr20	4699389	4699390	191
chr20	4699390	4699391	190
chr20	4699391	4699392	188
chr20	4699392	4699393	190
chr20	4699393	4699394	187
chr20	4699394	4699395	180
chr20	4699395	4699396	178
chr20	4699396	4699397	174
chr20	4699397	4699398	172
chr20	4699398	4699399	174
chr20	4699399	4699402	173
chr20	4699402	4699403	169
chr20	4699403	4699404	163
chr20	4699404	4699406	156
chr20	4699406	4699407	157
chr20	4699407	4699408	155
chr20	4699408	4699409	147
chr20	4699409	4699410	144
chr20	4699410	4699411	139
chr20	4699411	4699412	147
chr20	4699412	4699413	146
chr20	4699413	4699414	143
chr20	4699414	4699416	142
chr20	4699416	4699417	144
chr20	4699417	4699418	145
chr20	4699418	4699419	147
chr20	4699419	4699420	148
chr20	4699420	4699421	152
chr20	4699421	4699422	150
chr20	4699422	4699424	153
chr20	4699424	4699425	154
chr20	4699425	4699426	153
chr20	4699426	4699427	152
chr20	4699427	4699428	155
chr20	4699428	4699430	156
chr20	4699430	4699431	157
chr20	4699431	4699432	156
chr20	4699432	4699434	152
chr20	4699434	4699435	153
chr20	4699435	4699436	154
chr20	4699436	4699437	143
chr20	4699437	4699438	145
chr20	4699438	4699439	150
chr20	4699439	4699440	152
chr20	4699440	4699441	160
chr20	4699441	4699442	163
chr20	4699442	4699443	164
chr20	4699443	4699444	163
chr20	4699444	4699445	166
chr20	4699445	4699447	165
chr20	4699447	4699448	169
chr20	4699448	4699450	173
chr20	4699450	4699451	175
chr20	4699451	4699452	178
chr20	4699452	4699453	179
chr20	4699453	4699454	178
chr20	4699454	4699456	176
chr20	4699456	4699457	174
chr20	4699457	4699459	181
chr20	4699459	4699460	189
chr20	4699460	4699462	194
chr20	4699462	4699463	204
chr20	4699463	4699464	209
chr20	4699464	4699465	215
chr20	4699465	4699466	218
chr20	4699466	4699467	231
chr20	4699467	4699468	227
chr20	4699468	4699470	232
chr20	4699470	4699471	238
chr20	4699471	4699474	241
chr20	4699474	4699475	240
chr20	4699475	4699476	246
chr20	4699476	4699477	247
chr20	4699477	4699478	249
chr20	4699478	4699479	250
chr20	4699479	4699480	253
chr20	4699480	4699482	252
chr20	4699482	4699483	256
chr20	4699483	4699484	277
chr20	4699484	4699485	279
chr20	4699485	4699487	283
chr20	4699487	4699488	285
chr20	4699488	4699489	291
chr20	4699489	4699490	292
chr20	4699490	4699491	310
chr20	4699491	4699492	313
chr20	4699492	4699493	317
chr20	4699493	4699494	321
chr20	4699494	4699495	316
chr20	4699495	4699496	314
chr20	4699496	4699497	317
chr20	4699497	4699498	326
chr20	4699498	4699499	328
chr20	4699499	4699500	330
chr20	4699500	4699501	332
chr20	4699501	4699502	339
chr20	4699502	4699503	336
chr20	4699503	4699504	362
chr20	4699504	4699505	379
chr20	4699505	4699506	394
chr20	4699506	4699507	396
chr20	4699507	4699508	403
chr20	4699508	4699509	407
chr20	4699509	4699510	409
chr20	4699510	4699511	413
chr20	4699511	4699512	418
chr20	4699512	4699513	423
chr20	4699513	4699514	437
chr20	4699514	4699515	434
chr20	4699515	4699516	437
chr20	4699516	4699517	439
chr20	4699517	4699518	443
chr20	4699518	4699520	441
chr20	4699520	4699521	440
chr20	4699521	4699522	441
chr20	4699522	4699523	474
chr20	4699523	4699524	480
chr20	4699524	4699525	483
chr20	4699525	4699527	503
chr20	4699527	4699528	516
chr20	4699528	4699529	515
chr20	4699529	4699531	516
chr20	4699531	4699532	518
chr20	4699532	4699533	549
chr20	4699533	4699534	618
chr20	4699534	4699535	633
chr20	4699535	4699536	630
chr20	4699536	4699537	627
chr20	4699537	4699538	629
chr20	4699538	4699539	614
chr20	4699539	4699540	615
chr20	4699540	4699541	610
chr20	4699541	4699542	607
chr20	4699542	4699543	600
chr20	4699543	4699545	605
chr20	4699545	4699546	604
chr20	4699546	4699548	601
chr20	4699548	4699549	606
chr20	4699549	4699550	609
chr20	4699550	4699551	616
chr20	4699551	4699552	610
chr20	4699552	4699554	613
chr20	4699554	4699555	616
chr20	4699555	4699556	623
chr20	4699556	4699557	627
chr20	4699557	4699558	630
chr20	4699558	4699559	627
chr20	4699559	4699560	609
chr20	4699560	4699561	610
chr20	4699561	4699562	609
chr20	4699562	4699563	613
chr20	4699563	4699564	609
chr20	4699564	4699565	605
chr20	4699565	4699566	602
chr20	4699566	4699567	605
chr20	4699567	4699568	604
chr20	4699568	4699569	613
chr20	4699569	4699570	633
chr20	4699570	4699571	649
chr20	4699571	4699572	650
chr20	4699572	4699573	653
chr20	4699573	4699574	642
chr20	4699574	4699575	643
chr20	4699575	4699576	655
chr20	4699576	4699577	653
chr20	4699577	4699578	645
chr20	4699578	4699579	642
chr20	4699579	4699580	615
chr20	4699580	4699581	608
chr20	4699581	4699582	595
chr20	4699582	4699583	612
chr20	4699583	4699584	608
chr20	4699584	4699585	602
chr20	4699585	4699586	606
chr20	4699586	4699587	602
chr20	4699587	4699588	625
chr20	4699588	4699589	627
chr20	4699589	4699590	616
chr20	4699590	4699591	630
chr20	4699591	4699592	628
#bedGraph section chr20:4699592-4700646
chr20	4699592	4699593	678
chr20	4699593	4699594	679
chr20	4699594	4699595	681
chr20	4699595	4699596	699
chr20	4699596	4699597	723
chr20	4699597	4699598	774
chr20	4699598	4699599	763
chr20	4699599	4699600	767
chr20	4699600	4699601	772
chr20	4699601	4699603	786
chr20	4699603	4699604	790
chr20	4699604	4699606	793
chr20	4699606	4699607	803
chr20	4699607	4699608	830
chr20	4699608	4699609	800
chr20	4699609	4699610	751
chr20	4699610	4699611	757
chr20	4699611	4699612	758
chr20	4699612	4699613	756
chr20	4699613	4699614	761
chr20	4699614	4699615	764
chr20	4699615	4699616	758
chr20	4699616	4699617	780
chr20	4699617	4699618	796
chr20	4699618	4699620	815
chr20	4699620	4699621	817
chr20	4699621	4699622	828
chr20	4699622	4699623	848
chr20	4699623	4699624	855
chr20	4699624	4699625	862
chr20	4699625	4699626	876
chr20	4699626	4699627	891
chr20	4699627	4699628	938
chr20	4699628	4699629	943
chr20	4699629	4699630	957
chr20	4699630	4699632	966
chr20	4699632	4699633	965
chr20	4699633	4699634	973
chr20	4699634	4699635	972
chr20	4699635	4699636	995
chr20	4699636	4699637	993
chr20	4699637	4699638	1001
chr20	4699638	4699639	1008
chr20	4699639	4699640	1012
chr20	4699640	4699641	1022
chr20	4699641	4699642	1039
chr20	4699642	4699643	1052
chr20	4699643	4699644	1053
chr20	4699644	4699645	1046
chr20	4699645	4699646	1019
chr20	4699646	4699647	1018
chr20	4699647	4699648	1037
chr20	4699648	4699649	1069
chr20	4699649	4699650	1078
chr20	4699650	4699651	1080
chr20	4699651	4699652	1076
chr20	4699652	4699653	1083
chr20	4699653	4699654	1104
chr20	4699654	4699655	1122
chr20	4699655	4699657	1133
chr20	4699657	4699659	1139
chr20	4699659	4699660	1140
chr20	4699660	4699661	1147
chr20	4699661	4699662	1192
chr20	4699662	4699663	1213
chr20	4699663	4699664	1204
chr20	4699664	4699665	1201
chr20	4699665	4699666	1198
chr20	4699666	4699667	1201
chr20	4699667	4699668	1190
chr20	4699668	4699669	1147
chr20	4699669	4699670	1145
chr20	4699670	4699671	1172
chr20	4699671	4699672	1214
chr20	4699672	4699673	1253
chr20	4699673	4699674	1236
chr20	4699674	4699675	1315
chr20	4699675	4699676	1305
chr20	4699676	4699677	1317
chr20	4699677	4699678	1285
chr20	4699678	4699679	1295
chr20	4699679	4699680	1288
chr20	4699680	4699681	1294
chr20	4699681	4699682	1295
chr20	4699682	4699683	1300
chr20	4699683	4699684	1285
chr20	4699684	4699685	1287
chr20	4699685	4699686	1315
chr20	4699686	4699687	1311
chr20	4699687	4699688	1308
chr20	4699688	4699689	1311
chr20	4699689	4699690	1306
chr20	4699690	4699691	1350
chr20	4699691	4699692	1359
chr20	4699692	4699693	1370
chr20	4699693	4699695	1360
chr20	4699695	4699696	1372
chr20	4699696	4699697	1364
chr20	4699697	4699698	1358
chr20	4699698	4699699	1339
chr20	4699699	4699700	1362
chr20	4699700	4699701	1394
chr20	4699701	4699702	1368
chr20	4699702	4699703	1376
chr20	4699703	4699704	1330
chr20	4699704	4699705	1334
chr20	4699705	4699706	1349
chr20	4699706	4699707	1351
chr20	4699707	4699708	1357
chr20	4699708	4699709	1389
chr20	4699709	4699710	1396
chr20	4699710	4699711	1408
chr20	4699711	4699712	1389
chr20	4699712	4699713	1402
chr20	4699713	4699714	1435
chr20	4699714	4699715	1445
chr20	4699715	4699717	1448
chr20	4699717	4699718	1433
chr20	4699718	4699719	1427
chr20	4699719	4699720	1441
chr20	4699720	4699721	1446
chr20	4699721	4699722	1443
chr20	4699722	4699723	1442
chr20	4699723	4699724	1429
chr20	4699724	4699725	1384
chr20	4699725	4699726	1386
chr20	4699726	4699727	1427
chr20	4699727	4699728	1437
chr20	4699728	4699729	1435
chr20	4699729	4699730	1417
chr20	4699730	4699731	1408
chr20	4699731	4699732	1416
chr20	4699732	4699733	1436
chr20	4699733	4699734	1451
chr20	4699734	4699735	1436
chr20	4699735	4699736	1485
chr20	4699736	4699737	1483
chr20	4699737	4699738	1451
chr20	4699738	4699739	1521
chr20	4699739	4699740	1512
chr20	4699740	4699741	1556
chr20	4699741	4699742	1582
chr20	4699742	4699744	1573
chr20	4699744	4699745	1570
chr20	4699745	4699746	1589
chr20	4699746	4699747	1567
chr20	4699747	4699748	1528
chr20	4699748	4699749	1497
chr20	4699749	4699750	1470
chr20	4699750	4699751	1423
chr20	4699751	4699752	1446
chr20	4699752	4699753	1428
chr20	4699753	4699754	1435
chr20	4699754	4699755	1424
chr20	4699755	4699756	1426
chr20	4699756	4699757	1464
chr20	4699757	4699758	1494
chr20	4699758	4699759	1473
chr20	4699759	4699760	1479
chr20	4699760	4699761	1460
chr20	4699761	4699762	1422
chr20	4699762	4699763	1432
chr20	4699763	4699764	1439
chr20	4699764	4699765	1463
chr20	4699765	4699766	1486
chr20	4699766	4699767	1445
chr20	4699767	4699768	1439
chr20	4699768	4699769	1421
chr20	4699769	4699770	1422
chr20	4699770	4699771	1415
chr20	4699771	4699772	1416
chr20	4699772	4699773	1440
chr20	4699773	4699774	1435
chr20	4699774	4699776	1438
chr20	4699776	4699777	1416
chr20	4699777	4699778	1488
chr20	4699778	4699779	1538
chr20	4699779	4699780	1545
chr20	4699780	4699781	1553
chr20	4699781	4699782	1532
chr20	4699782	4699783	1535
chr20	4699783	4699784	1523
chr20	4699784	4699785	1513
chr20	4699785	4699786	1502
chr20	4699786	4699787	1495
chr20	4699787	4699788	1516
chr20	4699788	4699789	1524
chr20	4699789	4699790	1485
chr20	4699790	4699791	1471
chr20	4699791	4699792	1517
chr20	4699792	4699793	1506
chr20	4699793	4699794	1531
chr20	4699794	4699795	1530
chr20	4699795	4699796	1525
chr20	4699796	4699797	1523
chr20	4699797	4699798	1527
chr20	4699798	4699799	1522
chr20	4699799	4699800	1517
chr20	4699800	4699801	1515
chr20	4699801	4699802	1599
chr20	4699802	4699803	1569
chr20	4699803	4699804	1593
chr20	4699804	4699805	1612
chr20	4699805	4699806	1680
chr20	4699806	4699807	1694
chr20	4699807	4699808	1690
chr20	4699808	4699809	1680
chr20	4699809	4699810	1687
chr20	4699810	4699811	1697
chr20	4699811	4699812	1659
chr20	4699812	4699813	1682
chr20	4699813	4699814	1781
chr20	4699814	4699815	1717
chr20	4699815	4699816	1771
chr20	4699816	4699817	1738
chr20	4699817	4699818	1715
chr20	4699818	4699819	1711
chr20	4699819	4699820	1715
chr20	4699820	4699821	1702
chr20	4699821	4699822	1700
chr20	4699822	4699823	1690
chr20	4699823	4699824	1674
chr20	4699824	4699825	1642
chr20	4699825	4699826	1645
chr20	4699826	4699827	1630
chr20	4699827	4699828	1603
chr20	4699828	4699829	1600
chr20	4699829	4699830	1603
chr20	4699830	4699831	1604
chr20	4699831	4699832	1592
chr20	4699832	4699833	1554
chr20	4699833	4699834	1526
chr20	4699834	4699835	1528
chr20	4699835	4699836	1523
chr20	4699836	4699837	1554
chr20	4699837	4699838	1579
chr20	4699838	4699839	1580
chr20	4699839	4699840	1571
chr20	4699840	4699841	1548
chr20	4699841	4699842	1542
chr20	4699842	4699843	1560
chr20	4699843	4699844	1558
chr20	4699844	4699845	1566
chr20	4699845	4699846	1556
chr20	4699846	4699847	1557
chr20	4699847	4699848	1555
chr20	4699848	4699849	1530
chr20	4699849	4699850	1542
chr20	4699850	4699851	1540
chr20	4699851	4699852	1508
chr20	4699852	4699853	1509
chr20	4699853	4699854	1447
chr20	4699854	4699855	1398
chr20	4699855	4699856	1395
chr20	4699856	4699857	1377
chr20	4699857	4699858	1384
chr20	4699858	4699859	1369
chr20	4699859	4699860	1360
chr20	4699860	4699861	1353
chr20	4699861	4699862	1341
chr20	4699862	4699863	1349
chr20	4699863	4699864	1319
chr20	4699864	4699865	1320
chr20	4699865	4699866	1315
chr20	4699866	4699867	1320
chr20	4699867	4699868	1267
chr20	4699868	4699869	1272
chr20	4699869	4699870	1228
chr20	4699870	4699871	1227
chr20	4699871	4699872	1208
chr20	4699872	4699873	1207
chr20	4699873	4699874	1216
chr20	4699874	4699875	1211
chr20	4699875	4699876	1215
chr20	4699876	4699877	1219
chr20	4699877	4699878	1122
chr20	4699878	4699879	1154
chr20	4699879	4699880	1173
chr20	4699880	4699881	1175
chr20	4699881	4699882	1091
chr20	4699882	4699883	1078
chr20	4699883	4699884	1086
chr20	4699884	4699885	1167
chr20	4699885	4699886	1142
chr20	4699886	4699887	1164
chr20	4699887	4699888	1153
chr20	4699888	4699889	1124
chr20	4699889	4699890	998
chr20	4699890	4699891	986
chr20	4699891	4699892	943
chr20	4699892	4699893	937
chr20	4699893	4699894	939
chr20	4699894	4699895	937
chr20	4699895	4699896	934
chr20	4699896	4699897	932
chr20	4699897	4699898	919
chr20	4699898	4699899	917
chr20	4699899	4699900	914
chr20	4699900	4699901	903
chr20	4699901	4699902	914
chr20	4699902	4699903	907
chr20	4699903	4699904	902
chr20	4699904	4699905	905
chr20	4699905	4699906	898
chr20	4699906	4699907	904
chr20	4699907	4699908	906
chr20	4699908	4699909	989
chr20	4699909	4699910	1001
chr20	4699910	4699911	1002
chr20	4699911	4699912	1035
chr20	4699912	4699913	1009
chr20	4699913	4699914	976
chr20	4699914	4699915	990
chr20	4699915	4699916	1003
chr20	4699916	4699917	1087
chr20	4699917	4699918	1093
chr20	4699918	4699919	1177
chr20	4699919	4699920	1211
chr20	4699920	4699921	1200
chr20	4699921	4699922	1220
chr20	4699922	4699923	1222
chr20	4699923	4699924	1224
chr20	4699924	4699925	1274
chr20	4699925	4699926	1285
chr20	4699926	4699927	1282
chr20	4699927	4699928	1291
chr20	4699928	4699929	1285
chr20	4699929	4699931	1264
chr20	4699931	4699932	1259
chr20	4699932	4699933	1262
chr20	4699933	4699934	1255
chr20	4699934	4699935	1258
chr20	4699935	4699937	1292
chr20	4699937	4699938	1314
chr20	4699938	4699939	1309
chr20	4699939	4699940	1314
chr20	4699940	4699941	1298
chr20	4699941	4699942	1301
chr20	4699942	4699943	1287
chr20	4699943	4699944	1303
chr20	4699944	4699945	1319
chr20	4699945	4699946	1324
chr20	4699946	4699947	1358
chr20	4699947	4699948	1364
chr20	4699948	4699949	1367
chr20	4699949	4699950	1362
chr20	4699950	4699951	1374
chr20	4699951	4699952	1398
chr20	4699952	4699953	1396
chr20	4699953	4699954	1458
chr20	4699954	4699955	1431
chr20	4699955	4699956	1376
chr20	4699956	4699957	1373
chr20	4699957	4699958	1391
chr20	4699958	4699959	1408
chr20	4699959	4699960	1398
chr20	4699960	4699962	1352
chr20	4699962	4699963	1340
chr20	4699963	4699964	1388
chr20	4699964	4699965	1387
chr20	4699965	4699966	1391
chr20	4699966	4699967	1390
chr20	4699967	4699968	1397
chr20	4699968	4699969	1404
chr20	4699969	4699970	1412
chr20	4699970	4699971	1436
chr20	4699971	4699972	1454
chr20	4699972	4699973	1455
chr20	4699973	4699975	1472
chr20	4699975	4699976	1480
chr20	4699976	4699977	1498
chr20	4699977	4699978	1477
chr20	4699978	4699979	1481
chr20	4699979	4699980	1480
chr20	4699980	4699981	1482
chr20	4699981	4699982	1491
chr20	4699982	4699983	1544
chr20	4699983	4699984	1564
chr20	4699984	4699985	1493
chr20	4699985	4699986	1490
chr20	4699986	4699987	1489
chr20	4699987	4699988	1470
chr20	4699988	4699989	1464
chr20	4699989	4699990	1462
chr20	4699990	4699991	1454
chr20	4699991	4699992	1438
chr20	4699992	4699993	1415
chr20	4699993	4699994	1402
chr20	4699994	4699995	1290
chr20	4699995	4699996	1300
chr20	4699996	4699997	1292
chr20	4699997	4699998	1293
chr20	4699998	4699999	1286
chr20	4699999	4700000	1277
chr20	4700000	4700001	1232
chr20	4700001	4700002	1216
chr20	4700002	4700003	1214
chr20	4700003	4700004	1195
chr20	4700004	4700005	1201
chr20	4700005	4700006	1239
chr20	4700006	4700007	1247
chr20	4700007	4700008	1249
chr20	4700008	4700009	1247
chr20	4700009	4700010	1246
chr20	4700010	4700011	1244
chr20	4700011	4700012	1218
chr20	4700012	4700013	1214
chr20	4700013	4700014	1194
chr20	4700014	4700015	1197
chr20	4700015	4700016	1247
chr20	4700016	4700017	1279
chr20	4700017	4700018	1283
chr20	4700018	4700019	1300
chr20	4700019	4700020	1290
chr20	4700020	4700021	1277
chr20	4700021	4700022	1298
chr20	4700022	4700023	1318
chr20	4700023	4700024	1326
chr20	4700024	4700026	1340
chr20	4700026	4700027	1331
chr20	4700027	4700028	1309
chr20	4700028	4700029	1306
chr20	4700029	4700030	1250
chr20	4700030	4700031	1245
chr20	4700031	4700032	1253
chr20	4700032	4700033	1247
chr20	4700033	4700034	1239
chr20	4700034	4700035	1221
chr20	4700035	4700036	1254
chr20	4700036	4700037	1221
chr20	4700037	4700038	1254
chr20	4700038	4700039	1256
chr20	4700039	4700040	1211
chr20	4700040	4700041	1200
chr20	4700041	4700042	1209
chr20	4700042	4700043	1221
chr20	4700043	4700044	1263
chr20	4700044	4700045	1268
chr20	4700045	4700046	1315
chr20	4700046	4700047	1312
chr20	4700047	4700048	1307
chr20	4700048	4700049	1314
chr20	4700049	4700050	1305
chr20	4700050	4700051	1317
chr20	4700051	4700052	1330
chr20	4700052	4700053	1314
chr20	4700053	4700054	1318
chr20	4700054	4700055	1345
chr20	4700055	4700056	1376
chr20	4700056	4700057	1397
chr20	4700057	4700058	1385
chr20	4700058	4700059	1334
chr20	4700059	4700060	1299
chr20	4700060	4700061	1307
chr20	4700061	4700062	1299
chr20	4700062	4700063	1309
chr20	4700063	4700064	1311
chr20	4700064	4700065	1315
chr20	4700065	4700066	1335
chr20	4700066	4700067	1330
chr20	4700067	4700068	1305
chr20	4700068	4700069	1279
chr20	4700069	4700070	1331
chr20	4700070	4700071	1389
chr20	4700071	4700072	1356
chr20	4700072	4700073	1365
chr20	4700073	4700074	1347
chr20	4700074	4700075	1383
chr20	4700075	4700076	1375
chr20	4700076	4700077	1484
chr20	4700077	4700078	1508
chr20	4700078	4700079	1521
chr20	4700079	4700080	1515
chr20	4700080	4700081	1543
chr20	4700081	4700082	1550
chr20	4700082	4700083	1561
chr20	4700083	4700084	1578
chr20	4700084	4700085	1580
chr20	4700085	4700086	1583
chr20	4700086	4700087	1597
chr20	4700087	4700088	1632
chr20	4700088	4700089	1698
chr20	4700089	4700090	1707
chr20	4700090	4700091	1697
chr20	4700091	4700092	1649
chr20	4700092	4700093	1620
chr20	4700093	4700094	1696
chr20	4700094	4700095	1712
chr20	4700095	4700096	1716
chr20	4700096	4700097	1717
chr20	4700097	4700098	1689
chr20	4700098	4700100	1644
chr20	4700100	4700101	1631
chr20	4700101	4700102	1649
chr20	4700102	4700103	1653
chr20	4700103	4700104	1672
chr20	4700104	4700105	1664
chr20	4700105	4700106	1694
chr20	4700106	4700107	1706
chr20	4700107	4700108	1689
chr20	4700108	4700109	1758
chr20	4700109	4700110	1781
chr20	4700110	4700111	1778
chr20	4700111	4700112	1733
chr20	4700112	4700113	1723
chr20	4700113	4700114	1674
chr20	4700114	4700115	1705
chr20	4700115	4700117	1745
chr20	4700117	4700118	1740
chr20	4700118	4700119	1718
chr20	4700119	4700120	1697
chr20	4700120	4700121	1694
chr20	4700121	4700122	1648
chr20	4700122	4700124	1674
chr20	4700124	4700125	1681
chr20	4700125	4700126	1689
chr20	4700126	4700127	1701
chr20	4700127	4700128	1699
chr20	4700128	4700129	1708
chr20	4700129	4700130	1711
chr20	4700130	4700131	1698
chr20	4700131	4700132	1673
chr20	4700132	4700133	1667
chr20	4700133	4700134	1672
chr20	4700134	4700135	1744
chr20	4700135	4700136	1846
chr20	4700136	4700137	1898
chr20	4700137	4700138	1909
chr20	4700138	4700139	1887
chr20	4700139	4700140	1880
chr20	4700140	4700141	1895
chr20	4700141	4700142	1876
chr20	4700142	4700143	1878
chr20	4700143	4700144	1875
chr20	4700144	4700145	1851
chr20	4700145	4700146	1818
chr20	4700146	4700147	1870
chr20	4700147	4700148	1888
chr20	4700148	4700149	1873
chr20	4700149	4700150	1867
chr20	4700150	4700151	1838
chr20	4700151	4700152	1820
chr20	4700152	4700153	1810
chr20	4700153	4700154	1786
chr20	4700154	4700156	1783
chr20	4700156	4700157	1776
chr20	4700157	4700158	1751
chr20	4700158	4700159	1750
chr20	4700159	4700160	1761
chr20	4700160	4700161	1773
chr20	4700161	4700162	1759
chr20	4700162	4700163	1777
chr20	4700163	4700164	1748
chr20	4700164	4700165	1685
chr20	4700165	4700166	1699
chr20	4700166	4700167	1698
chr20	4700167	4700168	1697
chr20	4700168	4700169	1688
chr20	4700169	4700170	1615
chr20	4700170	4700171	1596
chr20	4700171	4700172	1593
chr20	4700172	4700173	1577
chr20	4700173	4700174	1665
chr20	4700174	4700176	1653
chr20	4700176	4700177	1651
chr20	4700177	4700178	1642
chr20	4700178	4700179	1656
chr20	4700179	4700180	1664
chr20	4700180	4700181	1653
chr20	4700181	4700182	1623
chr20	4700182	4700183	1611
chr20	4700183	4700184	1626
chr20	4700184	4700185	1550
chr20	4700185	4700186	1540
chr20	4700186	4700187	1543
chr20	4700187	4700188	1554
chr20	4700188	4700189	1584
chr20	4700189	4700190	1598
chr20	4700190	4700191	1568
chr20	4700191	4700192	1544
chr20	4700192	4700193	1534
chr20	4700193	4700194	1527
chr20	4700194	4700195	1548
chr20	4700195	4700196	1525
chr20	4700196	4700197	1532
chr20	4700197	4700198	1535
chr20	4700198	4700199	1495
chr20	4700199	4700200	1503
chr20	4700200	4700201	1513
chr20	4700201	4700202	1508
chr20	4700202	4700203	1501
chr20	4700203	4700204	1491
chr20	4700204	4700205	1476
chr20	4700205	4700206	1486
chr20	4700206	4700207	1484
chr20	4700207	4700208	1493
chr20	4700208	4700209	1499
chr20	4700209	4700210	1478
chr20	4700210	4700211	1470
chr20	4700211	4700212	1380
chr20	4700212	4700213	1333
chr20	4700213	4700214	1327
chr20	4700214	4700215	1330
chr20	4700215	4700216	1372
chr20	4700216	4700217	1368
chr20	4700217	4700218	1390
chr20	4700218	4700219	1404
chr20	4700219	4700221	1412
chr20	4700221	4700222	1384
chr20	4700222	4700223	1276
chr20	4700223	4700225	1283
chr20	4700225	4700226	1281
chr20	4700226	4700227	1307
chr20	4700227	4700228	1314
chr20	4700228	4700229	1249
chr20	4700229	4700230	1257
chr20	4700230	4700231	1286
chr20	4700231	4700232	1287
chr20	4700232	4700233	1264
chr20	4700233	4700234	1254
chr20	4700234	4700235	1258
chr20	4700235	4700236	1251
chr20	4700236	4700237	1250
chr20	4700237	4700238	1259
chr20	4700238	4700239	1250
chr20	4700239	4700240	1260
chr20	4700240	4700241	1257
chr20	4700241	4700242	1246
chr20	4700242	4700243	1272
chr20	4700243	4700244	1291
chr20	4700244	4700245	1286
chr20	4700245	4700246	1280
chr20	4700246	4700247	1293
chr20	4700247	4700248	1303
chr20	4700248	4700249	1316
chr20	4700249	4700250	1251
chr20	4700250	4700251	1258
chr20	4700251	4700252	1265
chr20	4700252	4700253	1276
chr20	4700253	4700254	1274
chr20	4700254	4700255	1249
chr20	4700255	4700257	1231
chr20	4700257	4700258	1241
chr20	4700258	4700259	1242
chr20	4700259	4700260	1255
chr20	4700260	4700261	1305
chr20	4700261	4700262	1303
chr20	4700262	4700263	1323
chr20	4700263	4700264	1310
chr20	4700264	4700265	1270
chr20	4700265	4700266	1254
chr20	4700266	4700267	1256
chr20	4700267	4700268	1246
chr20	4700268	4700269	1247
chr20	4700269	4700270	1246
chr20	4700270	4700271	1224
chr20	4700271	4700272	1215
chr20	4700272	4700273	1204
chr20	4700273	4700274	1199
chr20	4700274	4700275	1202
chr20	4700275	4700276	1193
chr20	4700276	4700277	1169
chr20	4700277	4700278	1148
chr20	4700278	4700279	1145
chr20	4700279	4700280	1164
chr20	4700280	4700281	1159
chr20	4700281	4700282	1154
chr20	4700282	4700283	1142
chr20	4700283	4700284	1131
chr20	4700284	4700285	1253
chr20	4700285	4700286	1271
chr20	4700286	4700287	1224
chr20	4700287	4700288	1212
chr20	4700288	4700289	1215
chr20	4700289	4700290	1226
chr20	4700290	4700291	1256
chr20	4700291	4700292	1208
chr20	4700292	4700293	1217
chr20	4700293	4700294	1199
chr20	4700294	4700295	1206
chr20	4700295	4700296	1211
chr20	4700296	4700297	1218
chr20	4700297	4700298	1292
chr20	4700298	4700299	1323
chr20	4700299	4700300	1348
chr20	4700300	4700301	1358
chr20	4700301	4700302	1378
chr20	4700302	4700303	1358
chr20	4700303	4700304	1344
chr20	4700304	4700305	1330
chr20	4700305	4700306	1363
chr20	4700306	4700307	1368
chr20	4700307	4700308	1354
chr20	4700308	4700309	1383
chr20	4700309	4700310	1372
chr20	4700310	4700311	1410
chr20	4700311	4700312	1413
chr20	4700312	4700313	1428
chr20	4700313	4700314	1426
chr20	4700314	4700315	1399
chr20	4700315	4700316	1383
chr20	4700316	4700317	1390
chr20	4700317	4700318	1439
chr20	4700318	4700319	1417
chr20	4700319	4700320	1393
chr20	4700320	4700321	1394
chr20	4700321	4700322	1400
chr20	4700322	4700323	1403
chr20	4700323	4700324	1417
chr20	4700324	4700325	1402
chr20	4700325	4700326	1407
chr20	4700326	4700327	1406
chr20	4700327	4700328	1396
chr20	4700328	4700329	1386
chr20	4700329	4700330	1380
chr20	4700330	4700331	1390
chr20	4700331	4700332	1410
chr20	4700332	4700333	1438
chr20	4700333	4700334	1466
chr20	4700334	4700335	1461
chr20	4700335	4700336	1442
chr20	4700336	4700337	1392
chr20	4700337	4700338	1408
chr20	4700338	4700339	1410
chr20	4700339	4700340	1419
chr20	4700340	4700341	1428
chr20	4700341	4700342	1435
chr20	4700342	4700343	1425
chr20	4700343	4700344	1441
chr20	4700344	4700345	1459
chr20	4700345	4700346	1472
chr20	4700346	4700347	1482
chr20	4700347	4700348	1476
chr20	4700348	4700350	1473
chr20	4700350	4700351	1469
chr20	4700351	4700352	1522
chr20	4700352	4700353	1546
chr20	4700353	4700354	1548
chr20	4700354	4700355	1571
chr20	4700355	4700356	1570
chr20	4700356	4700357	1592
chr20	4700357	4700358	1597
chr20	4700358	4700359	1595
chr20	4700359	4700360	1592
chr20	4700360	4700361	1439
chr20	4700361	4700362	1424
chr20	4700362	4700363	1412
chr20	4700363	4700364	1415
chr20	4700364	4700365	1441
chr20	4700365	4700366	1436
chr20	4700366	4700367	1498
chr20	4700367	4700368	1513
chr20	4700368	4700369	1496
chr20	4700369	4700370	1493
chr20	4700370	4700371	1499
chr20	4700371	4700372	1507
chr20	4700372	4700373	1489
chr20	4700373	4700374	1390
chr20	4700374	4700375	1386
chr20	4700375	4700376	1424
chr20	4700376	4700377	1426
chr20	4700377	4700378	1449
chr20	4700378	4700379	1437
chr20	4700379	4700380	1438
chr20	4700380	4700381	1437
chr20	4700381	4700382	1409
chr20	4700382	4700383	1421
chr20	4700383	4700384	1426
chr20	4700384	4700385	1413
chr20	4700385	4700386	1420
chr20	4700386	4700387	1403
chr20	4700387	4700388	1411
chr20	4700388	4700389	1401
chr20	4700389	4700390	1397
chr20	4700390	4700391	1399
chr20	4700391	4700392	1383
chr20	4700392	4700393	1376
chr20	4700393	4700394	1337
chr20	4700394	4700396	1350
chr20	4700396	4700397	1346
chr20	4700397	4700398	1357
chr20	4700398	4700399	1353
chr20	4700399	4700400	1324
chr20	4700400	4700401	1315
chr20	4700401	4700402	1298
chr20	4700402	4700403	1310
chr20	4700403	4700404	1309
chr20	4700404	4700405	1341
chr20	4700405	4700406	1355
chr20	4700406	4700407	1342
chr20	4700407	4700408	1331
chr20	4700408	4700409	1306
chr20	4700409	4700410	1279
chr20	4700410	4700411	1280
chr20	4700411	4700412	1270
chr20	4700412	4700413	1257
chr20	4700413	4700414	1239
chr20	4700414	4700415	1228
chr20	4700415	4700416	1247
chr20	4700416	4700417	1244
chr20	4700417	4700418	1237
chr20	4700418	4700419	1238
chr20	4700419	4700420	1226
chr20	4700420	4700421	1222
chr20	4700421	4700422	1229
chr20	4700422	4700423	1211
chr20	4700423	4700424	1223
chr20	4700424	4700425	1220
chr20	4700425	4700427	1212
chr20	4700427	4700428	1141
chr20	4700428	4700429	1177
chr20	4700429	4700430	1171
chr20	4700430	4700431	1142
chr20	4700431	4700432	1156
chr20	4700432	4700433	1121
chr20	4700433	4700434	1118
chr20	4700434	4700435	1123
chr20	4700435	4700436	1139
chr20	4700436	4700437	1169
chr20	4700437	4700438	1189
chr20	4700438	4700440	1200
chr20	4700440	4700441	1172
chr20	4700441	4700442	1207
chr20	4700442	4700443	1117
chr20	4700443	4700445	1173
chr20	4700445	4700446	1177
chr20	4700446	4700447	1194
chr20	4700447	4700448	1179
chr20	4700448	4700449	1183
chr20	4700449	4700450	1187
chr20	4700450	4700451	1178
chr20	4700451	4700452	1123
chr20	4700452	4700453	1115
chr20	4700453	4700454	1074
chr20	4700454	4700455	1067
chr20	4700455	4700456	1066
chr20	4700456	4700457	1062
chr20	4700457	4700458	1042
chr20	4700458	4700459	1013
chr20	4700459	4700460	1030
chr20	4700460	4700461	1029
chr20	4700461	4700462	1005
chr20	4700462	4700463	992
chr20	4700463	4700464	975
chr20	4700464	4700465	985
chr20	4700465	4700466	993
chr20	4700466	4700467	1002
chr20	4700467	4700468	1016
chr20	4700468	4700469	1015
chr20	4700469	4700470	1105
chr20	4700470	4700471	1101
chr20	4700471	4700472	1106
chr20	4700472	4700473	1115
chr20	4700473	4700474	1108
chr20	4700474	4700475	1089
chr20	4700475	4700476	1137
chr20	4700476	4700477	1165
chr20	4700477	4700478	1269
chr20	4700478	4700479	1302
chr20	4700479	4700480	1303
chr20	4700480	4700481	1270
chr20	4700481	4700482	1261
chr20	4700482	4700483	1295
chr20	4700483	4700484	1304
chr20	4700484	4700485	1294
chr20	4700485	4700486	1295
chr20	4700486	4700487	1284
chr20	4700487	4700488	1289
chr20	4700488	4700489	1311
chr20	4700489	4700490	1306
chr20	4700490	4700491	1293
chr20	4700491	4700492	1269
chr20	4700492	4700493	1276
chr20	4700493	4700494	1280
chr20	4700494	4700495	1408
chr20	4700495	4700496	1411
chr20	4700496	4700497	1403
chr20	4700497	4700498	1392
chr20	4700498	4700499	1390
chr20	4700499	4700500	1430
chr20	4700500	4700501	1459
chr20	4700501	4700502	1517
chr20	4700502	4700503	1539
chr20	4700503	4700504	1540
chr20	4700504	4700505	1504
chr20	4700505	4700506	1497
chr20	4700506	4700507	1486
chr20	4700507	4700508	1471
chr20	4700508	4700509	1479
chr20	4700509	4700510	1499
chr20	4700510	4700511	1523
chr20	4700511	4700512	1496
chr20	4700512	4700513	1473
chr20	4700513	4700514	1461
chr20	4700514	4700515	1470
chr20	4700515	4700516	1473
chr20	4700516	4700517	1476
chr20	4700517	4700518	1442
chr20	4700518	4700519	1464
chr20	4700519	4700520	1421
chr20	4700520	4700521	1455
chr20	4700521	4700522	1468
chr20	4700522	4700523	1447
chr20	4700523	4700524	1480
chr20	4700524	4700525	1493
chr20	4700525	4700526	1513
chr20	4700526	4700527	1507
chr20	4700527	4700528	1527
chr20	4700528	4700529	1534
chr20	4700529	4700530	1557
chr20	4700530	4700531	1580
chr20	4700531	4700532	1593
chr20	4700532	4700533	1606
chr20	4700533	4700534	1600
chr20	4700534	4700535	1639
chr20	4700535	4700536	1629
chr20	4700536	4700537	1637
chr20	4700537	4700538	1638
chr20	4700538	4700539	1640
chr20	4700539	4700540	1695
chr20	4700540	4700541	1694
chr20	4700541	4700542	1689
chr20	4700542	4700543	1675
chr20	4700543	4700544	1671
chr20	4700544	4700545	1648
chr20	4700545	4700546	1576
chr20	4700546	4700547	1584
chr20	4700547	4700548	1633
chr20	4700548	4700549	1627
chr20	4700549	4700551	1620
chr20	4700551	4700552	1569
chr20	4700552	4700553	1538
chr20	4700553	4700554	1462
chr20	4700554	4700555	1417
chr20	4700555	4700556	1419
chr20	4700556	4700557	1435
chr20	4700557	4700558	1471
chr20	4700558	4700559	1460
chr20	4700559	4700560	1489
chr20	4700560	4700561	1494
chr20	4700561	4700562	1497
chr20	4700562	4700563	1549
chr20	4700563	4700564	1596
chr20	4700564	4700565	1604
chr20	4700565	4700566	1629
chr20	4700566	4700567	1639
chr20	4700567	4700569	1645
chr20	4700569	4700570	1672
chr20	4700570	4700571	1576
chr20	4700571	4700572	1614
chr20	4700572	4700573	1630
chr20	4700573	4700574	1636
chr20	4700574	4700575	1651
chr20	4700575	4700576	1599
chr20	4700576	4700577	1575
chr20	4700577	4700578	1510
chr20	4700578	4700579	1501
chr20	4700579	4700580	1507
chr20	4700580	4700581	1533
chr20	4700581	4700582	1537
chr20	4700582	4700583	1540
chr20	4700583	4700584	1545
chr20	4700584	4700585	1534
chr20	4700585	4700586	1516
chr20	4700586	4700587	1498
chr20	4700587	4700588	1508
chr20	4700588	4700589	1516
chr20	4700589	4700590	1499
chr20	4700590	4700591	1484
chr20	4700591	4700592	1473
chr20	4700592	4700593	1471
chr20	4700593	4700594	1510
chr20	4700594	4700595	1487
chr20	4700595	4700596	1482
chr20	4700596	4700597	1424
chr20	4700597	4700598	1416
chr20	4700598	4700599	1484
chr20	4700599	4700600	1455
chr20	4700600	4700601	1436
chr20	4700601	4700602	1425
chr20	4700602	4700603	1441
chr20	4700603	4700604	1417
chr20	4700604	4700605	1429
chr20	4700605	4700606	1418
chr20	4700606	4700607	1393
chr20	4700607	4700608	1396
chr20	4700608	4700609	1407
chr20	4700609	4700610	1556
chr20	4700610	4700611	1523
chr20	4700611	4700612	1550
chr20	4700612	4700613	1545
chr20	4700613	4700614	1557
chr20	4700614	4700615	1555
chr20	4700615	4700616	1499
chr20	4700616	4700617	1511
chr20	4700617	4700618	1539
chr20	4700618	4700619	1568
chr20	4700619	4700620	1596
chr20	4700620	4700621	1620
chr20	4700621	4700622	1614
chr20	4700622	4700623	1667
chr20	4700623	4700624	1634
chr20	4700624	4700625	1627
chr20	4700625	4700626	1641
chr20	4700626	4700627	1643
chr20	4700627	4700628	1686
chr20	4700628	4700629	1700
chr20	4700629	4700630	1690
chr20	4700630	4700631	1695
chr20	4700631	4700632	1730
chr20	4700632	4700633	1736
chr20	4700633	4700634	1695
chr20	4700634	4700635	1675
chr20	4700635	4700636	1651
chr20	4700636	4700637	1658
chr20	4700637	4700638	1672
chr20	4700638	4700639	1602
chr20	4700639	4700640	1583
chr20	4700640	4700641	1554
chr20	4700641	4700642	1538
chr20	4700642	4700643	1531
chr20	4700643	4700644	1526
chr20	4700644	4700645	1511
chr20	4700645	4700646	1486
#bedGraph section chr20:4700646-4778801
chr20	4700646	4700647	1457
chr20	4700647	4700648	1436
chr20	4700648	4700649	1411
chr20	4700649	4700650	1398
chr20	4700650	4700651	1390
chr20	4700651	4700652	1423
chr20	4700652	4700653	1430
chr20	4700653	4700654	1425
chr20	4700654	4700655	1419
chr20	4700655	4700656	1401
chr20	4700656	4700657	1381
chr20	4700657	4700658	1388
chr20	4700658	4700659	1378
chr20	4700659	4700661	1370
chr20	4700661	4700662	1361
chr20	4700662	4700663	1391
chr20	4700663	4700664	1378
chr20	4700664	4700665	1373
chr20	4700665	4700666	1379
chr20	4700666	4700667	1385
chr20	4700667	4700668	1404
chr20	4700668	4700669	1384
chr20	4700669	4700670	1362
chr20	4700670	4700671	1341
chr20	4700671	4700672	1344
chr20	4700672	4700673	1376
chr20	4700673	4700674	1373
chr20	4700674	4700675	1297
chr20	4700675	4700676	1292
chr20	4700676	4700677	1294
chr20	4700677	4700678	1293
chr20	4700678	4700679	1296
chr20	4700679	4700681	1336
chr20	4700681	4700682	1356
chr20	4700682	4700683	1380
chr20	4700683	4700684	1370
chr20	4700684	4700685	1348
chr20	4700685	4700686	1185
chr20	4700686	4700687	1197
chr20	4700687	4700688	1173
chr20	4700688	4700689	1171
chr20	4700689	4700690	1194
chr20	4700690	4700691	1219
chr20	4700691	4700692	1228
chr20	4700692	4700693	1226
chr20	4700693	4700694	1210
chr20	4700694	4700695	1169
chr20	4700695	4700696	1208
chr20	4700696	4700697	1248
chr20	4700697	4700698	1300
chr20	4700698	4700699	1240
chr20	4700699	4700700	1236
chr20	4700700	4700701	1238
chr20	4700701	4700702	1250
chr20	4700702	4700703	1256
chr20	4700703	4700704	1244
chr20	4700704	4700705	1251
chr20	4700705	4700706	1247
chr20	4700706	4700707	1250
chr20	4700707	4700708	1201
chr20	4700708	4700709	1187
chr20	4700709	4700710	1194
chr20	4700710	4700711	1193
chr20	4700711	4700712	1204
chr20	4700712	4700713	1208
chr20	4700713	4700714	1241
chr20	4700714	4700715	1245
chr20	4700715	4700716	1225
chr20	4700716	4700717	1223
chr20	4700717	4700718	1237
chr20	4700718	4700719	1236
chr20	4700719	4700720	1245
chr20	4700720	4700721	1254
chr20	4700721	4700722	1247
chr20	4700722	4700723	1246
chr20	4700723	4700724	1272
chr20	4700724	4700725	1439
chr20	4700725	4700726	1453
chr20	4700726	4700727	1455
chr20	4700727	4700728	1472
chr20	4700728	4700729	1522
chr20	4700729	4700730	1588
chr20	4700730	4700731	1605
chr20	4700731	4700732	1615
chr20	4700732	4700733	1650
chr20	4700733	4700735	1660
chr20	4700735	4700736	1663
chr20	4700736	4700737	1661
chr20	4700737	4700738	1660
chr20	4700738	4700739	1648
chr20	4700739	4700740	1647
chr20	4700740	4700741	1644
chr20	4700741	4700742	1643
chr20	4700742	4700743	1635
chr20	4700743	4700744	1668
chr20	4700744	4700745	1673
chr20	4700745	4700747	1663
chr20	4700747	4700748	1661
chr20	4700748	4700750	1617
chr20	4700750	4700751	1689
chr20	4700751	4700752	1696
chr20	4700752	4700753	1703
chr20	4700753	4700754	1700
chr20	4700754	4700755	1697
chr20	4700755	4700756	1669
chr20	4700756	4700757	1648
chr20	4700757	4700758	1636
chr20	4700758	4700759	1616
chr20	4700759	4700760	1615
chr20	4700760	4700761	1614
chr20	4700761	4700762	1629
chr20	4700762	4700763	1632
chr20	4700763	4700764	1623
chr20	4700764	4700765	1610
chr20	4700765	4700766	1577
chr20	4700766	4700767	1531
chr20	4700767	4700768	1510
chr20	4700768	4700769	1544
chr20	4700769	4700770	1577
chr20	4700770	4700771	1583
chr20	4700771	4700772	1515
chr20	4700772	4700773	1478
chr20	4700773	4700774	1441
chr20	4700774	4700775	1465
chr20	4700775	4700776	1466
chr20	4700776	4700777	1479
chr20	4700777	4700778	1549
chr20	4700778	4700779	1552
chr20	4700779	4700780	1530
chr20	4700780	4700781	1517
chr20	4700781	4700782	1565
chr20	4700782	4700783	1582
chr20	4700783	4700784	1619
chr20	4700784	4700785	1613
chr20	4700785	4700786	1607
chr20	4700786	4700787	1603
chr20	4700787	4700788	1604
chr20	4700788	4700789	1576
chr20	4700789	4700790	1537
chr20	4700790	4700791	1539
chr20	4700791	4700792	1551
chr20	4700792	4700793	1562
chr20	4700793	4700794	1573
chr20	4700794	4700795	1591
chr20	4700795	4700796	1578
chr20	4700796	4700797	1608
chr20	4700797	4700798	1721
chr20	4700798	4700799	1746
chr20	4700799	4700800	1707
chr20	4700800	4700801	1577
chr20	4700801	4700802	1564
chr20	4700802	4700803	1567
chr20	4700803	4700804	1526
chr20	4700804	4700805	1496
chr20	4700805	4700806	1450
chr20	4700806	4700807	1445
chr20	4700807	4700808	1581
chr20	4700808	4700809	1586
chr20	4700809	4700810	1626
chr20	4700810	4700811	1630
chr20	4700811	4700812	1636
chr20	4700812	4700813	1641
chr20	4700813	4700814	1657
chr20	4700814	4700815	1733
chr20	4700815	4700816	1738
chr20	4700816	4700817	1783
chr20	4700817	4700818	1788
chr20	4700818	4700819	1857
chr20	4700819	4700820	1877
chr20	4700820	4700821	1893
chr20	4700821	4700822	1946
chr20	4700822	4700823	1948
chr20	4700823	4700824	2041
chr20	4700824	4700825	2050
chr20	4700825	4700826	2078
chr20	4700826	4700827	2058
chr20	4700827	4700828	2092
chr20	4700828	4700829	2110
chr20	4700829	4700830	2142
chr20	4700830	4700831	2122
chr20	4700831	4700832	2288
chr20	4700832	4700833	2332
chr20	4700833	4700834	2375
chr20	4700834	4700835	2447
chr20	4700835	4700837	2492
chr20	4700837	4700838	2476
chr20	4700838	4700839	2573
chr20	4700839	4700840	2601
chr20	4700840	4700841	2646
chr20	4700841	4700842	2650
chr20	4700842	4700843	2651
chr20	4700843	4700844	2655
chr20	4700844	4700845	2619
chr20	4700845	4700846	2629
chr20	4700846	4700847	2633
chr20	4700847	4700848	2651
chr20	4700848	4700849	2669
chr20	4700849	4700850	2638
chr20	4700850	4700851	2615
chr20	4700851	4700852	2631
chr20	4700852	4700853	2623
chr20	4700853	4700854	2541
chr20	4700854	4700855	2537
chr20	4700855	4700856	2541
chr20	4700856	4700857	2539
chr20	4700857	4700858	2510
chr20	4700858	4700859	2483
chr20	4700859	4700860	2454
chr20	4700860	4700861	2451
chr20	4700861	4700862	2455
chr20	4700862	4700863	2555
chr20	4700863	4700864	2572
chr20	4700864	4700866	2612
chr20	4700866	4700867	2656
chr20	4700867	4700868	2743
chr20	4700868	4700869	2782
chr20	4700869	4700870	2795
chr20	4700870	4700871	2792
chr20	4700871	4700872	2795
chr20	4700872	4700873	2775
chr20	4700873	4700874	2653
chr20	4700874	4700875	2662
chr20	4700875	4700876	2657
chr20	4700876	4700877	2666
chr20	4700877	4700878	2693
chr20	4700878	4700879	2796
chr20	4700879	4700880	2797
chr20	4700880	4700881	2784
chr20	4700881	4700882	2781
chr20	4700882	4700883	2794
chr20	4700883	4700884	2666
chr20	4700884	4700885	2639
chr20	4700885	4700886	2644
chr20	4700886	4700887	2661
chr20	4700887	4700888	2668
chr20	4700888	4700890	2689
chr20	4700890	4700891	2670
chr20	4700891	4700892	2695
chr20	4700892	4700893	2651
chr20	4700893	4700894	2660
chr20	4700894	4700895	2575
chr20	4700895	4700896	2535
chr20	4700896	4700897	2557
chr20	4700897	4700898	2527
chr20	4700898	4700899	2539
chr20	4700899	4700900	2484
chr20	4700900	4700901	2481
chr20	4700901	4700902	2443
chr20	4700902	4700903	2398
chr20	4700903	4700904	2394
chr20	4700904	4700905	2438
chr20	4700905	4700906	2419
chr20	4700906	4700907	2493
chr20	4700907	4700908	2381
chr20	4700908	4700909	2393
chr20	4700909	4700910	2341
chr20	4700910	4700911	2305
chr20	4700911	4700912	2308
chr20	4700912	4700913	2297
chr20	4700913	4700914	2295
chr20	4700914	4700915	2217
chr20	4700915	4700916	2219
chr20	4700916	4700917	2189
chr20	4700917	4700918	2197
chr20	4700918	4700919	2206
chr20	4700919	4700920	2197
chr20	4700920	4700921	2194
chr20	4700921	4700922	2164
chr20	4700922	4700923	2149
chr20	4700923	4700924	2136
chr20	4700924	4700925	2115
chr20	4700925	4700926	2103
chr20	4700926	4700927	2176
chr20	4700927	4700928	2164
chr20	4700928	4700929	2162
chr20	4700929	4700930	2177
chr20	4700930	4700931	2176
chr20	4700931	4700932	2203
chr20	4700932	4700933	2250
chr20	4700933	4700934	2252
chr20	4700934	4700935	2352
chr20	4700935	4700936	2373
chr20	4700936	4700937	2392
chr20	4700937	4700938	2468
chr20	4700938	4700939	2391
chr20	4700939	4700940	2453
chr20	4700940	4700941	2450
chr20	4700941	4700942	2509
chr20	4700942	4700943	2468
chr20	4700943	4700944	2384
chr20	4700944	4700945	2375
chr20	4700945	4700946	2346
chr20	4700946	4700947	2355
chr20	4700947	4700948	2364
chr20	4700948	4700949	2356
chr20	4700949	4700950	2394
chr20	4700950	4700951	2388
chr20	4700951	4700952	2369
chr20	4700952	4700953	2356
chr20	4700953	4700954	2331
chr20	4700954	4700955	2257
chr20	4700955	4700956	2270
chr20	4700956	4700957	2260
chr20	4700957	4700958	2250
chr20	4700958	4700960	2208
chr20	4700960	4700961	2215
chr20	4700961	4700962	2202
chr20	4700962	4700963	2238
chr20	4700963	4700964	2248
chr20	4700964	4700965	2225
chr20	4700965	4700966	2235
chr20	4700966	4700967	2174
chr20	4700967	4700968	2159
chr20	4700968	4700969	2179
chr20	4700969	4700970	2161
chr20	4700970	4700971	2184
chr20	4700971	4700972	2248
chr20	4700972	4700973	2243
chr20	4700973	4700974	2258
chr20	4700974	4700975	2271
chr20	4700975	4700976	2299
chr20	4700976	4700977	2357
chr20	4700977	4700978	2368
chr20	4700978	4700979	2379
chr20	4700979	4700980	2357
chr20	4700980	4700981	2387
chr20	4700981	4700982	2393
chr20	4700982	4700983	2419
chr20	4700983	4700984	2592
chr20	4700984	4700985	2619
chr20	4700985	4700986	2642
chr20	4700986	4700987	2613
chr20	4700987	4700988	2597
chr20	4700988	4700989	2616
chr20	4700989	4700990	2601
chr20	4700990	4700991	2597
chr20	4700991	4700992	2591
chr20	4700992	4700993	2608
chr20	4700993	4700994	2647
chr20	4700994	4700995	2646
chr20	4700995	4700996	2651
chr20	4700996	4700997	2647
chr20	4700997	4700998	2638
chr20	4700998	4700999	2635
chr20	4700999	4701000	2625
chr20	4701000	4701001	2622
chr20	4701001	4701002	2623
chr20	4701002	4701003	2568
chr20	4701003	4701004	2681
chr20	4701004	4701005	2697
chr20	4701005	4701006	2687
chr20	4701006	4701007	2678
chr20	4701007	4701008	2640
chr20	4701008	4701009	2587
chr20	4701009	4701010	2634
chr20	4701010	4701011	2539
chr20	4701011	4701012	2535
chr20	4701012	4701013	2518
chr20	4701013	4701014	2438
chr20	4701014	4701015	2443
chr20	4701015	4701016	2369
chr20	4701016	4701017	2341
chr20	4701017	4701018	2300
chr20	4701018	4701019	2302
chr20	4701019	4701020	2339
chr20	4701020	4701021	2455
chr20	4701021	4701022	2555
chr20	4701022	4701023	2530
chr20	4701023	4701024	2523
chr20	4701024	4701025	2537
chr20	4701025	4701026	2586
chr20	4701026	4701027	2598
chr20	4701027	4701028	2636
chr20	4701028	4701029	2670
chr20	4701029	4701030	2667
chr20	4701030	4701031	2646
chr20	4701031	4701032	2674
chr20	4701032	4701033	2676
chr20	4701033	4701034	2674
chr20	4701034	4701035	2699
chr20	4701035	4701036	2799
chr20	4701036	4701037	2787
chr20	4701037	4701038	2748
chr20	4701038	4701039	2714
chr20	4701039	4701040	2692
chr20	4701040	4701042	2688
chr20	4701042	4701043	2706
chr20	4701043	4701044	2716
chr20	4701044	4701045	2702
chr20	4701045	4701046	2755
chr20	4701046	4701047	2798
chr20	4701047	4701048	2783
chr20	4701048	4701049	2750
chr20	4701049	4701050	2740
chr20	4701050	4701051	2783
chr20	4701051	4701052	2851
chr20	4701052	4701053	2830
chr20	4701053	4701054	2819
chr20	4701054	4701055	2813
chr20	4701055	4701056	2816
chr20	4701056	4701057	2753
chr20	4701057	4701058	2722
chr20	4701058	4701059	2609
chr20	4701059	4701060	2329
chr20	4701060	4701061	2295
chr20	4701061	4701062	2268
chr20	4701062	4701063	2257
chr20	4701063	4701064	2256
chr20	4701064	4701065	2244
chr20	4701065	4701066	2237
chr20	4701066	4701067	2361
chr20	4701067	4701068	2352
chr20	4701068	4701069	2329
chr20	4701069	4701070	2293
chr20	4701070	4701071	2300
chr20	4701071	4701072	2296
chr20	4701072	4701073	2293
chr20	4701073	4701074	2318
chr20	4701074	4701075	2319
chr20	4701075	4701076	2384
chr20	4701076	4701077	2387
chr20	4701077	4701078	2461
chr20	4701078	4701079	2487
chr20	4701079	4701080	2471
chr20	4701080	4701081	2452
chr20	4701081	4701082	2448
chr20	4701082	4701083	2450
chr20	4701083	4701084	2464
chr20	4701084	4701085	2622
chr20	4701085	4701086	2611
chr20	4701086	4701087	2590
chr20	4701087	4701088	2584
chr20	4701088	4701089	2587
chr20	4701089	4701090	2600
chr20	4701090	4701091	2601
chr20	4701091	4701092	2611
chr20	4701092	4701093	2618
chr20	4701093	4701094	2619
chr20	4701094	4701095	2636
chr20	4701095	4701096	2604
chr20	4701096	4701097	2458
chr20	4701097	4701098	2406
chr20	4701098	4701099	2418
chr20	4701099	4701100	2410
chr20	4701100	4701101	2457
chr20	4701101	4701102	2359
chr20	4701102	4701104	2478
chr20	4701104	4701105	2448
chr20	4701105	4701106	2480
chr20	4701106	4701107	2475
chr20	4701107	4701108	2437
chr20	4701108	4701109	2439
chr20	4701109	4701110	2461
chr20	4701110	4701111	2504
chr20	4701111	4701112	2441
chr20	4701112	4701113	2452
chr20	4701113	4701114	2465
chr20	4701114	4701115	2497
chr20	4701115	4701116	2544
chr20	4701116	4701117	2549
chr20	4701117	4701118	2520
chr20	4701118	4701119	2508
chr20	4701119	4701120	2498
chr20	4701120	4701121	2497
chr20	4701121	4701122	2435
chr20	4701122	4701123	2366
chr20	4701123	4701124	2346
chr20	4701124	4701125	2353
chr20	4701125	4701126	2304
chr20	4701126	4701127	2189
chr20	4701127	4701128	2097
chr20	4701128	4701129	2107
chr20	4701129	4701130	2123
chr20	4701130	4701131	2112
chr20	4701131	4701132	2115
chr20	4701132	4701133	2108
chr20	4701133	4701134	2126
chr20	4701134	4701135	2135
chr20	4701135	4701136	2153
chr20	4701136	4701137	2185
chr20	4701137	4701138	2220
chr20	4701138	4701139	2336
chr20	4701139	4701140	2338
chr20	4701140	4701141	2340
chr20	4701141	4701142	2316
chr20	4701142	4701143	2206
chr20	4701143	4701144	2205
chr20	4701144	4701145	2210
chr20	4701145	4701146	2199
chr20	4701146	4701147	2216
chr20	4701147	4701148	2264
chr20	4701148	4701149	2295
chr20	4701149	4701150	2297
chr20	4701150	4701151	2288
chr20	4701151	4701152	2232
chr20	4701152	4701153	2239
chr20	4701153	4701154	2174
chr20	4701154	4701155	2176
chr20	4701155	4701156	2099
chr20	4701156	4701157	2105
chr20	4701157	4701158	2162
chr20	4701158	4701159	2175
chr20	4701159	4701160	2168
chr20	4701160	4701161	2064
chr20	4701161	4701162	2044
chr20	4701162	4701163	2046
chr20	4701163	4701164	2053
chr20	4701164	4701165	2089
chr20	4701165	4701166	2061
chr20	4701166	4701167	2053
chr20	4701167	4701168	2088
chr20	4701168	4701169	2105
chr20	4701169	4701170	2107
chr20	4701170	4701171	2057
chr20	4701171	4701172	2040
chr20	4701172	4701173	2015
chr20	4701173	4701174	1991
chr20	4701174	4701175	2048
chr20	4701175	4701176	2038
chr20	4701176	4701177	1992
chr20	4701177	4701178	1974
chr20	4701178	4701179	1828
chr20	4701179	4701180	1803
chr20	4701180	4701181	1802
chr20	4701181	4701182	1783
chr20	4701182	4701183	1782
chr20	4701183	4701184	1801
chr20	4701184	4701185	1837
chr20	4701185	4701186	1790
chr20	4701186	4701187	1723
chr20	4701187	4701188	1695
chr20	4701188	4701189	1671
chr20	4701189	4701190	1669
chr20	4701190	4701191	1625
chr20	4701191	4701192	1601
chr20	4701192	4701193	1589
chr20	4701193	4701194	1607
chr20	4701194	4701195	1601
chr20	4701195	4701196	1605
chr20	4701196	4701197	1610
chr20	4701197	4701198	1603
chr20	4701198	4701199	1585
chr20	4701199	4701200	1580
chr20	4701200	4701201	1576
chr20	4701201	4701202	1600
chr20	4701202	4701203	1601
chr20	4701203	4701204	1605
chr20	4701204	4701205	1584
chr20	4701205	4701206	1557
chr20	4701206	4701207	1717
chr20	4701207	4701208	1718
chr20	4701208	4701209	1725
chr20	4701209	4701210	1718
chr20	4701210	4701211	1727
chr20	4701211	4701212	1795
chr20	4701212	4701213	1774
chr20	4701213	4701214	1752
chr20	4701214	4701215	1636
chr20	4701215	4701216	1632
chr20	4701216	4701217	1629
chr20	4701217	4701218	1632
chr20	4701218	4701219	1628
chr20	4701219	4701220	1625
chr20	4701220	4701221	1620
chr20	4701221	4701222	1628
chr20	4701222	4701223	1609
chr20	4701223	4701224	1565
chr20	4701224	4701225	1555
chr20	4701225	4701226	1572
chr20	4701226	4701227	1614
chr20	4701227	4701228	1640
chr20	4701228	4701229	1636
chr20	4701229	4701230	1671
chr20	4701230	4701231	1621
chr20	4701231	4701232	1643
chr20	4701232	4701233	1688
chr20	4701233	4701234	1709
chr20	4701234	4701235	1699
chr20	4701235	4701236	1707
chr20	4701236	4701237	1636
chr20	4701237	4701238	1639
chr20	4701238	4701239	1638
chr20	4701239	4701240	1651
chr20	4701240	4701241	1634
chr20	4701241	4701242	1629
chr20	4701242	4701243	1595
chr20	4701243	4701244	1574
chr20	4701244	4701245	1538
chr20	4701245	4701246	1570
chr20	4701246	4701247	1576
chr20	4701247	4701248	1588
chr20	4701248	4701249	1601
chr20	4701249	4701250	1589
chr20	4701250	4701251	1539
chr20	4701251	4701252	1540
chr20	4701252	4701253	1539
chr20	4701253	4701254	1543
chr20	4701254	4701255	1550
chr20	4701255	4701256	1630
chr20	4701256	4701257	1638
chr20	4701257	4701258	1618
chr20	4701258	4701259	1601
chr20	4701259	4701260	1581
chr20	4701260	4701261	1552
chr20	4701261	4701262	1586
chr20	4701262	4701263	1588
chr20	4701263	4701264	1609
chr20	4701264	4701265	1602
chr20	4701265	4701267	1619
chr20	4701267	4701268	1607
chr20	4701268	4701269	1611
chr20	4701269	4701270	1592
chr20	4701270	4701271	1611
chr20	4701271	4701272	1602
chr20	4701272	4701273	1630
chr20	4701273	4701274	1632
chr20	4701274	4701275	1639
chr20	4701275	4701276	1640
chr20	4701276	4701277	1668
chr20	4701277	4701278	1660
chr20	4701278	4701279	1661
chr20	4701279	4701281	1662
chr20	4701281	4701282	1679
chr20	4701282	4701283	1531
chr20	4701283	4701285	1516
chr20	4701285	4701286	1514
chr20	4701286	4701287	1489
chr20	4701287	4701288	1423
chr20	4701288	4701289	1405
chr20	4701289	4701290	1410
chr20	4701290	4701291	1439
chr20	4701291	4701292	1450
chr20	4701292	4701293	1501
chr20	4701293	4701294	1500
chr20	4701294	4701295	1513
chr20	4701295	4701296	1506
chr20	4701296	4701297	1606
chr20	4701297	4701298	1597
chr20	4701298	4701299	1622
chr20	4701299	4701300	1631
chr20	4701300	4701301	1639
chr20	4701301	4701302	1613
chr20	4701302	4701303	1599
chr20	4701303	4701304	1797
chr20	4701304	4701305	1862
chr20	4701305	4701306	1902
chr20	4701306	4701307	1883
chr20	4701307	4701308	1869
chr20	4701308	4701309	2201
chr20	4701309	4701310	2187
chr20	4701310	4701311	2208
chr20	4701311	4701312	2205
chr20	4701312	4701313	2220
chr20	4701313	4701314	2271
chr20	4701314	4701315	2302
chr20	4701315	4701316	2298
chr20	4701316	4701317	2282
chr20	4701317	4701318	2333
chr20	4701318	4701319	2385
chr20	4701319	4701320	2410
chr20	4701320	4701321	2438
chr20	4701321	4701322	2419
chr20	4701322	4701324	2422
chr20	4701324	4701325	2439
chr20	4701325	4701326	2459
chr20	4701326	4701327	2609
chr20	4701327	4701328	2678
chr20	4701328	4701329	2701
chr20	4701329	4701330	2692
chr20	4701330	4701331	2686
chr20	4701331	4701332	2624
chr20	4701332	4701333	2616
chr20	4701333	4701334	2684
chr20	4701334	4701335	2713
chr20	4701335	4701336	2762
chr20	4701336	4701337	2771
chr20	4701337	4701338	2806
chr20	4701338	4701339	2815
chr20	4701339	4701340	2836
chr20	4701340	4701341	2892
chr20	4701341	4701342	2909
chr20	4701342	4701343	2940
chr20	4701343	4701344	2943
chr20	4701344	4701345	2956
chr20	4701345	4701346	2973
chr20	4701346	4701347	2965
chr20	4701347	4701348	3256
chr20	4701348	4701349	3243
chr20	4701349	4701350	3256
chr20	4701350	4701351	3291
chr20	4701351	4701352	3293
chr20	4701352	4701353	3313
chr20	4701353	4701354	3306
chr20	4701354	4701355	3320
chr20	4701355	4701356	3316
chr20	4701356	4701357	3330
chr20	4701357	4701358	3308
chr20	4701358	4701359	3290
chr20	4701359	4701360	3292
chr20	4701360	4701361	3377
chr20	4701361	4701362	3409
chr20	4701362	4701363	3420
chr20	4701363	4701364	3428
chr20	4701364	4701365	3449
chr20	4701365	4701366	3454
chr20	4701366	4701367	3460
chr20	4701367	4701368	3558
chr20	4701368	4701369	3612
chr20	4701369	4701370	3652
chr20	4701370	4701371	3658
chr20	4701371	4701372	3642
chr20	4701372	4701373	3668
chr20	4701373	4701374	3764
chr20	4701374	4701375	3959
chr20	4701375	4701376	4030
chr20	4701376	4701377	4010
chr20	4701377	4701378	4056
chr20	4701378	4701379	4018
chr20	4701379	4701380	3869
chr20	4701380	4701381	3794
chr20	4701381	4701382	3777
chr20	4701382	4701383	3784
chr20	4701383	4701384	3780
chr20	4701384	4701385	3491
chr20	4701385	4701386	3506
chr20	4701386	4701387	3572
chr20	4701387	4701388	3585
chr20	4701388	4701389	3593
chr20	4701389	4701390	3556
chr20	4701390	4701391	3567
chr20	4701391	4701392	3598
chr20	4701392	4701393	3976
chr20	4701393	4701394	3983
chr20	4701394	4701395	3974
chr20	4701395	4701396	3992
chr20	4701396	4701397	3979
chr20	4701397	4701398	3992
chr20	4701398	4701399	4045
chr20	4701399	4701400	4024
chr20	4701400	4701401	4014
chr20	4701401	4701402	3983
chr20	4701402	4701403	3864
chr20	4701403	4701404	3783
chr20	4701404	4701405	3774
chr20	4701405	4701406	3786
chr20	4701406	4701407	3775
chr20	4701407	4701408	3766
chr20	4701408	4701409	3761
chr20	4701409	4701410	3687
chr20	4701410	4701411	3655
chr20	4701411	4701412	3615
chr20	4701412	4701413	3592
chr20	4701413	4701414	3530
chr20	4701414	4701415	3520
chr20	4701415	4701416	3483
chr20	4701416	4701417	3408
chr20	4701417	4701418	3391
chr20	4701418	4701419	3362
chr20	4701419	4701420	3358
chr20	4701420	4701421	3342
chr20	4701421	4701422	3337
chr20	4701422	4701423	3289
chr20	4701423	4701424	3019
chr20	4701424	4701425	3056
chr20	4701425	4701426	3046
chr20	4701426	4701427	3017
chr20	4701427	4701428	3001
chr20	4701428	4701429	2934
chr20	4701429	4701430	2932
chr20	4701430	4701431	2914
chr20	4701431	4701432	2916
chr20	4701432	4701433	2950
chr20	4701433	4701434	2964
chr20	4701434	4701436	2975
chr20	4701436	4701437	2870
chr20	4701437	4701438	2840
chr20	4701438	4701439	2825
chr20	4701439	4701440	2831
chr20	4701440	4701441	2807
chr20	4701441	4701442	2775
chr20	4701442	4701443	2725
chr20	4701443	4701444	2617
chr20	4701444	4701445	2543
chr20	4701445	4701446	2487
chr20	4701446	4701447	2488
chr20	4701447	4701448	2478
chr20	4701448	4701449	2336
chr20	4701449	4701450	2246
chr20	4701450	4701451	1996
chr20	4701451	4701452	1964
chr20	4701452	4701453	1949
chr20	4701453	4701454	1909
chr20	4701454	4701455	1884
chr20	4701455	4701456	1847
chr20	4701456	4701457	1853
chr20	4701457	4701458	1813
chr20	4701458	4701459	1816
chr20	4701459	4701460	1796
chr20	4701460	4701461	1734
chr20	4701461	4701462	1669
chr20	4701462	4701463	1595
chr20	4701463	4701464	1609
chr20	4701464	4701465	1602
chr20	4701465	4701466	1611
chr20	4701466	4701467	1564
chr20	4701467	4701468	1525
chr20	4701468	4701470	1094
chr20	4701470	4701471	1062
chr20	4701471	4701472	1016
chr20	4701472	4701473	1008
chr20	4701473	4701474	1006
chr20	4701474	4701475	978
chr20	4701475	4701476	981
chr20	4701476	4701477	977
chr20	4701477	4701478	970
chr20	4701478	4701479	965
chr20	4701479	4701480	961
chr20	4701480	4701481	959
chr20	4701481	4701482	1001
chr20	4701482	4701483	1012
chr20	4701483	4701484	1032
chr20	4701484	4701486	1030
chr20	4701486	4701487	1026
chr20	4701487	4701488	1021
chr20	4701488	4701489	1032
chr20	4701489	4701490	1049
chr20	4701490	4701491	1054
chr20	4701491	4701492	1056
chr20	4701492	4701493	1055
chr20	4701493	4701494	1070
chr20	4701494	4701495	1141
chr20	4701495	4701496	1149
chr20	4701496	4701497	1143
chr20	4701497	4701498	1156
chr20	4701498	4701499	1174
chr20	4701499	4701500	1219
chr20	4701500	4701501	1186
chr20	4701501	4701502	1177
chr20	4701502	4701503	1372
chr20	4701503	4701504	1407
chr20	4701504	4701505	1419
chr20	4701505	4701506	1425
chr20	4701506	4701507	1429
chr20	4701507	4701508	1565
chr20	4701508	4701509	1558
chr20	4701509	4701510	1564
chr20	4701510	4701511	1561
chr20	4701511	4701512	1553
chr20	4701512	4701513	1585
chr20	4701513	4701514	1600
chr20	4701514	4701515	1599
chr20	4701515	4701516	1608
chr20	4701516	4701517	1610
chr20	4701517	4701518	1618
chr20	4701518	4701519	1643
chr20	4701519	4701520	1635
chr20	4701520	4701521	1629
chr20	4701521	4701522	1634
chr20	4701522	4701523	1625
chr20	4701523	4701524	1616
chr20	4701524	4701525	1607
chr20	4701525	4701526	1591
chr20	4701526	4701527	1585
chr20	4701527	4701528	1574
chr20	4701528	4701529	1554
chr20	4701529	4701530	1544
chr20	4701530	4701531	1528
chr20	4701531	4701532	1520
chr20	4701532	4701533	1500
chr20	4701533	4701534	1484
chr20	4701534	4701535	1472
chr20	4701535	4701536	1421
chr20	4701536	4701537	1410
chr20	4701537	4701538	1393
chr20	4701538	4701539	1355
chr20	4701539	4701540	1323
chr20	4701540	4701541	1295
chr20	4701541	4701542	1282
chr20	4701542	4701543	1272
chr20	4701543	4701544	1257
chr20	4701544	4701545	1246
chr20	4701545	4701546	1230
chr20	4701546	4701547	1210
chr20	4701547	4701548	1206
chr20	4701548	4701549	1182
chr20	4701549	4701550	1162
chr20	4701550	4701551	1130
chr20	4701551	4701552	1126
chr20	4701552	4701553	1107
chr20	4701553	4701554	1104
chr20	4701554	4701555	1098
chr20	4701555	4701556	1092
chr20	4701556	4701557	1079
chr20	4701557	4701558	1009
chr20	4701558	4701559	1007
chr20	4701559	4701561	983
chr20	4701561	4701562	982
chr20	4701562	4701563	978
chr20	4701563	4701564	974
chr20	4701564	4701565	952
chr20	4701565	4701566	931
chr20	4701566	4701567	928
chr20	4701567	4701568	924
chr20	4701568	4701569	920
chr20	4701569	4701570	886
chr20	4701570	4701571	801
chr20	4701571	4701572	796
chr20	4701572	4701573	795
chr20	4701573	4701574	765
chr20	4701574	4701575	741
chr20	4701575	4701576	693
chr20	4701576	4701577	681
chr20	4701577	4701578	674
chr20	4701578	4701579	440
chr20	4701579	4701580	434
chr20	4701580	4701581	423
chr20	4701581	4701582	412
chr20	4701582	4701583	403
chr20	4701583	4701584	225
chr20	4701584	4701585	195
chr20	4701585	4701586	179
chr20	4701586	4701587	175
chr20	4701587	4701588	157
chr20	4701588	4701589	14
chr20	4701589	4701590	7
chr20	4701590	4702053	0
