track type=wiggle_0 name="Brain Put bas gang" description="Brain Putamen basal ganglia"
#bedGraph section chr20:4187354-4686381
chr20	4686084	4686119	1
chr20	4686119	4686146	3
chr20	4686146	4686149	4
chr20	4686149	4686195	3
chr20	4686195	4686197	1
chr20	4686197	4686233	3
chr20	4686233	4686236	4
chr20	4686236	4686254	6
chr20	4686254	4686273	8
chr20	4686273	4686289	6
chr20	4686289	4686298	7
chr20	4686298	4686305	6
chr20	4686305	4686309	7
chr20	4686309	4686312	6
chr20	4686312	4686318	4
chr20	4686318	4686320	5
chr20	4686320	4686330	6
chr20	4686330	4686341	4
chr20	4686341	4686348	5
chr20	4686348	4686349	6
chr20	4686349	4686369	7
chr20	4686369	4686376	8
chr20	4686376	4686381	9
#bedGraph section chr20:4686381-4699914
chr20	4686381	4686382	8
chr20	4686382	4686383	9
chr20	4686383	4686389	10
chr20	4686389	4686390	11
chr20	4686390	4686394	12
chr20	4686394	4686395	11
chr20	4686395	4686396	13
chr20	4686396	4686397	12
chr20	4686397	4686408	13
chr20	4686408	4686411	15
chr20	4686411	4686412	16
chr20	4686412	4686413	17
chr20	4686413	4686415	19
chr20	4686415	4686416	20
chr20	4686416	4686417	21
chr20	4686417	4686420	20
chr20	4686420	4686421	21
chr20	4686421	4686424	22
chr20	4686424	4686431	21
chr20	4686431	4686433	22
chr20	4686433	4686434	25
chr20	4686434	4686436	30
chr20	4686436	4686437	36
chr20	4686437	4686438	38
chr20	4686438	4686439	40
chr20	4686439	4686441	44
chr20	4686441	4686442	49
chr20	4686442	4686443	50
chr20	4686443	4686444	52
chr20	4686444	4686447	53
chr20	4686447	4686448	54
chr20	4686448	4686449	56
chr20	4686449	4686451	66
chr20	4686451	4686452	68
chr20	4686452	4686454	74
chr20	4686454	4686455	76
chr20	4686455	4686456	80
chr20	4686456	4686457	83
chr20	4686457	4686459	85
chr20	4686459	4686460	95
chr20	4686460	4686461	99
chr20	4686461	4686462	100
chr20	4686462	4686463	102
chr20	4686463	4686464	123
chr20	4686464	4686465	130
chr20	4686465	4686466	132
chr20	4686466	4686467	131
chr20	4686467	4686468	133
chr20	4686468	4686469	134
chr20	4686469	4686470	135
chr20	4686470	4686471	141
chr20	4686471	4686472	186
chr20	4686472	4686473	190
chr20	4686473	4686474	196
chr20	4686474	4686475	216
chr20	4686475	4686476	221
chr20	4686476	4686477	227
chr20	4686477	4686478	233
chr20	4686478	4686479	267
chr20	4686479	4686480	285
chr20	4686480	4686481	294
chr20	4686481	4686482	321
chr20	4686482	4686483	322
chr20	4686483	4686484	323
chr20	4686484	4686485	321
chr20	4686485	4686486	334
chr20	4686486	4686487	336
chr20	4686487	4686488	335
chr20	4686488	4686489	348
chr20	4686489	4686490	345
chr20	4686490	4686491	359
chr20	4686491	4686493	364
chr20	4686493	4686495	369
chr20	4686495	4686496	370
chr20	4686496	4686497	377
chr20	4686497	4686498	379
chr20	4686498	4686499	385
chr20	4686499	4686500	387
chr20	4686500	4686501	390
chr20	4686501	4686502	397
chr20	4686502	4686503	400
chr20	4686503	4686504	416
chr20	4686504	4686505	422
chr20	4686505	4686508	428
chr20	4686508	4686510	252
chr20	4686510	4686511	251
chr20	4686511	4686512	264
chr20	4686512	4686676	0
chr20	4686676	4686681	1
chr20	4686681	4686691	2
chr20	4686691	4686692	3
chr20	4686692	4686699	4
chr20	4686699	4686704	9
chr20	4686704	4686718	12
chr20	4686718	4686727	15
chr20	4686727	4686733	16
chr20	4686733	4686734	19
chr20	4686734	4686735	21
chr20	4686735	4686736	24
chr20	4686736	4687528	0
chr20	4687528	4687598	1
chr20	4687598	4687603	0
chr20	4687603	4687679	1
chr20	4687679	4687787	0
chr20	4687787	4687790	1
chr20	4687790	4687849	2
chr20	4687849	4687863	3
chr20	4687863	4687866	2
chr20	4687866	4687894	1
chr20	4687894	4687925	2
chr20	4687925	4687948	1
chr20	4687948	4687949	0
chr20	4687949	4687971	1
chr20	4687971	4688139	0
chr20	4688139	4688215	1
chr20	4688215	4688253	0
chr20	4688253	4688280	1
chr20	4688280	4688281	2
chr20	4688281	4688329	3
chr20	4688329	4688356	2
chr20	4688356	4688357	1
chr20	4688357	4689025	0
chr20	4689025	4689101	1
chr20	4689101	4689218	0
chr20	4689218	4689294	1
chr20	4689294	4689981	0
chr20	4689981	4690052	1
chr20	4690052	4690057	2
chr20	4690057	4690128	1
chr20	4690128	4690161	0
chr20	4690161	4690185	1
chr20	4690185	4690237	2
chr20	4690237	4690261	1
chr20	4690261	4690334	0
chr20	4690334	4690410	1
chr20	4690410	4690435	0
chr20	4690435	4690451	1
chr20	4690451	4690506	2
chr20	4690506	4690511	3
chr20	4690511	4690527	2
chr20	4690527	4690582	1
chr20	4690582	4690728	0
chr20	4690728	4690730	1
chr20	4690730	4690804	2
chr20	4690804	4690806	1
chr20	4690806	4690835	0
chr20	4690835	4690843	1
chr20	4690843	4690865	2
chr20	4690865	4690911	3
chr20	4690911	4690919	2
chr20	4690919	4690941	1
chr20	4690941	4691023	0
chr20	4691023	4691099	1
chr20	4691099	4691104	0
chr20	4691104	4691180	1
chr20	4691180	4691211	0
chr20	4691211	4691287	1
chr20	4691287	4691327	0
chr20	4691327	4691374	1
chr20	4691374	4691385	2
chr20	4691385	4691388	4
chr20	4691388	4691403	6
chr20	4691403	4691450	5
chr20	4691450	4691455	4
chr20	4691455	4691464	2
chr20	4691464	4691888	0
chr20	4691888	4691911	1
chr20	4691911	4691964	2
chr20	4691964	4691987	1
chr20	4691987	4693215	0
chr20	4693215	4693235	1
chr20	4693235	4693291	2
chr20	4693291	4693311	1
chr20	4693311	4693568	0
chr20	4693568	4693644	2
chr20	4693644	4693678	0
chr20	4693678	4693754	2
chr20	4693754	4693949	0
chr20	4693949	4693970	1
chr20	4693970	4694025	2
chr20	4694025	4694046	1
chr20	4694046	4694156	0
chr20	4694156	4694174	1
chr20	4694174	4694232	3
chr20	4694232	4694237	2
chr20	4694237	4694250	3
chr20	4694250	4694302	1
chr20	4694302	4694312	3
chr20	4694312	4694378	2
chr20	4694378	4694925	0
chr20	4694925	4695001	1
chr20	4695001	4695027	0
chr20	4695027	4695103	1
chr20	4695103	4695267	0
chr20	4695267	4695343	1
chr20	4695343	4695432	0
chr20	4695432	4695435	1
chr20	4695435	4695457	2
chr20	4695457	4695482	3
chr20	4695482	4695501	5
chr20	4695501	4695508	6
chr20	4695508	4695511	5
chr20	4695511	4695533	4
chr20	4695533	4695552	3
chr20	4695552	4695558	6
chr20	4695558	4695565	4
chr20	4695565	4695576	5
chr20	4695576	4695628	4
chr20	4695628	4695641	1
chr20	4695641	4695678	0
chr20	4695678	4695715	2
chr20	4695715	4695732	3
chr20	4695732	4695754	4
chr20	4695754	4695769	2
chr20	4695769	4695791	3
chr20	4695791	4695808	2
chr20	4695808	4695845	1
chr20	4695845	4695852	0
chr20	4695852	4695867	3
chr20	4695867	4695928	4
chr20	4695928	4695943	1
chr20	4695943	4696065	0
chr20	4696065	4696141	2
chr20	4696141	4696162	0
chr20	4696162	4696219	1
chr20	4696219	4696228	2
chr20	4696228	4696229	3
chr20	4696229	4696238	5
chr20	4696238	4696265	4
chr20	4696265	4696295	7
chr20	4696295	4696304	6
chr20	4696304	4696305	5
chr20	4696305	4696336	3
chr20	4696336	4696341	4
chr20	4696341	4696373	1
chr20	4696373	4696381	2
chr20	4696381	4696412	5
chr20	4696412	4696436	4
chr20	4696436	4696449	5
chr20	4696449	4696457	4
chr20	4696457	4696467	1
chr20	4696467	4696486	2
chr20	4696486	4696512	3
chr20	4696512	4696541	2
chr20	4696541	4696562	1
chr20	4696562	4696596	0
chr20	4696596	4696672	1
chr20	4696672	4696808	0
chr20	4696808	4696823	2
chr20	4696823	4696829	3
chr20	4696829	4696865	4
chr20	4696865	4696877	5
chr20	4696877	4696879	6
chr20	4696879	4696884	7
chr20	4696884	4696899	5
chr20	4696899	4696905	4
chr20	4696905	4696941	3
chr20	4696941	4696952	2
chr20	4696952	4696955	1
chr20	4696955	4696968	0
chr20	4696968	4696987	2
chr20	4696987	4697044	4
chr20	4697044	4697055	2
chr20	4697055	4697063	4
chr20	4697063	4697131	2
chr20	4697131	4697282	0
chr20	4697282	4697358	1
chr20	4697358	4697384	0
chr20	4697384	4697460	1
chr20	4697460	4697488	0
chr20	4697488	4697507	1
chr20	4697507	4697554	2
chr20	4697554	4697555	3
chr20	4697555	4697564	4
chr20	4697564	4697568	3
chr20	4697568	4697583	4
chr20	4697583	4697594	3
chr20	4697594	4697600	4
chr20	4697600	4697619	5
chr20	4697619	4697630	7
chr20	4697630	4697631	6
chr20	4697631	4697652	5
chr20	4697652	4697662	6
chr20	4697662	4697667	7
chr20	4697667	4697670	8
chr20	4697670	4697676	7
chr20	4697676	4697679	6
chr20	4697679	4697680	7
chr20	4697680	4697695	8
chr20	4697695	4697697	6
chr20	4697697	4697706	7
chr20	4697706	4697714	8
chr20	4697714	4697720	9
chr20	4697720	4697728	8
chr20	4697728	4697743	7
chr20	4697743	4697754	6
chr20	4697754	4697756	5
chr20	4697756	4697773	4
chr20	4697773	4697782	3
chr20	4697782	4697790	2
chr20	4697790	4697813	1
chr20	4697813	4697816	0
chr20	4697816	4697892	1
chr20	4697892	4697935	0
chr20	4697935	4697940	1
chr20	4697940	4698010	2
chr20	4698010	4698092	1
chr20	4698092	4698108	0
chr20	4698108	4698178	1
chr20	4698178	4698184	2
chr20	4698184	4698223	1
chr20	4698223	4698229	2
chr20	4698229	4698254	3
chr20	4698254	4698256	2
chr20	4698256	4698299	3
chr20	4698299	4698305	2
chr20	4698305	4698332	1
chr20	4698332	4698350	0
chr20	4698350	4698374	1
chr20	4698374	4698426	2
chr20	4698426	4698450	1
chr20	4698450	4698533	0
chr20	4698533	4698560	1
chr20	4698560	4698569	2
chr20	4698569	4698582	3
chr20	4698582	4698609	4
chr20	4698609	4698624	3
chr20	4698624	4698634	4
chr20	4698634	4698636	5
chr20	4698636	4698642	4
chr20	4698642	4698645	5
chr20	4698645	4698650	4
chr20	4698650	4698658	3
chr20	4698658	4698669	2
chr20	4698669	4698683	3
chr20	4698683	4698685	4
chr20	4698685	4698716	5
chr20	4698716	4698718	6
chr20	4698718	4698745	5
chr20	4698745	4698759	4
chr20	4698759	4698761	3
chr20	4698761	4698776	2
chr20	4698776	4698866	0
chr20	4698866	4698882	2
chr20	4698882	4698942	3
chr20	4698942	4698948	1
chr20	4698948	4698958	2
chr20	4698958	4698959	1
chr20	4698959	4698980	3
chr20	4698980	4699024	4
chr20	4699024	4699035	3
chr20	4699035	4699056	2
chr20	4699056	4699096	1
chr20	4699096	4699111	2
chr20	4699111	4699172	1
chr20	4699172	4699182	0
chr20	4699182	4699210	1
chr20	4699210	4699211	443
chr20	4699211	4699212	442
chr20	4699212	4699213	440
chr20	4699213	4699214	438
chr20	4699214	4699215	435
chr20	4699215	4699216	454
chr20	4699216	4699217	453
chr20	4699217	4699218	472
chr20	4699218	4699219	471
chr20	4699219	4699220	467
chr20	4699220	4699221	471
chr20	4699221	4699222	472
chr20	4699222	4699223	488
chr20	4699223	4699224	482
chr20	4699224	4699225	496
chr20	4699225	4699226	499
chr20	4699226	4699227	494
chr20	4699227	4699228	490
chr20	4699228	4699229	491
chr20	4699229	4699230	512
chr20	4699230	4699231	518
chr20	4699231	4699232	517
chr20	4699232	4699233	542
chr20	4699233	4699234	541
chr20	4699234	4699236	535
chr20	4699236	4699237	537
chr20	4699237	4699238	538
chr20	4699238	4699239	535
chr20	4699239	4699240	533
chr20	4699240	4699241	542
chr20	4699241	4699242	532
chr20	4699242	4699243	529
chr20	4699243	4699244	532
chr20	4699244	4699245	548
chr20	4699245	4699246	525
chr20	4699246	4699247	532
chr20	4699247	4699248	562
chr20	4699248	4699249	546
chr20	4699249	4699250	520
chr20	4699250	4699251	519
chr20	4699251	4699252	518
chr20	4699252	4699253	501
chr20	4699253	4699254	490
chr20	4699254	4699255	486
chr20	4699255	4699256	470
chr20	4699256	4699257	462
chr20	4699257	4699258	456
chr20	4699258	4699259	453
chr20	4699259	4699261	433
chr20	4699261	4699262	458
chr20	4699262	4699263	461
chr20	4699263	4699264	471
chr20	4699264	4699265	466
chr20	4699265	4699266	462
chr20	4699266	4699267	457
chr20	4699267	4699268	453
chr20	4699268	4699269	447
chr20	4699269	4699270	451
chr20	4699270	4699271	443
chr20	4699271	4699272	440
chr20	4699272	4699273	439
chr20	4699273	4699274	444
chr20	4699274	4699275	456
chr20	4699275	4699276	452
chr20	4699276	4699277	451
chr20	4699277	4699278	445
chr20	4699278	4699279	444
chr20	4699279	4699280	440
chr20	4699280	4699281	443
chr20	4699281	4699282	436
chr20	4699282	4699283	437
chr20	4699283	4699284	436
chr20	4699284	4699285	435
chr20	4699285	4699286	460
chr20	4699286	4699287	463
chr20	4699287	4699288	466
chr20	4699288	4699289	467
chr20	4699289	4699290	470
chr20	4699290	4699291	459
chr20	4699291	4699292	464
chr20	4699292	4699293	467
chr20	4699293	4699294	446
chr20	4699294	4699295	450
chr20	4699295	4699297	454
chr20	4699297	4699298	453
chr20	4699298	4699300	437
chr20	4699300	4699301	432
chr20	4699301	4699302	434
chr20	4699302	4699303	437
chr20	4699303	4699304	435
chr20	4699304	4699305	436
chr20	4699305	4699306	412
chr20	4699306	4699307	408
chr20	4699307	4699308	410
chr20	4699308	4699309	386
chr20	4699309	4699310	387
chr20	4699310	4699311	388
chr20	4699311	4699312	399
chr20	4699312	4699313	403
chr20	4699313	4699315	386
chr20	4699315	4699316	391
chr20	4699316	4699317	390
chr20	4699317	4699319	397
chr20	4699319	4699320	392
chr20	4699320	4699321	380
chr20	4699321	4699322	377
chr20	4699322	4699323	368
chr20	4699323	4699324	338
chr20	4699324	4699325	339
chr20	4699325	4699326	338
chr20	4699326	4699327	337
chr20	4699327	4699328	335
chr20	4699328	4699330	330
chr20	4699330	4699331	321
chr20	4699331	4699332	318
chr20	4699332	4699333	320
chr20	4699333	4699334	326
chr20	4699334	4699335	329
chr20	4699335	4699337	333
chr20	4699337	4699338	313
chr20	4699338	4699339	312
chr20	4699339	4699340	307
chr20	4699340	4699341	305
chr20	4699341	4699342	306
chr20	4699342	4699344	313
chr20	4699344	4699345	311
chr20	4699345	4699347	314
chr20	4699347	4699348	313
chr20	4699348	4699349	308
chr20	4699349	4699350	304
chr20	4699350	4699351	293
chr20	4699351	4699352	290
chr20	4699352	4699353	298
chr20	4699353	4699354	294
chr20	4699354	4699355	292
chr20	4699355	4699356	291
chr20	4699356	4699357	290
chr20	4699357	4699358	293
chr20	4699358	4699359	294
chr20	4699359	4699360	292
chr20	4699360	4699361	295
chr20	4699361	4699362	265
chr20	4699362	4699363	264
chr20	4699363	4699364	268
chr20	4699364	4699365	264
chr20	4699365	4699366	261
chr20	4699366	4699367	267
chr20	4699367	4699368	262
chr20	4699368	4699369	260
chr20	4699369	4699370	261
chr20	4699370	4699371	257
chr20	4699371	4699372	260
chr20	4699372	4699373	255
chr20	4699373	4699374	254
chr20	4699374	4699375	253
chr20	4699375	4699376	254
chr20	4699376	4699377	246
chr20	4699377	4699378	240
chr20	4699378	4699379	236
chr20	4699379	4699380	235
chr20	4699380	4699381	237
chr20	4699381	4699382	234
chr20	4699382	4699383	233
chr20	4699383	4699384	230
chr20	4699384	4699386	228
chr20	4699386	4699387	229
chr20	4699387	4699388	228
chr20	4699388	4699389	223
chr20	4699389	4699391	227
chr20	4699391	4699392	222
chr20	4699392	4699393	219
chr20	4699393	4699394	215
chr20	4699394	4699395	211
chr20	4699395	4699396	212
chr20	4699396	4699397	213
chr20	4699397	4699399	207
chr20	4699399	4699400	205
chr20	4699400	4699402	204
chr20	4699402	4699403	200
chr20	4699403	4699404	199
chr20	4699404	4699405	198
chr20	4699405	4699407	196
chr20	4699407	4699408	199
chr20	4699408	4699409	191
chr20	4699409	4699410	185
chr20	4699410	4699411	186
chr20	4699411	4699412	197
chr20	4699412	4699413	195
chr20	4699413	4699414	192
chr20	4699414	4699415	194
chr20	4699415	4699416	186
chr20	4699416	4699417	187
chr20	4699417	4699418	188
chr20	4699418	4699419	186
chr20	4699419	4699420	191
chr20	4699420	4699421	192
chr20	4699421	4699422	188
chr20	4699422	4699424	197
chr20	4699424	4699425	200
chr20	4699425	4699426	204
chr20	4699426	4699427	203
chr20	4699427	4699428	202
chr20	4699428	4699429	199
chr20	4699429	4699430	198
chr20	4699430	4699431	199
chr20	4699431	4699432	197
chr20	4699432	4699433	191
chr20	4699433	4699434	190
chr20	4699434	4699435	182
chr20	4699435	4699436	194
chr20	4699436	4699437	190
chr20	4699437	4699438	193
chr20	4699438	4699439	190
chr20	4699439	4699440	185
chr20	4699440	4699442	188
chr20	4699442	4699443	182
chr20	4699443	4699444	183
chr20	4699444	4699445	185
chr20	4699445	4699446	186
chr20	4699446	4699447	190
chr20	4699447	4699448	191
chr20	4699448	4699449	200
chr20	4699449	4699450	205
chr20	4699450	4699451	207
chr20	4699451	4699452	208
chr20	4699452	4699453	220
chr20	4699453	4699455	222
chr20	4699455	4699456	224
chr20	4699456	4699457	220
chr20	4699457	4699458	230
chr20	4699458	4699459	234
chr20	4699459	4699460	254
chr20	4699460	4699461	255
chr20	4699461	4699462	258
chr20	4699462	4699463	261
chr20	4699463	4699464	262
chr20	4699464	4699465	267
chr20	4699465	4699467	264
chr20	4699467	4699468	260
chr20	4699468	4699469	264
chr20	4699469	4699470	260
chr20	4699470	4699471	274
chr20	4699471	4699472	272
chr20	4699472	4699473	271
chr20	4699473	4699474	274
chr20	4699474	4699475	277
chr20	4699475	4699476	284
chr20	4699476	4699477	290
chr20	4699477	4699478	293
chr20	4699478	4699479	294
chr20	4699479	4699480	299
chr20	4699480	4699481	297
chr20	4699481	4699482	299
chr20	4699482	4699483	307
chr20	4699483	4699484	353
chr20	4699484	4699485	359
chr20	4699485	4699487	364
chr20	4699487	4699488	353
chr20	4699488	4699489	369
chr20	4699489	4699490	368
chr20	4699490	4699491	393
chr20	4699491	4699493	401
chr20	4699493	4699494	411
chr20	4699494	4699495	404
chr20	4699495	4699496	399
chr20	4699496	4699497	401
chr20	4699497	4699498	407
chr20	4699498	4699499	402
chr20	4699499	4699500	404
chr20	4699500	4699501	411
chr20	4699501	4699502	419
chr20	4699502	4699503	421
chr20	4699503	4699504	466
chr20	4699504	4699505	482
chr20	4699505	4699506	496
chr20	4699506	4699507	498
chr20	4699507	4699508	501
chr20	4699508	4699509	505
chr20	4699509	4699510	504
chr20	4699510	4699511	511
chr20	4699511	4699512	507
chr20	4699512	4699513	520
chr20	4699513	4699514	534
chr20	4699514	4699515	536
chr20	4699515	4699516	542
chr20	4699516	4699517	549
chr20	4699517	4699519	556
chr20	4699519	4699520	558
chr20	4699520	4699521	560
chr20	4699521	4699522	567
chr20	4699522	4699523	593
chr20	4699523	4699524	602
chr20	4699524	4699525	597
chr20	4699525	4699526	604
chr20	4699526	4699527	612
chr20	4699527	4699528	619
chr20	4699528	4699530	606
chr20	4699530	4699531	607
chr20	4699531	4699532	605
chr20	4699532	4699533	656
chr20	4699533	4699534	717
chr20	4699534	4699535	722
chr20	4699535	4699536	718
chr20	4699536	4699537	723
chr20	4699537	4699538	722
chr20	4699538	4699539	718
chr20	4699539	4699540	714
chr20	4699540	4699541	713
chr20	4699541	4699542	711
chr20	4699542	4699543	712
chr20	4699543	4699544	716
chr20	4699544	4699545	717
chr20	4699545	4699546	722
chr20	4699546	4699547	718
chr20	4699547	4699548	722
chr20	4699548	4699549	741
chr20	4699549	4699550	750
chr20	4699550	4699551	759
chr20	4699551	4699552	762
chr20	4699552	4699553	771
chr20	4699553	4699554	776
chr20	4699554	4699555	778
chr20	4699555	4699556	788
chr20	4699556	4699557	796
chr20	4699557	4699558	801
chr20	4699558	4699559	802
chr20	4699559	4699560	755
chr20	4699560	4699561	753
chr20	4699561	4699564	748
chr20	4699564	4699565	731
chr20	4699565	4699566	732
chr20	4699566	4699567	706
chr20	4699567	4699568	698
chr20	4699568	4699569	701
chr20	4699569	4699570	714
chr20	4699570	4699571	722
chr20	4699571	4699572	723
chr20	4699572	4699573	744
chr20	4699573	4699574	733
chr20	4699574	4699575	737
chr20	4699575	4699576	739
chr20	4699576	4699577	733
chr20	4699577	4699578	719
chr20	4699578	4699579	718
chr20	4699579	4699580	677
chr20	4699580	4699581	666
chr20	4699581	4699582	652
chr20	4699582	4699583	703
chr20	4699583	4699584	711
chr20	4699584	4699585	712
chr20	4699585	4699586	734
chr20	4699586	4699587	742
chr20	4699587	4699588	777
chr20	4699588	4699589	761
chr20	4699589	4699590	753
chr20	4699590	4699591	768
chr20	4699591	4699592	766
chr20	4699592	4699593	811
chr20	4699593	4699594	804
chr20	4699594	4699595	803
chr20	4699595	4699596	807
chr20	4699596	4699597	814
chr20	4699597	4699598	838
chr20	4699598	4699599	829
chr20	4699599	4699600	820
chr20	4699600	4699601	829
chr20	4699601	4699602	820
chr20	4699602	4699603	816
chr20	4699603	4699604	822
chr20	4699604	4699605	823
chr20	4699605	4699606	825
chr20	4699606	4699607	850
chr20	4699607	4699608	921
chr20	4699608	4699609	880
chr20	4699609	4699610	828
chr20	4699610	4699611	823
chr20	4699611	4699612	820
chr20	4699612	4699613	813
chr20	4699613	4699614	819
chr20	4699614	4699615	822
chr20	4699615	4699616	823
chr20	4699616	4699617	852
chr20	4699617	4699618	882
chr20	4699618	4699619	907
chr20	4699619	4699620	913
chr20	4699620	4699621	918
chr20	4699621	4699622	919
chr20	4699622	4699623	927
chr20	4699623	4699624	921
chr20	4699624	4699625	915
chr20	4699625	4699626	917
chr20	4699626	4699627	916
chr20	4699627	4699628	933
chr20	4699628	4699629	923
chr20	4699629	4699630	930
chr20	4699630	4699631	948
chr20	4699631	4699632	937
chr20	4699632	4699633	935
chr20	4699633	4699634	946
chr20	4699634	4699635	943
chr20	4699635	4699636	997
chr20	4699636	4699637	1001
chr20	4699637	4699638	1015
chr20	4699638	4699639	1028
chr20	4699639	4699640	1027
chr20	4699640	4699641	1033
chr20	4699641	4699642	1044
chr20	4699642	4699643	1049
chr20	4699643	4699644	1053
chr20	4699644	4699645	1044
chr20	4699645	4699646	1025
chr20	4699646	4699647	1026
chr20	4699647	4699648	1036
chr20	4699648	4699649	1035
chr20	4699649	4699650	1038
chr20	4699650	4699651	1034
chr20	4699651	4699652	1052
chr20	4699652	4699653	1054
chr20	4699653	4699654	1085
chr20	4699654	4699655	1098
chr20	4699655	4699656	1113
chr20	4699656	4699657	1131
chr20	4699657	4699658	1141
chr20	4699658	4699660	1116
chr20	4699660	4699661	1135
chr20	4699661	4699662	1204
chr20	4699662	4699663	1225
chr20	4699663	4699664	1188
chr20	4699664	4699665	1186
chr20	4699665	4699667	1181
chr20	4699667	4699668	1178
chr20	4699668	4699669	1131
chr20	4699669	4699670	1132
chr20	4699670	4699671	1160
chr20	4699671	4699672	1191
chr20	4699672	4699673	1244
chr20	4699673	4699674	1224
chr20	4699674	4699675	1248
chr20	4699675	4699676	1247
chr20	4699676	4699677	1266
chr20	4699677	4699678	1261
chr20	4699678	4699679	1285
chr20	4699679	4699680	1275
chr20	4699680	4699681	1296
chr20	4699681	4699682	1298
chr20	4699682	4699683	1315
chr20	4699683	4699684	1248
chr20	4699684	4699685	1247
chr20	4699685	4699686	1287
chr20	4699686	4699687	1298
chr20	4699687	4699688	1295
chr20	4699688	4699689	1298
chr20	4699689	4699690	1292
chr20	4699690	4699691	1367
chr20	4699691	4699692	1390
chr20	4699692	4699693	1399
chr20	4699693	4699694	1375
chr20	4699694	4699695	1356
chr20	4699695	4699696	1371
chr20	4699696	4699697	1362
chr20	4699697	4699698	1368
chr20	4699698	4699699	1352
chr20	4699699	4699700	1376
chr20	4699700	4699701	1413
chr20	4699701	4699702	1399
chr20	4699702	4699703	1408
chr20	4699703	4699704	1382
chr20	4699704	4699705	1393
chr20	4699705	4699706	1416
chr20	4699706	4699707	1406
chr20	4699707	4699708	1399
chr20	4699708	4699709	1411
chr20	4699709	4699710	1405
chr20	4699710	4699711	1413
chr20	4699711	4699712	1361
chr20	4699712	4699713	1374
chr20	4699713	4699714	1390
chr20	4699714	4699715	1385
chr20	4699715	4699716	1394
chr20	4699716	4699717	1403
chr20	4699717	4699718	1404
chr20	4699718	4699719	1406
chr20	4699719	4699720	1418
chr20	4699720	4699721	1422
chr20	4699721	4699722	1421
chr20	4699722	4699723	1433
chr20	4699723	4699724	1437
chr20	4699724	4699725	1419
chr20	4699725	4699726	1421
chr20	4699726	4699727	1514
chr20	4699727	4699728	1521
chr20	4699728	4699729	1526
chr20	4699729	4699730	1507
chr20	4699730	4699731	1522
chr20	4699731	4699732	1545
chr20	4699732	4699733	1596
chr20	4699733	4699734	1605
chr20	4699734	4699735	1581
chr20	4699735	4699736	1631
chr20	4699736	4699737	1616
chr20	4699737	4699738	1532
chr20	4699738	4699739	1539
chr20	4699739	4699740	1538
chr20	4699740	4699741	1577
chr20	4699741	4699742	1619
chr20	4699742	4699743	1610
chr20	4699743	4699744	1608
chr20	4699744	4699745	1626
chr20	4699745	4699746	1640
chr20	4699746	4699747	1647
chr20	4699747	4699748	1613
chr20	4699748	4699750	1571
chr20	4699750	4699751	1550
chr20	4699751	4699752	1587
chr20	4699752	4699753	1559
chr20	4699753	4699754	1565
chr20	4699754	4699755	1542
chr20	4699755	4699756	1538
chr20	4699756	4699757	1585
chr20	4699757	4699758	1613
chr20	4699758	4699759	1583
chr20	4699759	4699760	1589
chr20	4699760	4699761	1583
chr20	4699761	4699762	1548
chr20	4699762	4699763	1557
chr20	4699763	4699764	1585
chr20	4699764	4699765	1610
chr20	4699765	4699766	1677
chr20	4699766	4699767	1607
chr20	4699767	4699768	1601
chr20	4699768	4699769	1582
chr20	4699769	4699772	1598
chr20	4699772	4699773	1612
chr20	4699773	4699775	1601
chr20	4699775	4699776	1607
chr20	4699776	4699777	1556
chr20	4699777	4699778	1621
chr20	4699778	4699779	1643
chr20	4699779	4699780	1650
chr20	4699780	4699781	1675
chr20	4699781	4699782	1642
chr20	4699782	4699783	1663
chr20	4699783	4699784	1677
chr20	4699784	4699785	1687
chr20	4699785	4699786	1675
chr20	4699786	4699787	1664
chr20	4699787	4699788	1682
chr20	4699788	4699789	1705
chr20	4699789	4699790	1691
chr20	4699790	4699791	1678
chr20	4699791	4699792	1723
chr20	4699792	4699793	1711
chr20	4699793	4699794	1746
chr20	4699794	4699795	1739
chr20	4699795	4699796	1752
chr20	4699796	4699797	1747
chr20	4699797	4699798	1753
chr20	4699798	4699799	1734
chr20	4699799	4699800	1722
chr20	4699800	4699801	1720
chr20	4699801	4699802	1800
chr20	4699802	4699803	1706
chr20	4699803	4699804	1722
chr20	4699804	4699805	1727
chr20	4699805	4699806	1748
chr20	4699806	4699807	1730
chr20	4699807	4699808	1703
chr20	4699808	4699809	1646
chr20	4699809	4699810	1636
chr20	4699810	4699811	1662
chr20	4699811	4699812	1614
chr20	4699812	4699813	1631
chr20	4699813	4699814	1883
chr20	4699814	4699815	1870
chr20	4699815	4699816	1960
chr20	4699816	4699817	1938
chr20	4699817	4699818	1894
chr20	4699818	4699819	1888
chr20	4699819	4699820	1885
chr20	4699820	4699821	1857
chr20	4699821	4699822	1862
chr20	4699822	4699823	1853
chr20	4699823	4699824	1849
chr20	4699824	4699825	1834
chr20	4699825	4699827	1868
chr20	4699827	4699828	1849
chr20	4699828	4699829	1847
chr20	4699829	4699830	1846
chr20	4699830	4699831	1869
chr20	4699831	4699832	1870
chr20	4699832	4699833	1803
chr20	4699833	4699834	1779
chr20	4699834	4699835	1776
chr20	4699835	4699836	1768
chr20	4699836	4699837	1801
chr20	4699837	4699838	1795
chr20	4699838	4699839	1777
chr20	4699839	4699840	1745
chr20	4699840	4699841	1717
chr20	4699841	4699842	1689
chr20	4699842	4699843	1692
chr20	4699843	4699844	1690
chr20	4699844	4699845	1680
chr20	4699845	4699846	1656
chr20	4699846	4699847	1654
chr20	4699847	4699848	1645
chr20	4699848	4699849	1638
chr20	4699849	4699851	1644
chr20	4699851	4699852	1633
chr20	4699852	4699853	1638
chr20	4699853	4699854	1624
chr20	4699854	4699855	1584
chr20	4699855	4699856	1588
chr20	4699856	4699857	1567
chr20	4699857	4699858	1577
chr20	4699858	4699859	1557
chr20	4699859	4699860	1542
chr20	4699860	4699861	1532
chr20	4699861	4699862	1528
chr20	4699862	4699863	1545
chr20	4699863	4699864	1527
chr20	4699864	4699865	1515
chr20	4699865	4699866	1505
chr20	4699866	4699867	1525
chr20	4699867	4699868	1473
chr20	4699868	4699869	1477
chr20	4699869	4699870	1424
chr20	4699870	4699871	1429
chr20	4699871	4699872	1411
chr20	4699872	4699873	1417
chr20	4699873	4699874	1427
chr20	4699874	4699875	1415
chr20	4699875	4699876	1435
chr20	4699876	4699877	1441
chr20	4699877	4699878	1390
chr20	4699878	4699879	1460
chr20	4699879	4699880	1475
chr20	4699880	4699881	1476
chr20	4699881	4699883	1434
chr20	4699883	4699884	1431
chr20	4699884	4699885	1519
chr20	4699885	4699886	1514
chr20	4699886	4699887	1516
chr20	4699887	4699888	1510
chr20	4699888	4699889	1485
chr20	4699889	4699890	1227
chr20	4699890	4699891	1207
chr20	4699891	4699892	1118
chr20	4699892	4699893	1099
chr20	4699893	4699894	1105
chr20	4699894	4699896	1110
chr20	4699896	4699897	1108
chr20	4699897	4699898	1091
chr20	4699898	4699899	1077
chr20	4699899	4699900	1075
chr20	4699900	4699901	1072
chr20	4699901	4699902	1111
chr20	4699902	4699903	1107
chr20	4699903	4699904	1098
chr20	4699904	4699905	1112
chr20	4699905	4699906	1115
chr20	4699906	4699908	1125
chr20	4699908	4699909	1171
chr20	4699909	4699910	1170
chr20	4699910	4699911	1169
chr20	4699911	4699912	1181
chr20	4699912	4699914	1146
#bedGraph section chr20:4699914-4700969
chr20	4699914	4699915	1147
chr20	4699915	4699916	1148
chr20	4699916	4699917	1203
chr20	4699917	4699918	1173
chr20	4699918	4699919	1240
chr20	4699919	4699920	1257
chr20	4699920	4699921	1277
chr20	4699921	4699922	1304
chr20	4699922	4699923	1328
chr20	4699923	4699924	1339
chr20	4699924	4699925	1385
chr20	4699925	4699926	1398
chr20	4699926	4699927	1415
chr20	4699927	4699928	1450
chr20	4699928	4699929	1444
chr20	4699929	4699930	1397
chr20	4699930	4699931	1396
chr20	4699931	4699932	1384
chr20	4699932	4699933	1374
chr20	4699933	4699934	1363
chr20	4699934	4699935	1359
chr20	4699935	4699936	1388
chr20	4699936	4699937	1380
chr20	4699937	4699938	1388
chr20	4699938	4699939	1372
chr20	4699939	4699940	1377
chr20	4699940	4699941	1357
chr20	4699941	4699942	1355
chr20	4699942	4699943	1346
chr20	4699943	4699944	1376
chr20	4699944	4699945	1456
chr20	4699945	4699946	1512
chr20	4699946	4699948	1668
chr20	4699948	4699949	1687
chr20	4699949	4699950	1675
chr20	4699950	4699951	1686
chr20	4699951	4699952	1704
chr20	4699952	4699953	1708
chr20	4699953	4699954	1729
chr20	4699954	4699955	1664
chr20	4699955	4699956	1620
chr20	4699956	4699957	1639
chr20	4699957	4699958	1654
chr20	4699958	4699959	1648
chr20	4699959	4699960	1668
chr20	4699960	4699961	1597
chr20	4699961	4699962	1600
chr20	4699962	4699963	1588
chr20	4699963	4699964	1611
chr20	4699964	4699965	1622
chr20	4699965	4699967	1609
chr20	4699967	4699968	1627
chr20	4699968	4699969	1626
chr20	4699969	4699970	1628
chr20	4699970	4699971	1644
chr20	4699971	4699972	1651
chr20	4699972	4699973	1660
chr20	4699973	4699974	1680
chr20	4699974	4699975	1675
chr20	4699975	4699976	1677
chr20	4699976	4699977	1712
chr20	4699977	4699978	1629
chr20	4699978	4699979	1611
chr20	4699979	4699980	1608
chr20	4699980	4699981	1605
chr20	4699981	4699982	1612
chr20	4699982	4699983	1690
chr20	4699983	4699984	1717
chr20	4699984	4699985	1682
chr20	4699985	4699986	1712
chr20	4699986	4699987	1718
chr20	4699987	4699988	1717
chr20	4699988	4699989	1718
chr20	4699989	4699990	1727
chr20	4699990	4699991	1761
chr20	4699991	4699992	1777
chr20	4699992	4699993	1757
chr20	4699993	4699994	1771
chr20	4699994	4699995	1695
chr20	4699995	4699996	1671
chr20	4699996	4699997	1647
chr20	4699997	4699998	1618
chr20	4699998	4699999	1598
chr20	4699999	4700000	1583
chr20	4700000	4700001	1527
chr20	4700001	4700002	1504
chr20	4700002	4700003	1488
chr20	4700003	4700004	1445
chr20	4700004	4700005	1441
chr20	4700005	4700006	1450
chr20	4700006	4700007	1463
chr20	4700007	4700008	1477
chr20	4700008	4700009	1490
chr20	4700009	4700010	1496
chr20	4700010	4700011	1511
chr20	4700011	4700012	1492
chr20	4700012	4700013	1488
chr20	4700013	4700014	1496
chr20	4700014	4700015	1502
chr20	4700015	4700016	1579
chr20	4700016	4700017	1598
chr20	4700017	4700018	1597
chr20	4700018	4700019	1594
chr20	4700019	4700020	1568
chr20	4700020	4700021	1493
chr20	4700021	4700022	1452
chr20	4700022	4700023	1331
chr20	4700023	4700024	1324
chr20	4700024	4700025	1321
chr20	4700025	4700026	1311
chr20	4700026	4700027	1303
chr20	4700027	4700028	1291
chr20	4700028	4700029	1288
chr20	4700029	4700030	1249
chr20	4700030	4700031	1250
chr20	4700031	4700032	1241
chr20	4700032	4700033	1216
chr20	4700033	4700034	1207
chr20	4700034	4700035	1214
chr20	4700035	4700036	1204
chr20	4700036	4700037	1181
chr20	4700037	4700038	1218
chr20	4700038	4700039	1205
chr20	4700039	4700040	1181
chr20	4700040	4700041	1183
chr20	4700041	4700042	1205
chr20	4700042	4700043	1215
chr20	4700043	4700044	1241
chr20	4700044	4700045	1242
chr20	4700045	4700047	1259
chr20	4700047	4700048	1255
chr20	4700048	4700049	1248
chr20	4700049	4700050	1247
chr20	4700050	4700051	1252
chr20	4700051	4700052	1288
chr20	4700052	4700053	1266
chr20	4700053	4700054	1277
chr20	4700054	4700055	1361
chr20	4700055	4700056	1380
chr20	4700056	4700057	1408
chr20	4700057	4700058	1410
chr20	4700058	4700059	1305
chr20	4700059	4700061	1273
chr20	4700061	4700062	1245
chr20	4700062	4700063	1248
chr20	4700063	4700064	1255
chr20	4700064	4700065	1253
chr20	4700065	4700066	1271
chr20	4700066	4700067	1238
chr20	4700067	4700068	1213
chr20	4700068	4700069	1221
chr20	4700069	4700070	1262
chr20	4700070	4700071	1363
chr20	4700071	4700072	1361
chr20	4700072	4700073	1374
chr20	4700073	4700074	1371
chr20	4700074	4700075	1415
chr20	4700075	4700076	1411
chr20	4700076	4700077	1510
chr20	4700077	4700078	1524
chr20	4700078	4700079	1531
chr20	4700079	4700080	1525
chr20	4700080	4700081	1538
chr20	4700081	4700082	1549
chr20	4700082	4700083	1540
chr20	4700083	4700084	1532
chr20	4700084	4700085	1516
chr20	4700085	4700086	1515
chr20	4700086	4700087	1510
chr20	4700087	4700088	1514
chr20	4700088	4700089	1546
chr20	4700089	4700090	1536
chr20	4700090	4700091	1529
chr20	4700091	4700092	1452
chr20	4700092	4700093	1432
chr20	4700093	4700094	1586
chr20	4700094	4700095	1612
chr20	4700095	4700096	1636
chr20	4700096	4700097	1688
chr20	4700097	4700098	1677
chr20	4700098	4700099	1673
chr20	4700099	4700100	1676
chr20	4700100	4700101	1670
chr20	4700101	4700102	1693
chr20	4700102	4700103	1685
chr20	4700103	4700104	1733
chr20	4700104	4700105	1724
chr20	4700105	4700106	1756
chr20	4700106	4700107	1767
chr20	4700107	4700108	1760
chr20	4700108	4700110	1794
chr20	4700110	4700111	1787
chr20	4700111	4700112	1772
chr20	4700112	4700113	1770
chr20	4700113	4700114	1729
chr20	4700114	4700115	1756
chr20	4700115	4700116	1788
chr20	4700116	4700117	1763
chr20	4700117	4700118	1754
chr20	4700118	4700119	1745
chr20	4700119	4700120	1737
chr20	4700120	4700121	1734
chr20	4700121	4700122	1709
chr20	4700122	4700123	1759
chr20	4700123	4700124	1764
chr20	4700124	4700126	1774
chr20	4700126	4700127	1780
chr20	4700127	4700128	1754
chr20	4700128	4700129	1738
chr20	4700129	4700130	1727
chr20	4700130	4700131	1653
chr20	4700131	4700132	1618
chr20	4700132	4700133	1617
chr20	4700133	4700134	1626
chr20	4700134	4700135	1715
chr20	4700135	4700136	1944
chr20	4700136	4700138	1991
chr20	4700138	4700139	1985
chr20	4700139	4700140	1971
chr20	4700140	4700141	1984
chr20	4700141	4700142	1960
chr20	4700142	4700143	1955
chr20	4700143	4700144	1951
chr20	4700144	4700145	1919
chr20	4700145	4700146	1861
chr20	4700146	4700147	1877
chr20	4700147	4700148	1865
chr20	4700148	4700149	1852
chr20	4700149	4700150	1855
chr20	4700150	4700151	1824
chr20	4700151	4700152	1826
chr20	4700152	4700153	1897
chr20	4700153	4700154	1890
chr20	4700154	4700155	1898
chr20	4700155	4700156	1901
chr20	4700156	4700157	1929
chr20	4700157	4700158	1928
chr20	4700158	4700159	1936
chr20	4700159	4700160	1951
chr20	4700160	4700161	1970
chr20	4700161	4700162	1960
chr20	4700162	4700163	1973
chr20	4700163	4700164	1969
chr20	4700164	4700165	1931
chr20	4700165	4700167	1939
chr20	4700167	4700168	1937
chr20	4700168	4700169	1949
chr20	4700169	4700170	1816
chr20	4700170	4700171	1790
chr20	4700171	4700172	1757
chr20	4700172	4700173	1693
chr20	4700173	4700174	1816
chr20	4700174	4700175	1785
chr20	4700175	4700176	1787
chr20	4700176	4700177	1790
chr20	4700177	4700178	1773
chr20	4700178	4700179	1824
chr20	4700179	4700180	1801
chr20	4700180	4700181	1800
chr20	4700181	4700182	1764
chr20	4700182	4700183	1751
chr20	4700183	4700184	1797
chr20	4700184	4700185	1769
chr20	4700185	4700186	1765
chr20	4700186	4700187	1766
chr20	4700187	4700188	1787
chr20	4700188	4700189	1808
chr20	4700189	4700190	1824
chr20	4700190	4700191	1810
chr20	4700191	4700192	1785
chr20	4700192	4700193	1781
chr20	4700193	4700194	1780
chr20	4700194	4700195	1804
chr20	4700195	4700196	1823
chr20	4700196	4700197	1854
chr20	4700197	4700198	1874
chr20	4700198	4700199	1803
chr20	4700199	4700200	1808
chr20	4700200	4700201	1819
chr20	4700201	4700202	1831
chr20	4700202	4700203	1830
chr20	4700203	4700205	1832
chr20	4700205	4700206	1858
chr20	4700206	4700207	1857
chr20	4700207	4700208	1881
chr20	4700208	4700209	1873
chr20	4700209	4700210	1867
chr20	4700210	4700211	1940
chr20	4700211	4700212	1746
chr20	4700212	4700213	1694
chr20	4700213	4700214	1697
chr20	4700214	4700215	1688
chr20	4700215	4700216	1715
chr20	4700216	4700217	1714
chr20	4700217	4700218	1723
chr20	4700218	4700219	1735
chr20	4700219	4700220	1738
chr20	4700220	4700221	1749
chr20	4700221	4700222	1792
chr20	4700222	4700223	1689
chr20	4700223	4700224	1715
chr20	4700224	4700225	1721
chr20	4700225	4700226	1722
chr20	4700226	4700227	1793
chr20	4700227	4700228	1821
chr20	4700228	4700230	1673
chr20	4700230	4700231	1704
chr20	4700231	4700232	1693
chr20	4700232	4700233	1668
chr20	4700233	4700234	1661
chr20	4700234	4700235	1678
chr20	4700235	4700236	1664
chr20	4700236	4700237	1645
chr20	4700237	4700238	1651
chr20	4700238	4700239	1646
chr20	4700239	4700240	1674
chr20	4700240	4700241	1669
chr20	4700241	4700242	1663
chr20	4700242	4700243	1679
chr20	4700243	4700244	1688
chr20	4700244	4700245	1679
chr20	4700245	4700246	1661
chr20	4700246	4700247	1682
chr20	4700247	4700248	1698
chr20	4700248	4700249	1730
chr20	4700249	4700250	1653
chr20	4700250	4700251	1663
chr20	4700251	4700252	1681
chr20	4700252	4700253	1698
chr20	4700253	4700254	1681
chr20	4700254	4700255	1652
chr20	4700255	4700256	1635
chr20	4700256	4700257	1636
chr20	4700257	4700258	1648
chr20	4700258	4700259	1654
chr20	4700259	4700260	1631
chr20	4700260	4700261	1651
chr20	4700261	4700262	1647
chr20	4700262	4700263	1657
chr20	4700263	4700264	1635
chr20	4700264	4700265	1599
chr20	4700265	4700266	1580
chr20	4700266	4700267	1589
chr20	4700267	4700268	1578
chr20	4700268	4700269	1582
chr20	4700269	4700270	1585
chr20	4700270	4700271	1578
chr20	4700271	4700272	1517
chr20	4700272	4700273	1496
chr20	4700273	4700274	1510
chr20	4700274	4700275	1536
chr20	4700275	4700276	1528
chr20	4700276	4700277	1521
chr20	4700277	4700278	1492
chr20	4700278	4700279	1491
chr20	4700279	4700280	1523
chr20	4700280	4700281	1520
chr20	4700281	4700282	1503
chr20	4700282	4700283	1496
chr20	4700283	4700284	1476
chr20	4700284	4700285	1538
chr20	4700285	4700286	1514
chr20	4700286	4700287	1457
chr20	4700287	4700288	1444
chr20	4700288	4700289	1448
chr20	4700289	4700290	1466
chr20	4700290	4700291	1549
chr20	4700291	4700292	1532
chr20	4700292	4700293	1557
chr20	4700293	4700294	1560
chr20	4700294	4700295	1586
chr20	4700295	4700296	1590
chr20	4700296	4700297	1592
chr20	4700297	4700298	1644
chr20	4700298	4700299	1678
chr20	4700299	4700300	1663
chr20	4700300	4700301	1666
chr20	4700301	4700302	1668
chr20	4700302	4700303	1595
chr20	4700303	4700304	1567
chr20	4700304	4700305	1554
chr20	4700305	4700306	1605
chr20	4700306	4700307	1617
chr20	4700307	4700308	1604
chr20	4700308	4700309	1687
chr20	4700309	4700310	1691
chr20	4700310	4700311	1775
chr20	4700311	4700312	1789
chr20	4700312	4700313	1846
chr20	4700313	4700314	1858
chr20	4700314	4700315	1851
chr20	4700315	4700316	1834
chr20	4700316	4700317	1858
chr20	4700317	4700318	1936
chr20	4700318	4700319	1922
chr20	4700319	4700320	1911
chr20	4700320	4700321	1908
chr20	4700321	4700322	1910
chr20	4700322	4700323	1909
chr20	4700323	4700324	1922
chr20	4700324	4700325	1894
chr20	4700325	4700326	1858
chr20	4700326	4700327	1859
chr20	4700327	4700328	1830
chr20	4700328	4700329	1814
chr20	4700329	4700330	1823
chr20	4700330	4700331	1852
chr20	4700331	4700332	1886
chr20	4700332	4700333	1898
chr20	4700333	4700334	1940
chr20	4700334	4700335	1937
chr20	4700335	4700336	1926
chr20	4700336	4700337	1905
chr20	4700337	4700338	1920
chr20	4700338	4700339	1909
chr20	4700339	4700340	1916
chr20	4700340	4700341	1927
chr20	4700341	4700342	1922
chr20	4700342	4700343	1899
chr20	4700343	4700344	1903
chr20	4700344	4700345	1919
chr20	4700345	4700346	1918
chr20	4700346	4700347	1914
chr20	4700347	4700348	1912
chr20	4700348	4700349	1918
chr20	4700349	4700350	1923
chr20	4700350	4700351	1888
chr20	4700351	4700352	1948
chr20	4700352	4700353	1956
chr20	4700353	4700354	1976
chr20	4700354	4700355	2026
chr20	4700355	4700356	1995
chr20	4700356	4700357	2069
chr20	4700357	4700358	2064
chr20	4700358	4700360	2063
chr20	4700360	4700362	1979
chr20	4700362	4700363	1887
chr20	4700363	4700364	1875
chr20	4700364	4700365	1896
chr20	4700365	4700366	1887
chr20	4700366	4700368	1908
chr20	4700368	4700369	1859
chr20	4700369	4700370	1849
chr20	4700370	4700371	1868
chr20	4700371	4700372	1889
chr20	4700372	4700373	1874
chr20	4700373	4700374	1751
chr20	4700374	4700375	1742
chr20	4700375	4700376	1776
chr20	4700376	4700377	1777
chr20	4700377	4700379	1816
chr20	4700379	4700380	1825
chr20	4700380	4700381	1848
chr20	4700381	4700382	1831
chr20	4700382	4700383	1915
chr20	4700383	4700384	1925
chr20	4700384	4700385	1861
chr20	4700385	4700386	1896
chr20	4700386	4700387	1844
chr20	4700387	4700388	1905
chr20	4700388	4700389	1863
chr20	4700389	4700390	1855
chr20	4700390	4700391	1868
chr20	4700391	4700392	1850
chr20	4700392	4700393	1833
chr20	4700393	4700394	1756
chr20	4700394	4700396	1766
chr20	4700396	4700397	1758
chr20	4700397	4700398	1783
chr20	4700398	4700399	1779
chr20	4700399	4700400	1750
chr20	4700400	4700401	1746
chr20	4700401	4700402	1714
chr20	4700402	4700403	1704
chr20	4700403	4700404	1702
chr20	4700404	4700406	1714
chr20	4700406	4700407	1669
chr20	4700407	4700408	1649
chr20	4700408	4700409	1672
chr20	4700409	4700410	1627
chr20	4700410	4700411	1638
chr20	4700411	4700412	1631
chr20	4700412	4700413	1625
chr20	4700413	4700414	1620
chr20	4700414	4700415	1647
chr20	4700415	4700416	1692
chr20	4700416	4700417	1686
chr20	4700417	4700418	1687
chr20	4700418	4700419	1690
chr20	4700419	4700420	1687
chr20	4700420	4700421	1684
chr20	4700421	4700422	1689
chr20	4700422	4700423	1679
chr20	4700423	4700424	1682
chr20	4700424	4700425	1667
chr20	4700425	4700426	1630
chr20	4700426	4700427	1637
chr20	4700427	4700428	1581
chr20	4700428	4700429	1694
chr20	4700429	4700430	1679
chr20	4700430	4700431	1629
chr20	4700431	4700432	1659
chr20	4700432	4700433	1591
chr20	4700433	4700434	1585
chr20	4700434	4700435	1599
chr20	4700435	4700436	1674
chr20	4700436	4700437	1709
chr20	4700437	4700438	1747
chr20	4700438	4700439	1771
chr20	4700439	4700440	1788
chr20	4700440	4700441	1768
chr20	4700441	4700442	1782
chr20	4700442	4700443	1704
chr20	4700443	4700444	1726
chr20	4700444	4700445	1724
chr20	4700445	4700446	1725
chr20	4700446	4700447	1693
chr20	4700447	4700448	1669
chr20	4700448	4700449	1667
chr20	4700449	4700450	1673
chr20	4700450	4700451	1694
chr20	4700451	4700452	1659
chr20	4700452	4700453	1667
chr20	4700453	4700454	1644
chr20	4700454	4700455	1645
chr20	4700455	4700456	1630
chr20	4700456	4700457	1597
chr20	4700457	4700458	1581
chr20	4700458	4700459	1483
chr20	4700459	4700460	1508
chr20	4700460	4700461	1478
chr20	4700461	4700462	1420
chr20	4700462	4700463	1392
chr20	4700463	4700464	1333
chr20	4700464	4700465	1336
chr20	4700465	4700466	1331
chr20	4700466	4700467	1318
chr20	4700467	4700468	1329
chr20	4700468	4700469	1344
chr20	4700469	4700470	1482
chr20	4700470	4700471	1474
chr20	4700471	4700472	1468
chr20	4700472	4700473	1478
chr20	4700473	4700474	1448
chr20	4700474	4700475	1428
chr20	4700475	4700476	1484
chr20	4700476	4700477	1478
chr20	4700477	4700478	1523
chr20	4700478	4700481	1557
chr20	4700481	4700482	1561
chr20	4700482	4700483	1697
chr20	4700483	4700484	1728
chr20	4700484	4700485	1696
chr20	4700485	4700486	1691
chr20	4700486	4700487	1677
chr20	4700487	4700488	1680
chr20	4700488	4700489	1697
chr20	4700489	4700490	1684
chr20	4700490	4700491	1646
chr20	4700491	4700492	1613
chr20	4700492	4700493	1614
chr20	4700493	4700494	1612
chr20	4700494	4700495	1826
chr20	4700495	4700496	1829
chr20	4700496	4700497	1825
chr20	4700497	4700498	1815
chr20	4700498	4700499	1812
chr20	4700499	4700500	1836
chr20	4700500	4700501	1852
chr20	4700501	4700502	1980
chr20	4700502	4700503	1968
chr20	4700503	4700504	1966
chr20	4700504	4700505	1847
chr20	4700505	4700506	1839
chr20	4700506	4700507	1835
chr20	4700507	4700508	1818
chr20	4700508	4700509	1833
chr20	4700509	4700510	1902
chr20	4700510	4700511	1921
chr20	4700511	4700512	1873
chr20	4700512	4700513	1847
chr20	4700513	4700514	1840
chr20	4700514	4700515	1870
chr20	4700515	4700516	1865
chr20	4700516	4700517	1873
chr20	4700517	4700518	1855
chr20	4700518	4700519	1864
chr20	4700519	4700520	1852
chr20	4700520	4700521	1909
chr20	4700521	4700522	1904
chr20	4700522	4700523	1891
chr20	4700523	4700524	1920
chr20	4700524	4700526	1926
chr20	4700526	4700527	1894
chr20	4700527	4700528	1889
chr20	4700528	4700529	1876
chr20	4700529	4700530	1884
chr20	4700530	4700531	1908
chr20	4700531	4700532	1907
chr20	4700532	4700533	1942
chr20	4700533	4700534	1933
chr20	4700534	4700535	1975
chr20	4700535	4700536	1949
chr20	4700536	4700537	1955
chr20	4700537	4700538	1964
chr20	4700538	4700539	1952
chr20	4700539	4700540	1995
chr20	4700540	4700541	1987
chr20	4700541	4700542	1981
chr20	4700542	4700543	1983
chr20	4700543	4700544	1985
chr20	4700544	4700545	1977
chr20	4700545	4700546	1860
chr20	4700546	4700547	1892
chr20	4700547	4700548	1963
chr20	4700548	4700549	1960
chr20	4700549	4700550	1963
chr20	4700550	4700551	1972
chr20	4700551	4700552	1919
chr20	4700552	4700553	1916
chr20	4700553	4700554	1907
chr20	4700554	4700555	1872
chr20	4700555	4700556	1879
chr20	4700556	4700558	1889
chr20	4700558	4700559	1785
chr20	4700559	4700560	1757
chr20	4700560	4700561	1759
chr20	4700561	4700562	1758
chr20	4700562	4700563	1829
chr20	4700563	4700564	1886
chr20	4700564	4700565	1920
chr20	4700565	4700566	1972
chr20	4700566	4700567	1979
chr20	4700567	4700568	1992
chr20	4700568	4700569	2004
chr20	4700569	4700570	2056
chr20	4700570	4700572	1874
chr20	4700572	4700573	1878
chr20	4700573	4700574	1885
chr20	4700574	4700575	1899
chr20	4700575	4700576	1873
chr20	4700576	4700577	1857
chr20	4700577	4700578	1730
chr20	4700578	4700580	1734
chr20	4700580	4700581	1761
chr20	4700581	4700582	1774
chr20	4700582	4700583	1789
chr20	4700583	4700584	1775
chr20	4700584	4700585	1759
chr20	4700585	4700586	1729
chr20	4700586	4700587	1698
chr20	4700587	4700588	1700
chr20	4700588	4700589	1730
chr20	4700589	4700590	1696
chr20	4700590	4700591	1638
chr20	4700591	4700592	1652
chr20	4700592	4700593	1665
chr20	4700593	4700594	1736
chr20	4700594	4700595	1719
chr20	4700595	4700596	1706
chr20	4700596	4700597	1651
chr20	4700597	4700598	1640
chr20	4700598	4700599	1694
chr20	4700599	4700600	1658
chr20	4700600	4700601	1651
chr20	4700601	4700602	1653
chr20	4700602	4700603	1666
chr20	4700603	4700604	1663
chr20	4700604	4700605	1671
chr20	4700605	4700606	1657
chr20	4700606	4700607	1619
chr20	4700607	4700608	1623
chr20	4700608	4700609	1603
chr20	4700609	4700610	1799
chr20	4700610	4700611	1728
chr20	4700611	4700612	1751
chr20	4700612	4700613	1764
chr20	4700613	4700614	1782
chr20	4700614	4700615	1811
chr20	4700615	4700616	1838
chr20	4700616	4700617	1904
chr20	4700617	4700618	1971
chr20	4700618	4700619	2077
chr20	4700619	4700620	2106
chr20	4700620	4700621	2118
chr20	4700621	4700622	2105
chr20	4700622	4700623	2100
chr20	4700623	4700624	2025
chr20	4700624	4700625	2020
chr20	4700625	4700626	2024
chr20	4700626	4700627	2019
chr20	4700627	4700628	2068
chr20	4700628	4700629	2085
chr20	4700629	4700630	2073
chr20	4700630	4700632	2070
chr20	4700632	4700633	2080
chr20	4700633	4700634	2056
chr20	4700634	4700635	2029
chr20	4700635	4700636	2022
chr20	4700636	4700637	2073
chr20	4700637	4700638	2138
chr20	4700638	4700639	2092
chr20	4700639	4700640	2121
chr20	4700640	4700641	2075
chr20	4700641	4700642	2049
chr20	4700642	4700643	2043
chr20	4700643	4700644	2030
chr20	4700644	4700645	2029
chr20	4700645	4700646	1989
chr20	4700646	4700647	1983
chr20	4700647	4700648	1995
chr20	4700648	4700649	1986
chr20	4700649	4700650	1978
chr20	4700650	4700651	1979
chr20	4700651	4700652	2007
chr20	4700652	4700653	2011
chr20	4700653	4700654	2032
chr20	4700654	4700655	2025
chr20	4700655	4700656	2018
chr20	4700656	4700657	2004
chr20	4700657	4700658	1994
chr20	4700658	4700659	1974
chr20	4700659	4700660	1971
chr20	4700660	4700661	1962
chr20	4700661	4700662	1923
chr20	4700662	4700663	1937
chr20	4700663	4700664	1927
chr20	4700664	4700665	1887
chr20	4700665	4700666	1883
chr20	4700666	4700667	1876
chr20	4700667	4700668	1881
chr20	4700668	4700669	1855
chr20	4700669	4700670	1787
chr20	4700670	4700671	1768
chr20	4700671	4700672	1764
chr20	4700672	4700673	1761
chr20	4700673	4700674	1780
chr20	4700674	4700675	1734
chr20	4700675	4700676	1739
chr20	4700676	4700677	1747
chr20	4700677	4700678	1744
chr20	4700678	4700679	1762
chr20	4700679	4700681	1818
chr20	4700681	4700682	1855
chr20	4700682	4700683	1924
chr20	4700683	4700684	1923
chr20	4700684	4700685	1904
chr20	4700685	4700686	1719
chr20	4700686	4700687	1730
chr20	4700687	4700688	1688
chr20	4700688	4700689	1676
chr20	4700689	4700690	1702
chr20	4700690	4700691	1662
chr20	4700691	4700692	1609
chr20	4700692	4700693	1574
chr20	4700693	4700694	1504
chr20	4700694	4700695	1356
chr20	4700695	4700696	1430
chr20	4700696	4700697	1431
chr20	4700697	4700698	1498
chr20	4700698	4700699	1470
chr20	4700699	4700700	1473
chr20	4700700	4700701	1479
chr20	4700701	4700702	1489
chr20	4700702	4700703	1490
chr20	4700703	4700704	1477
chr20	4700704	4700705	1476
chr20	4700705	4700706	1472
chr20	4700706	4700707	1483
chr20	4700707	4700708	1475
chr20	4700708	4700709	1460
chr20	4700709	4700710	1480
chr20	4700710	4700711	1479
chr20	4700711	4700712	1476
chr20	4700712	4700713	1444
chr20	4700713	4700714	1453
chr20	4700714	4700715	1439
chr20	4700715	4700716	1342
chr20	4700716	4700717	1334
chr20	4700717	4700718	1349
chr20	4700718	4700719	1375
chr20	4700719	4700720	1393
chr20	4700720	4700721	1395
chr20	4700721	4700722	1411
chr20	4700722	4700723	1398
chr20	4700723	4700724	1414
chr20	4700724	4700725	1608
chr20	4700725	4700726	1611
chr20	4700726	4700727	1608
chr20	4700727	4700728	1636
chr20	4700728	4700729	1733
chr20	4700729	4700730	1795
chr20	4700730	4700731	1822
chr20	4700731	4700732	1870
chr20	4700732	4700733	1930
chr20	4700733	4700734	1952
chr20	4700734	4700735	1958
chr20	4700735	4700736	1959
chr20	4700736	4700737	1970
chr20	4700737	4700738	1975
chr20	4700738	4700739	1980
chr20	4700739	4700741	1985
chr20	4700741	4700742	1999
chr20	4700742	4700743	2003
chr20	4700743	4700744	2013
chr20	4700744	4700745	2015
chr20	4700745	4700746	2004
chr20	4700746	4700747	2009
chr20	4700747	4700748	2011
chr20	4700748	4700749	2010
chr20	4700749	4700750	2009
chr20	4700750	4700751	2100
chr20	4700751	4700753	2099
chr20	4700753	4700754	2098
chr20	4700754	4700755	2118
chr20	4700755	4700756	2067
chr20	4700756	4700757	2057
chr20	4700757	4700758	2022
chr20	4700758	4700760	1954
chr20	4700760	4700761	1953
chr20	4700761	4700762	1986
chr20	4700762	4700763	1993
chr20	4700763	4700764	1990
chr20	4700764	4700765	1995
chr20	4700765	4700766	1948
chr20	4700766	4700767	1919
chr20	4700767	4700768	1913
chr20	4700768	4700769	1939
chr20	4700769	4700770	1950
chr20	4700770	4700771	1960
chr20	4700771	4700772	1874
chr20	4700772	4700773	1863
chr20	4700773	4700774	1800
chr20	4700774	4700775	1817
chr20	4700775	4700776	1812
chr20	4700776	4700777	1826
chr20	4700777	4700778	1904
chr20	4700778	4700779	1916
chr20	4700779	4700780	1875
chr20	4700780	4700781	1862
chr20	4700781	4700782	1914
chr20	4700782	4700783	1909
chr20	4700783	4700784	1917
chr20	4700784	4700785	1904
chr20	4700785	4700786	1880
chr20	4700786	4700787	1882
chr20	4700787	4700788	1877
chr20	4700788	4700789	1855
chr20	4700789	4700790	1780
chr20	4700790	4700791	1773
chr20	4700791	4700792	1780
chr20	4700792	4700794	1785
chr20	4700794	4700795	1788
chr20	4700795	4700796	1745
chr20	4700796	4700797	1800
chr20	4700797	4700798	1985
chr20	4700798	4700799	2008
chr20	4700799	4700800	1998
chr20	4700800	4700801	1802
chr20	4700801	4700802	1806
chr20	4700802	4700803	1833
chr20	4700803	4700804	1773
chr20	4700804	4700805	1688
chr20	4700805	4700806	1596
chr20	4700806	4700807	1591
chr20	4700807	4700808	1828
chr20	4700808	4700809	1780
chr20	4700809	4700810	1824
chr20	4700810	4700811	1815
chr20	4700811	4700812	1829
chr20	4700812	4700813	1827
chr20	4700813	4700814	1861
chr20	4700814	4700815	1924
chr20	4700815	4700816	1935
chr20	4700816	4700817	2033
chr20	4700817	4700818	2029
chr20	4700818	4700819	2186
chr20	4700819	4700820	2158
chr20	4700820	4700821	2189
chr20	4700821	4700822	2207
chr20	4700822	4700823	2206
chr20	4700823	4700824	2285
chr20	4700824	4700825	2280
chr20	4700825	4700826	2276
chr20	4700826	4700827	2210
chr20	4700827	4700828	2220
chr20	4700828	4700829	2232
chr20	4700829	4700830	2239
chr20	4700830	4700831	2190
chr20	4700831	4700832	2248
chr20	4700832	4700833	2257
chr20	4700833	4700834	2333
chr20	4700834	4700835	2429
chr20	4700835	4700836	2547
chr20	4700836	4700837	2592
chr20	4700837	4700838	2581
chr20	4700838	4700839	2733
chr20	4700839	4700840	2751
chr20	4700840	4700841	2793
chr20	4700841	4700842	2810
chr20	4700842	4700843	2824
chr20	4700843	4700844	2835
chr20	4700844	4700845	2798
chr20	4700845	4700846	2855
chr20	4700846	4700847	2864
chr20	4700847	4700848	2922
chr20	4700848	4700850	2939
chr20	4700850	4700851	2919
chr20	4700851	4700852	2939
chr20	4700852	4700853	2944
chr20	4700853	4700854	2847
chr20	4700854	4700855	2836
chr20	4700855	4700856	2838
chr20	4700856	4700857	2840
chr20	4700857	4700858	2789
chr20	4700858	4700859	2783
chr20	4700859	4700860	2776
chr20	4700860	4700861	2770
chr20	4700861	4700862	2768
chr20	4700862	4700863	2858
chr20	4700863	4700864	2877
chr20	4700864	4700865	2907
chr20	4700865	4700866	2909
chr20	4700866	4700867	2912
chr20	4700867	4700868	2959
chr20	4700868	4700869	3014
chr20	4700869	4700870	3046
chr20	4700870	4700871	3082
chr20	4700871	4700872	3100
chr20	4700872	4700873	3084
chr20	4700873	4700874	2886
chr20	4700874	4700875	2918
chr20	4700875	4700876	2952
chr20	4700876	4700877	3014
chr20	4700877	4700878	3096
chr20	4700878	4700879	3187
chr20	4700879	4700880	3201
chr20	4700880	4700881	3203
chr20	4700881	4700882	3201
chr20	4700882	4700883	3227
chr20	4700883	4700884	2949
chr20	4700884	4700885	2897
chr20	4700885	4700886	2903
chr20	4700886	4700887	2901
chr20	4700887	4700888	2897
chr20	4700888	4700889	2918
chr20	4700889	4700890	2908
chr20	4700890	4700891	2905
chr20	4700891	4700892	2889
chr20	4700892	4700893	2801
chr20	4700893	4700894	2826
chr20	4700894	4700895	2673
chr20	4700895	4700896	2685
chr20	4700896	4700897	2784
chr20	4700897	4700898	2807
chr20	4700898	4700899	2837
chr20	4700899	4700900	2785
chr20	4700900	4700901	2791
chr20	4700901	4700902	2801
chr20	4700902	4700903	2769
chr20	4700903	4700904	2799
chr20	4700904	4700905	2834
chr20	4700905	4700906	2839
chr20	4700906	4700907	2871
chr20	4700907	4700908	2860
chr20	4700908	4700909	2877
chr20	4700909	4700910	2790
chr20	4700910	4700911	2714
chr20	4700911	4700912	2627
chr20	4700912	4700914	2579
chr20	4700914	4700915	2430
chr20	4700915	4700916	2518
chr20	4700916	4700917	2493
chr20	4700917	4700918	2495
chr20	4700918	4700919	2494
chr20	4700919	4700920	2477
chr20	4700920	4700921	2479
chr20	4700921	4700922	2420
chr20	4700922	4700923	2416
chr20	4700923	4700924	2366
chr20	4700924	4700925	2344
chr20	4700925	4700926	2328
chr20	4700926	4700927	2421
chr20	4700927	4700928	2405
chr20	4700928	4700929	2398
chr20	4700929	4700930	2404
chr20	4700930	4700931	2407
chr20	4700931	4700932	2436
chr20	4700932	4700933	2466
chr20	4700933	4700934	2489
chr20	4700934	4700935	2562
chr20	4700935	4700936	2567
chr20	4700936	4700937	2606
chr20	4700937	4700938	2823
chr20	4700938	4700939	2784
chr20	4700939	4700941	2862
chr20	4700941	4700942	2899
chr20	4700942	4700943	2906
chr20	4700943	4700944	2965
chr20	4700944	4700945	2968
chr20	4700945	4700946	2913
chr20	4700946	4700947	2857
chr20	4700947	4700948	2856
chr20	4700948	4700949	2787
chr20	4700949	4700950	2851
chr20	4700950	4700951	2805
chr20	4700951	4700952	2767
chr20	4700952	4700953	2694
chr20	4700953	4700954	2623
chr20	4700954	4700955	2522
chr20	4700955	4700956	2527
chr20	4700956	4700957	2525
chr20	4700957	4700958	2543
chr20	4700958	4700959	2545
chr20	4700959	4700960	2557
chr20	4700960	4700961	2607
chr20	4700961	4700962	2752
chr20	4700962	4700963	2861
chr20	4700963	4700964	2893
chr20	4700964	4700965	2897
chr20	4700965	4700966	2892
chr20	4700966	4700967	2803
chr20	4700967	4700968	2807
chr20	4700968	4700969	2838
#bedGraph section chr20:4700969-4780237
chr20	4700969	4700970	2812
chr20	4700970	4700971	2840
chr20	4700971	4700972	2911
chr20	4700972	4700973	2781
chr20	4700973	4700974	2757
chr20	4700974	4700975	2739
chr20	4700975	4700976	2721
chr20	4700976	4700977	2720
chr20	4700977	4700978	2712
chr20	4700978	4700979	2715
chr20	4700979	4700980	2670
chr20	4700980	4700981	2710
chr20	4700981	4700982	2724
chr20	4700982	4700983	2711
chr20	4700983	4700984	3117
chr20	4700984	4700985	3113
chr20	4700985	4700986	3131
chr20	4700986	4700987	3140
chr20	4700987	4700988	3126
chr20	4700988	4700989	3175
chr20	4700989	4700990	3212
chr20	4700990	4700991	3274
chr20	4700991	4700992	3197
chr20	4700992	4700993	3309
chr20	4700993	4700994	3345
chr20	4700994	4700995	3354
chr20	4700995	4700996	3367
chr20	4700996	4700997	3364
chr20	4700997	4700998	3349
chr20	4700998	4700999	3345
chr20	4700999	4701000	3336
chr20	4701000	4701001	3332
chr20	4701001	4701002	3370
chr20	4701002	4701003	3281
chr20	4701003	4701004	3477
chr20	4701004	4701006	3481
chr20	4701006	4701007	3478
chr20	4701007	4701008	3448
chr20	4701008	4701009	3414
chr20	4701009	4701010	3447
chr20	4701010	4701011	3411
chr20	4701011	4701012	3403
chr20	4701012	4701013	3374
chr20	4701013	4701014	3160
chr20	4701014	4701015	3159
chr20	4701015	4701016	3067
chr20	4701016	4701017	3029
chr20	4701017	4701018	2995
chr20	4701018	4701019	3001
chr20	4701019	4701020	2999
chr20	4701020	4701021	3044
chr20	4701021	4701022	3109
chr20	4701022	4701023	3097
chr20	4701023	4701024	3100
chr20	4701024	4701025	3129
chr20	4701025	4701027	3225
chr20	4701027	4701028	3338
chr20	4701028	4701029	3372
chr20	4701029	4701030	3367
chr20	4701030	4701031	3374
chr20	4701031	4701032	3387
chr20	4701032	4701033	3374
chr20	4701033	4701034	3333
chr20	4701034	4701035	3321
chr20	4701035	4701036	3438
chr20	4701036	4701037	3386
chr20	4701037	4701038	3194
chr20	4701038	4701039	3092
chr20	4701039	4701040	3060
chr20	4701040	4701041	3034
chr20	4701041	4701042	3047
chr20	4701042	4701043	3054
chr20	4701043	4701044	3061
chr20	4701044	4701045	3020
chr20	4701045	4701046	3067
chr20	4701046	4701047	3199
chr20	4701047	4701048	3131
chr20	4701048	4701049	3130
chr20	4701049	4701050	3191
chr20	4701050	4701051	3358
chr20	4701051	4701052	3526
chr20	4701052	4701053	3529
chr20	4701053	4701054	3517
chr20	4701054	4701055	3521
chr20	4701055	4701056	3541
chr20	4701056	4701057	3457
chr20	4701057	4701058	3436
chr20	4701058	4701059	3430
chr20	4701059	4701060	3003
chr20	4701060	4701061	2971
chr20	4701061	4701062	2946
chr20	4701062	4701063	2933
chr20	4701063	4701064	2971
chr20	4701064	4701065	2920
chr20	4701065	4701066	2862
chr20	4701066	4701067	2884
chr20	4701067	4701068	2864
chr20	4701068	4701070	2726
chr20	4701070	4701071	2710
chr20	4701071	4701072	2704
chr20	4701072	4701073	2701
chr20	4701073	4701074	2714
chr20	4701074	4701075	2703
chr20	4701075	4701076	2728
chr20	4701076	4701077	2736
chr20	4701077	4701078	2732
chr20	4701078	4701079	2740
chr20	4701079	4701080	2587
chr20	4701080	4701081	2566
chr20	4701081	4701082	2567
chr20	4701082	4701083	2568
chr20	4701083	4701084	2579
chr20	4701084	4701085	2641
chr20	4701085	4701086	2638
chr20	4701086	4701087	2605
chr20	4701087	4701088	2611
chr20	4701088	4701089	2610
chr20	4701089	4701091	2633
chr20	4701091	4701092	2641
chr20	4701092	4701093	2655
chr20	4701093	4701094	2685
chr20	4701094	4701095	2761
chr20	4701095	4701096	2674
chr20	4701096	4701097	2556
chr20	4701097	4701098	2492
chr20	4701098	4701099	2500
chr20	4701099	4701100	2481
chr20	4701100	4701101	2520
chr20	4701101	4701102	2355
chr20	4701102	4701103	2382
chr20	4701103	4701104	2292
chr20	4701104	4701105	2268
chr20	4701105	4701106	2301
chr20	4701106	4701107	2298
chr20	4701107	4701108	2296
chr20	4701108	4701109	2301
chr20	4701109	4701110	2354
chr20	4701110	4701111	2407
chr20	4701111	4701112	2337
chr20	4701112	4701113	2424
chr20	4701113	4701114	2449
chr20	4701114	4701115	2458
chr20	4701115	4701116	2465
chr20	4701116	4701117	2458
chr20	4701117	4701118	2456
chr20	4701118	4701119	2446
chr20	4701119	4701120	2440
chr20	4701120	4701121	2477
chr20	4701121	4701122	2425
chr20	4701122	4701123	2252
chr20	4701123	4701124	2247
chr20	4701124	4701125	2240
chr20	4701125	4701126	2033
chr20	4701126	4701127	1863
chr20	4701127	4701128	1803
chr20	4701128	4701129	1807
chr20	4701129	4701130	1827
chr20	4701130	4701131	1825
chr20	4701131	4701132	1812
chr20	4701132	4701133	1802
chr20	4701133	4701134	1804
chr20	4701134	4701135	1788
chr20	4701135	4701136	1758
chr20	4701136	4701137	1763
chr20	4701137	4701138	1758
chr20	4701138	4701139	1774
chr20	4701139	4701140	1712
chr20	4701140	4701141	1701
chr20	4701141	4701142	1690
chr20	4701142	4701143	1567
chr20	4701143	4701144	1558
chr20	4701144	4701145	1560
chr20	4701145	4701146	1538
chr20	4701146	4701147	1543
chr20	4701147	4701148	1590
chr20	4701148	4701149	1605
chr20	4701149	4701151	1620
chr20	4701151	4701152	1607
chr20	4701152	4701153	1644
chr20	4701153	4701154	1628
chr20	4701154	4701155	1674
chr20	4701155	4701156	1637
chr20	4701156	4701157	1645
chr20	4701157	4701158	1663
chr20	4701158	4701159	1676
chr20	4701159	4701160	1677
chr20	4701160	4701161	1637
chr20	4701161	4701162	1580
chr20	4701162	4701163	1579
chr20	4701163	4701164	1581
chr20	4701164	4701165	1612
chr20	4701165	4701166	1601
chr20	4701166	4701167	1611
chr20	4701167	4701168	1626
chr20	4701168	4701169	1632
chr20	4701169	4701170	1628
chr20	4701170	4701171	1545
chr20	4701171	4701172	1536
chr20	4701172	4701173	1533
chr20	4701173	4701174	1523
chr20	4701174	4701175	1594
chr20	4701175	4701176	1599
chr20	4701176	4701177	1537
chr20	4701177	4701178	1529
chr20	4701178	4701179	1500
chr20	4701179	4701180	1470
chr20	4701180	4701181	1467
chr20	4701181	4701182	1442
chr20	4701182	4701183	1424
chr20	4701183	4701184	1417
chr20	4701184	4701185	1432
chr20	4701185	4701186	1363
chr20	4701186	4701187	1317
chr20	4701187	4701188	1261
chr20	4701188	4701189	1176
chr20	4701189	4701190	1146
chr20	4701190	4701191	1127
chr20	4701191	4701192	1121
chr20	4701192	4701193	1122
chr20	4701193	4701194	1092
chr20	4701194	4701195	1085
chr20	4701195	4701196	1078
chr20	4701196	4701197	1047
chr20	4701197	4701198	1053
chr20	4701198	4701199	1055
chr20	4701199	4701200	1052
chr20	4701200	4701201	1060
chr20	4701201	4701202	1067
chr20	4701202	4701203	1084
chr20	4701203	4701204	1089
chr20	4701204	4701205	1076
chr20	4701205	4701206	1054
chr20	4701206	4701207	1210
chr20	4701207	4701208	1206
chr20	4701208	4701209	1205
chr20	4701209	4701210	1192
chr20	4701210	4701211	1191
chr20	4701211	4701212	1208
chr20	4701212	4701213	1207
chr20	4701213	4701214	1198
chr20	4701214	4701215	1179
chr20	4701215	4701216	1182
chr20	4701216	4701217	1180
chr20	4701217	4701218	1185
chr20	4701218	4701219	1191
chr20	4701219	4701220	1200
chr20	4701220	4701221	1198
chr20	4701221	4701222	1207
chr20	4701222	4701223	1205
chr20	4701223	4701224	1164
chr20	4701224	4701225	1203
chr20	4701225	4701226	1197
chr20	4701226	4701227	1250
chr20	4701227	4701228	1242
chr20	4701228	4701229	1224
chr20	4701229	4701230	1248
chr20	4701230	4701231	1178
chr20	4701231	4701232	1177
chr20	4701232	4701233	1175
chr20	4701233	4701234	1167
chr20	4701234	4701235	1151
chr20	4701235	4701236	1159
chr20	4701236	4701238	1141
chr20	4701238	4701239	1147
chr20	4701239	4701240	1157
chr20	4701240	4701241	1155
chr20	4701241	4701242	1131
chr20	4701242	4701243	1081
chr20	4701243	4701244	1087
chr20	4701244	4701245	1029
chr20	4701245	4701247	1094
chr20	4701247	4701248	1099
chr20	4701248	4701249	1112
chr20	4701249	4701250	1115
chr20	4701250	4701251	1039
chr20	4701251	4701252	1037
chr20	4701252	4701253	1035
chr20	4701253	4701254	1039
chr20	4701254	4701255	1037
chr20	4701255	4701256	1072
chr20	4701256	4701257	1083
chr20	4701257	4701258	1063
chr20	4701258	4701259	1061
chr20	4701259	4701260	1046
chr20	4701260	4701261	1028
chr20	4701261	4701262	1043
chr20	4701262	4701263	1047
chr20	4701263	4701264	1056
chr20	4701264	4701265	1059
chr20	4701265	4701266	1063
chr20	4701266	4701267	1068
chr20	4701267	4701268	1065
chr20	4701268	4701269	1071
chr20	4701269	4701270	1072
chr20	4701270	4701271	1105
chr20	4701271	4701272	1102
chr20	4701272	4701273	1121
chr20	4701273	4701274	1107
chr20	4701274	4701275	1113
chr20	4701275	4701276	1111
chr20	4701276	4701277	1134
chr20	4701277	4701278	1164
chr20	4701278	4701279	1145
chr20	4701279	4701280	1167
chr20	4701280	4701281	1166
chr20	4701281	4701282	1198
chr20	4701282	4701283	1054
chr20	4701283	4701284	1059
chr20	4701284	4701285	1071
chr20	4701285	4701286	1085
chr20	4701286	4701287	1101
chr20	4701287	4701288	1090
chr20	4701288	4701289	1086
chr20	4701289	4701290	1104
chr20	4701290	4701291	1158
chr20	4701291	4701292	1159
chr20	4701292	4701293	1242
chr20	4701293	4701294	1267
chr20	4701294	4701295	1263
chr20	4701295	4701296	1256
chr20	4701296	4701297	1509
chr20	4701297	4701298	1520
chr20	4701298	4701299	1541
chr20	4701299	4701300	1554
chr20	4701300	4701301	1547
chr20	4701301	4701302	1532
chr20	4701302	4701303	1526
chr20	4701303	4701304	1727
chr20	4701304	4701305	1805
chr20	4701305	4701306	1793
chr20	4701306	4701307	1797
chr20	4701307	4701308	1805
chr20	4701308	4701309	1954
chr20	4701309	4701310	1951
chr20	4701310	4701311	1955
chr20	4701311	4701312	1944
chr20	4701312	4701313	1950
chr20	4701313	4701314	1967
chr20	4701314	4701315	1993
chr20	4701315	4701316	1999
chr20	4701316	4701317	1975
chr20	4701317	4701318	2052
chr20	4701318	4701319	2098
chr20	4701319	4701320	2116
chr20	4701320	4701321	2161
chr20	4701321	4701322	2115
chr20	4701322	4701323	2110
chr20	4701323	4701324	2105
chr20	4701324	4701325	2136
chr20	4701325	4701326	2149
chr20	4701326	4701327	2311
chr20	4701327	4701328	2410
chr20	4701328	4701329	2422
chr20	4701329	4701330	2408
chr20	4701330	4701331	2418
chr20	4701331	4701332	2395
chr20	4701332	4701333	2387
chr20	4701333	4701334	2431
chr20	4701334	4701335	2448
chr20	4701335	4701336	2492
chr20	4701336	4701337	2516
chr20	4701337	4701338	2575
chr20	4701338	4701339	2602
chr20	4701339	4701340	2637
chr20	4701340	4701341	2692
chr20	4701341	4701342	2736
chr20	4701342	4701343	2796
chr20	4701343	4701344	2810
chr20	4701344	4701345	2824
chr20	4701345	4701346	2843
chr20	4701346	4701347	2815
chr20	4701347	4701348	3048
chr20	4701348	4701349	3031
chr20	4701349	4701350	3048
chr20	4701350	4701351	3031
chr20	4701351	4701352	3044
chr20	4701352	4701353	3061
chr20	4701353	4701354	3031
chr20	4701354	4701355	3036
chr20	4701355	4701356	3011
chr20	4701356	4701357	3029
chr20	4701357	4701358	2999
chr20	4701358	4701359	2973
chr20	4701359	4701360	2966
chr20	4701360	4701361	3025
chr20	4701361	4701362	3063
chr20	4701362	4701363	3067
chr20	4701363	4701365	3078
chr20	4701365	4701366	3063
chr20	4701366	4701367	3022
chr20	4701367	4701368	3078
chr20	4701368	4701369	3023
chr20	4701369	4701370	3031
chr20	4701370	4701371	3029
chr20	4701371	4701372	3028
chr20	4701372	4701373	2852
chr20	4701373	4701374	2873
chr20	4701374	4701375	3054
chr20	4701375	4701376	3067
chr20	4701376	4701377	3026
chr20	4701377	4701378	3065
chr20	4701378	4701379	3035
chr20	4701379	4701380	2903
chr20	4701380	4701381	2831
chr20	4701381	4701382	2847
chr20	4701382	4701383	2856
chr20	4701383	4701384	2992
chr20	4701384	4701385	2951
chr20	4701385	4701386	3079
chr20	4701386	4701387	3164
chr20	4701387	4701388	3182
chr20	4701388	4701389	3227
chr20	4701389	4701390	3234
chr20	4701390	4701391	3215
chr20	4701391	4701392	3205
chr20	4701392	4701393	3381
chr20	4701393	4701394	3309
chr20	4701394	4701395	3321
chr20	4701395	4701396	3322
chr20	4701396	4701397	3443
chr20	4701397	4701398	3475
chr20	4701398	4701399	3594
chr20	4701399	4701400	3651
chr20	4701400	4701401	3663
chr20	4701401	4701402	3689
chr20	4701402	4701403	3551
chr20	4701403	4701404	3482
chr20	4701404	4701405	3487
chr20	4701405	4701406	3490
chr20	4701406	4701407	3480
chr20	4701407	4701408	3477
chr20	4701408	4701409	3473
chr20	4701409	4701410	3431
chr20	4701410	4701411	3409
chr20	4701411	4701412	3369
chr20	4701412	4701413	3341
chr20	4701413	4701414	3263
chr20	4701414	4701415	3241
chr20	4701415	4701416	3200
chr20	4701416	4701417	3116
chr20	4701417	4701418	3128
chr20	4701418	4701419	3064
chr20	4701419	4701420	3062
chr20	4701420	4701421	3051
chr20	4701421	4701422	3052
chr20	4701422	4701423	3046
chr20	4701423	4701424	2818
chr20	4701424	4701425	2854
chr20	4701425	4701426	2848
chr20	4701426	4701427	2849
chr20	4701427	4701428	2841
chr20	4701428	4701429	2795
chr20	4701429	4701430	2791
chr20	4701430	4701431	2786
chr20	4701431	4701432	2790
chr20	4701432	4701433	2785
chr20	4701433	4701434	2786
chr20	4701434	4701435	2789
chr20	4701435	4701436	2790
chr20	4701436	4701437	2723
chr20	4701437	4701438	2671
chr20	4701438	4701439	2650
chr20	4701439	4701440	2643
chr20	4701440	4701441	2640
chr20	4701441	4701442	2634
chr20	4701442	4701443	2609
chr20	4701443	4701444	2560
chr20	4701444	4701445	2536
chr20	4701445	4701446	2494
chr20	4701446	4701447	2491
chr20	4701447	4701448	2488
chr20	4701448	4701449	2400
chr20	4701449	4701450	2356
chr20	4701450	4701451	2158
chr20	4701451	4701452	2124
chr20	4701452	4701453	2108
chr20	4701453	4701454	2063
chr20	4701454	4701455	2048
chr20	4701455	4701456	1975
chr20	4701456	4701457	1948
chr20	4701457	4701458	1902
chr20	4701458	4701459	1892
chr20	4701459	4701460	1743
chr20	4701460	4701461	1637
chr20	4701461	4701462	1506
chr20	4701462	4701463	1376
chr20	4701463	4701464	1342
chr20	4701464	4701465	1330
chr20	4701465	4701466	1325
chr20	4701466	4701467	1315
chr20	4701467	4701468	1304
chr20	4701468	4701469	1115
chr20	4701469	4701470	1120
chr20	4701470	4701471	1068
chr20	4701471	4701472	1026
chr20	4701472	4701473	850
chr20	4701473	4701474	817
chr20	4701474	4701475	722
chr20	4701475	4701476	663
chr20	4701476	4701477	607
chr20	4701477	4701478	562
chr20	4701478	4701479	543
chr20	4701479	4701480	512
chr20	4701480	4701481	505
chr20	4701481	4701482	606
chr20	4701482	4701483	607
chr20	4701483	4701484	706
chr20	4701484	4701486	707
chr20	4701486	4701487	708
chr20	4701487	4701488	706
chr20	4701488	4701489	713
chr20	4701489	4701490	739
chr20	4701490	4701491	731
chr20	4701491	4701492	725
chr20	4701492	4701493	720
chr20	4701493	4701494	701
chr20	4701494	4701495	740
chr20	4701495	4701496	741
chr20	4701496	4701497	734
chr20	4701497	4701498	748
chr20	4701498	4701499	764
chr20	4701499	4701500	802
chr20	4701500	4701501	769
chr20	4701501	4701502	760
chr20	4701502	4701503	868
chr20	4701503	4701504	870
chr20	4701504	4701505	881
chr20	4701505	4701506	893
chr20	4701506	4701507	895
chr20	4701507	4701508	1059
chr20	4701508	4701509	1092
chr20	4701509	4701510	1127
chr20	4701510	4701511	1141
chr20	4701511	4701512	1140
chr20	4701512	4701513	1164
chr20	4701513	4701515	1172
chr20	4701515	4701516	1167
chr20	4701516	4701517	1165
chr20	4701517	4701519	1163
chr20	4701519	4701520	1166
chr20	4701520	4701522	1162
chr20	4701522	4701523	1158
chr20	4701523	4701524	1153
chr20	4701524	4701525	1150
chr20	4701525	4701526	1144
chr20	4701526	4701527	1143
chr20	4701527	4701528	1144
chr20	4701528	4701529	1139
chr20	4701529	4701530	1136
chr20	4701530	4701531	1132
chr20	4701531	4701532	1137
chr20	4701532	4701533	1135
chr20	4701533	4701534	1133
chr20	4701534	4701535	1129
chr20	4701535	4701537	1121
chr20	4701537	4701538	1113
chr20	4701538	4701539	1105
chr20	4701539	4701540	1101
chr20	4701540	4701541	1091
chr20	4701541	4701542	1087
chr20	4701542	4701543	1088
chr20	4701543	4701544	1084
chr20	4701544	4701545	1078
chr20	4701545	4701546	1056
chr20	4701546	4701547	1047
chr20	4701547	4701548	1044
chr20	4701548	4701549	1031
chr20	4701549	4701550	1022
chr20	4701550	4701551	997
chr20	4701551	4701552	991
chr20	4701552	4701554	974
chr20	4701554	4701555	972
chr20	4701555	4701556	967
chr20	4701556	4701557	949
chr20	4701557	4701558	837
chr20	4701558	4701559	833
chr20	4701559	4701561	727
chr20	4701561	4701562	725
chr20	4701562	4701563	724
chr20	4701563	4701564	720
chr20	4701564	4701565	711
chr20	4701565	4701566	684
chr20	4701566	4701568	683
chr20	4701568	4701569	682
chr20	4701569	4701570	660
chr20	4701570	4701571	606
chr20	4701571	4701573	601
chr20	4701573	4701574	553
chr20	4701574	4701575	534
chr20	4701575	4701576	490
chr20	4701576	4701577	483
chr20	4701577	4701578	481
chr20	4701578	4701579	362
chr20	4701579	4701580	354
chr20	4701580	4701581	346
chr20	4701581	4701582	329
chr20	4701582	4701583	323
chr20	4701583	4701584	151
chr20	4701584	4701585	86
chr20	4701585	4701586	62
chr20	4701586	4701587	48
chr20	4701587	4701588	28
chr20	4701588	4701589	4
chr20	4701589	4702041	0
