track type=wiggle_0 name="Brain Spinal cord cerv" description="Brain Spinal cord cervical c-1"
#bedGraph section chr20:4191281-4699314
chr20	4683823	4686353	0
chr20	4686353	4686381	1
chr20	4686381	4686387	2
chr20	4686387	4686391	3
chr20	4686391	4686406	4
chr20	4686406	4686413	5
chr20	4686413	4686426	6
chr20	4686426	4686429	9
chr20	4686429	4686434	8
chr20	4686434	4686436	9
chr20	4686436	4686438	11
chr20	4686438	4686439	12
chr20	4686439	4686441	13
chr20	4686441	4686442	14
chr20	4686442	4686444	16
chr20	4686444	4686446	17
chr20	4686446	4686448	18
chr20	4686448	4686449	19
chr20	4686449	4686451	27
chr20	4686451	4686452	29
chr20	4686452	4686455	31
chr20	4686455	4686456	33
chr20	4686456	4686459	32
chr20	4686459	4686461	36
chr20	4686461	4686463	37
chr20	4686463	4686464	46
chr20	4686464	4686465	48
chr20	4686465	4686466	52
chr20	4686466	4686467	51
chr20	4686467	4686468	55
chr20	4686468	4686469	56
chr20	4686469	4686470	61
chr20	4686470	4686471	71
chr20	4686471	4686472	110
chr20	4686472	4686473	112
chr20	4686473	4686474	119
chr20	4686474	4686475	126
chr20	4686475	4686476	127
chr20	4686476	4686477	133
chr20	4686477	4686478	137
chr20	4686478	4686479	155
chr20	4686479	4686480	168
chr20	4686480	4686481	172
chr20	4686481	4686484	181
chr20	4686484	4686485	182
chr20	4686485	4686488	186
chr20	4686488	4686490	196
chr20	4686490	4686491	200
chr20	4686491	4686493	202
chr20	4686493	4686496	206
chr20	4686496	4686497	208
chr20	4686497	4686498	213
chr20	4686498	4686500	217
chr20	4686500	4686501	218
chr20	4686501	4686502	219
chr20	4686502	4686503	217
chr20	4686503	4686504	226
chr20	4686504	4686505	229
chr20	4686505	4686506	230
chr20	4686506	4686507	231
chr20	4686507	4686508	234
chr20	4686508	4686509	121
chr20	4686509	4686511	122
chr20	4686511	4686512	126
chr20	4686512	4686665	0
chr20	4686665	4686673	1
chr20	4686673	4686674	2
chr20	4686674	4686718	3
chr20	4686718	4686734	6
chr20	4686734	4686735	8
chr20	4686735	4686736	13
chr20	4686736	4687223	0
chr20	4687223	4687231	1
chr20	4687231	4687517	0
chr20	4687517	4687593	1
chr20	4687593	4687726	0
chr20	4687726	4687766	1
chr20	4687766	4687802	2
chr20	4687802	4687842	1
chr20	4687842	4687882	0
chr20	4687882	4687909	1
chr20	4687909	4687958	2
chr20	4687958	4687985	1
chr20	4687985	4688024	0
chr20	4688024	4688100	1
chr20	4688100	4688402	0
chr20	4688402	4688448	1
chr20	4688448	4688478	2
chr20	4688478	4688524	1
chr20	4688524	4689008	0
chr20	4689008	4689084	1
chr20	4689084	4689149	0
chr20	4689149	4689224	1
chr20	4689224	4689225	2
chr20	4689225	4689300	1
chr20	4689300	4689337	0
chr20	4689337	4689362	1
chr20	4689362	4689377	2
chr20	4689377	4689398	3
chr20	4689398	4689413	4
chr20	4689413	4689438	3
chr20	4689438	4689453	2
chr20	4689453	4689466	1
chr20	4689466	4689474	3
chr20	4689474	4689493	2
chr20	4689493	4689497	3
chr20	4689497	4689514	4
chr20	4689514	4689542	5
chr20	4689542	4689567	3
chr20	4689567	4689568	4
chr20	4689568	4689570	3
chr20	4689570	4689590	2
chr20	4689590	4689633	1
chr20	4689633	4689643	2
chr20	4689643	4689709	1
chr20	4689709	4689737	0
chr20	4689737	4689743	1
chr20	4689743	4689748	2
chr20	4689748	4689763	4
chr20	4689763	4689810	5
chr20	4689810	4689813	6
chr20	4689813	4689819	5
chr20	4689819	4689823	4
chr20	4689823	4689838	2
chr20	4689838	4689886	1
chr20	4689886	4689893	0
chr20	4689893	4689926	2
chr20	4689926	4689968	3
chr20	4689968	4689969	2
chr20	4689969	4690002	1
chr20	4690002	4690046	0
chr20	4690046	4690077	1
chr20	4690077	4690122	2
chr20	4690122	4690153	1
chr20	4690153	4690160	0
chr20	4690160	4690236	2
chr20	4690236	4690292	0
chr20	4690292	4690361	1
chr20	4690361	4690368	2
chr20	4690368	4690437	1
chr20	4690437	4690528	0
chr20	4690528	4690603	1
chr20	4690603	4690773	0
chr20	4690773	4690830	1
chr20	4690830	4690849	2
chr20	4690849	4690906	1
chr20	4690906	4691004	0
chr20	4691004	4691017	1
chr20	4691017	4691027	2
chr20	4691027	4691041	3
chr20	4691041	4691080	4
chr20	4691080	4691086	3
chr20	4691086	4691093	4
chr20	4691093	4691103	3
chr20	4691103	4691117	2
chr20	4691117	4691124	1
chr20	4691124	4691161	2
chr20	4691161	4691181	1
chr20	4691181	4691200	2
chr20	4691200	4691257	1
chr20	4691257	4691295	0
chr20	4691295	4691336	1
chr20	4691336	4691351	2
chr20	4691351	4691371	3
chr20	4691371	4691410	2
chr20	4691410	4691413	1
chr20	4691413	4691427	2
chr20	4691427	4691451	1
chr20	4691451	4691478	2
chr20	4691478	4691489	3
chr20	4691489	4691527	2
chr20	4691527	4691530	1
chr20	4691530	4691553	2
chr20	4691553	4691554	3
chr20	4691554	4691606	2
chr20	4691606	4691628	1
chr20	4691628	4691636	0
chr20	4691636	4691683	1
chr20	4691683	4691700	2
chr20	4691700	4691712	3
chr20	4691712	4691750	2
chr20	4691750	4691759	3
chr20	4691759	4691760	2
chr20	4691760	4691776	3
chr20	4691776	4691826	2
chr20	4691826	4691836	1
chr20	4691836	4691845	0
chr20	4691845	4691919	2
chr20	4691919	4691921	3
chr20	4691921	4691949	1
chr20	4691949	4691967	2
chr20	4691967	4691995	3
chr20	4691995	4692025	2
chr20	4692025	4692043	1
chr20	4692043	4692047	0
chr20	4692047	4692054	1
chr20	4692054	4692098	2
chr20	4692098	4692105	3
chr20	4692105	4692123	5
chr20	4692123	4692130	4
chr20	4692130	4692140	3
chr20	4692140	4692174	4
chr20	4692174	4692181	3
chr20	4692181	4692216	1
chr20	4692216	4692307	0
chr20	4692307	4692344	1
chr20	4692344	4692383	2
chr20	4692383	4692393	1
chr20	4692393	4692420	2
chr20	4692420	4692468	1
chr20	4692468	4692489	0
chr20	4692489	4692565	1
chr20	4692565	4692680	0
chr20	4692680	4692756	1
chr20	4692756	4693144	0
chr20	4693144	4693178	1
chr20	4693178	4693219	2
chr20	4693219	4693254	1
chr20	4693254	4693377	0
chr20	4693377	4693382	1
chr20	4693382	4693440	3
chr20	4693440	4693441	4
chr20	4693441	4693453	5
chr20	4693453	4693458	4
chr20	4693458	4693473	2
chr20	4693473	4693516	3
chr20	4693516	4693540	1
chr20	4693540	4693549	2
chr20	4693549	4693615	1
chr20	4693615	4693645	0
chr20	4693645	4693721	1
chr20	4693721	4693855	0
chr20	4693855	4693894	2
chr20	4693894	4693907	3
chr20	4693907	4693970	1
chr20	4693970	4693981	0
chr20	4693981	4694035	1
chr20	4694035	4694057	2
chr20	4694057	4694062	1
chr20	4694062	4694111	2
chr20	4694111	4694138	1
chr20	4694138	4694162	0
chr20	4694162	4694194	1
chr20	4694194	4694223	2
chr20	4694223	4694238	3
chr20	4694238	4694265	2
chr20	4694265	4694270	3
chr20	4694270	4694299	2
chr20	4694299	4694341	1
chr20	4694341	4694359	0
chr20	4694359	4694389	1
chr20	4694389	4694435	2
chr20	4694435	4694447	1
chr20	4694447	4694465	2
chr20	4694465	4694523	1
chr20	4694523	4694718	0
chr20	4694718	4694757	2
chr20	4694757	4694780	3
chr20	4694780	4694794	5
chr20	4694794	4694833	3
chr20	4694833	4694856	2
chr20	4694856	4694903	0
chr20	4694903	4694919	1
chr20	4694919	4694953	3
chr20	4694953	4694979	5
chr20	4694979	4694995	4
chr20	4694995	4695015	2
chr20	4695015	4695029	3
chr20	4695029	4695054	1
chr20	4695054	4695091	3
chr20	4695091	4695112	2
chr20	4695112	4695130	3
chr20	4695130	4695142	1
chr20	4695142	4695187	3
chr20	4695187	4695218	2
chr20	4695218	4695345	0
chr20	4695345	4695347	1
chr20	4695347	4695367	2
chr20	4695367	4695411	4
chr20	4695411	4695421	6
chr20	4695421	4695423	5
chr20	4695423	4695435	4
chr20	4695435	4695443	5
chr20	4695443	4695474	3
chr20	4695474	4695487	4
chr20	4695487	4695511	2
chr20	4695511	4695550	1
chr20	4695550	4695580	0
chr20	4695580	4695656	1
chr20	4695656	4695679	0
chr20	4695679	4695701	1
chr20	4695701	4695732	2
chr20	4695732	4695737	3
chr20	4695737	4695755	4
chr20	4695755	4695771	3
chr20	4695771	4695777	4
chr20	4695777	4695794	3
chr20	4695794	4695808	4
chr20	4695808	4695813	3
chr20	4695813	4695828	2
chr20	4695828	4695847	3
chr20	4695847	4695870	2
chr20	4695870	4695904	1
chr20	4695904	4695927	0
chr20	4695927	4695945	1
chr20	4695945	4695953	2
chr20	4695953	4695988	3
chr20	4695988	4696003	4
chr20	4696003	4696019	3
chr20	4696019	4696029	2
chr20	4696029	4696064	1
chr20	4696064	4696068	0
chr20	4696068	4696079	1
chr20	4696079	4696144	2
chr20	4696144	4696155	1
chr20	4696155	4696643	0
chr20	4696643	4696696	2
chr20	4696696	4696719	3
chr20	4696719	4696763	1
chr20	4696763	4696772	2
chr20	4696772	4696818	1
chr20	4696818	4696839	2
chr20	4696839	4696849	1
chr20	4696849	4696859	3
chr20	4696859	4696894	4
chr20	4696894	4696910	3
chr20	4696910	4696912	4
chr20	4696912	4696925	5
chr20	4696925	4696935	3
chr20	4696935	4696985	2
chr20	4696985	4696987	1
chr20	4696987	4696988	2
chr20	4696988	4697016	1
chr20	4697016	4697023	3
chr20	4697023	4697062	4
chr20	4697062	4697076	3
chr20	4697076	4697092	4
chr20	4697092	4697099	2
chr20	4697099	4697152	1
chr20	4697152	4697205	0
chr20	4697205	4697278	1
chr20	4697278	4697281	2
chr20	4697281	4697284	1
chr20	4697284	4697323	2
chr20	4697323	4697354	3
chr20	4697354	4697360	2
chr20	4697360	4697372	1
chr20	4697372	4697396	2
chr20	4697396	4697397	4
chr20	4697397	4697432	3
chr20	4697432	4697436	4
chr20	4697436	4697448	5
chr20	4697448	4697472	4
chr20	4697472	4697486	2
chr20	4697486	4697490	3
chr20	4697490	4697502	4
chr20	4697502	4697508	5
chr20	4697508	4697512	4
chr20	4697512	4697562	3
chr20	4697562	4697566	2
chr20	4697566	4697618	1
chr20	4697618	4697631	2
chr20	4697631	4697648	3
chr20	4697648	4697654	5
chr20	4697654	4697660	4
chr20	4697660	4697683	5
chr20	4697683	4697692	6
chr20	4697692	4697694	7
chr20	4697694	4697706	6
chr20	4697706	4697707	7
chr20	4697707	4697710	6
chr20	4697710	4697711	7
chr20	4697711	4697721	8
chr20	4697721	4697724	9
chr20	4697724	4697736	7
chr20	4697736	4697745	6
chr20	4697745	4697756	7
chr20	4697756	4697768	8
chr20	4697768	4697775	7
chr20	4697775	4697786	6
chr20	4697786	4697787	5
chr20	4697787	4697793	4
chr20	4697793	4697797	5
chr20	4697797	4697816	4
chr20	4697816	4697821	5
chr20	4697821	4697832	4
chr20	4697832	4697834	3
chr20	4697834	4697852	2
chr20	4697852	4697853	3
chr20	4697853	4697869	4
chr20	4697869	4697892	3
chr20	4697892	4697923	2
chr20	4697923	4697928	4
chr20	4697928	4697930	2
chr20	4697930	4697965	3
chr20	4697965	4697981	4
chr20	4697981	4697999	5
chr20	4697999	4698004	3
chr20	4698004	4698006	4
chr20	4698006	4698016	3
chr20	4698016	4698036	4
chr20	4698036	4698039	5
chr20	4698039	4698057	4
chr20	4698057	4698063	3
chr20	4698063	4698065	4
chr20	4698065	4698078	6
chr20	4698078	4698079	7
chr20	4698079	4698084	6
chr20	4698084	4698092	7
chr20	4698092	4698103	6
chr20	4698103	4698112	7
chr20	4698112	4698121	6
chr20	4698121	4698126	7
chr20	4698126	4698139	8
chr20	4698139	4698141	7
chr20	4698141	4698154	5
chr20	4698154	4698160	4
chr20	4698160	4698177	3
chr20	4698177	4698179	4
chr20	4698179	4698185	3
chr20	4698185	4698188	4
chr20	4698188	4698192	5
chr20	4698192	4698197	6
chr20	4698197	4698202	5
chr20	4698202	4698253	4
chr20	4698253	4698261	3
chr20	4698261	4698264	2
chr20	4698264	4698268	1
chr20	4698268	4698270	0
chr20	4698270	4698298	1
chr20	4698298	4698334	3
chr20	4698334	4698335	4
chr20	4698335	4698337	5
chr20	4698337	4698346	6
chr20	4698346	4698353	5
chr20	4698353	4698358	6
chr20	4698358	4698374	7
chr20	4698374	4698404	5
chr20	4698404	4698410	4
chr20	4698410	4698434	2
chr20	4698434	4698449	1
chr20	4698449	4698497	3
chr20	4698497	4698505	4
chr20	4698505	4698517	3
chr20	4698517	4698525	4
chr20	4698525	4698533	2
chr20	4698533	4698559	3
chr20	4698559	4698573	4
chr20	4698573	4698582	3
chr20	4698582	4698593	4
chr20	4698593	4698608	3
chr20	4698608	4698609	4
chr20	4698609	4698635	3
chr20	4698635	4698658	2
chr20	4698658	4698674	1
chr20	4698674	4698684	2
chr20	4698684	4698742	1
chr20	4698742	4698750	2
chr20	4698750	4698800	1
chr20	4698800	4698816	3
chr20	4698816	4698817	4
chr20	4698817	4698818	5
chr20	4698818	4698833	4
chr20	4698833	4698874	5
chr20	4698874	4698892	3
chr20	4698892	4698909	1
chr20	4698909	4698960	0
chr20	4698960	4698987	1
chr20	4698987	4698999	2
chr20	4698999	4699029	3
chr20	4699029	4699035	4
chr20	4699035	4699063	3
chr20	4699063	4699070	2
chr20	4699070	4699075	3
chr20	4699075	4699084	2
chr20	4699084	4699104	4
chr20	4699104	4699105	5
chr20	4699105	4699146	4
chr20	4699146	4699153	3
chr20	4699153	4699159	4
chr20	4699159	4699160	5
chr20	4699160	4699162	3
chr20	4699162	4699180	4
chr20	4699180	4699205	3
chr20	4699205	4699210	4
chr20	4699210	4699212	251
chr20	4699212	4699213	250
chr20	4699213	4699214	254
chr20	4699214	4699215	252
chr20	4699215	4699216	256
chr20	4699216	4699217	254
chr20	4699217	4699218	257
chr20	4699218	4699219	254
chr20	4699219	4699220	255
chr20	4699220	4699221	253
chr20	4699221	4699222	254
chr20	4699222	4699223	262
chr20	4699223	4699224	257
chr20	4699224	4699225	262
chr20	4699225	4699226	263
chr20	4699226	4699227	261
chr20	4699227	4699229	258
chr20	4699229	4699230	261
chr20	4699230	4699232	265
chr20	4699232	4699234	267
chr20	4699234	4699235	270
chr20	4699235	4699236	269
chr20	4699236	4699237	275
chr20	4699237	4699238	271
chr20	4699238	4699239	268
chr20	4699239	4699240	266
chr20	4699240	4699241	267
chr20	4699241	4699242	258
chr20	4699242	4699243	260
chr20	4699243	4699244	255
chr20	4699244	4699245	263
chr20	4699245	4699246	254
chr20	4699246	4699247	259
chr20	4699247	4699248	268
chr20	4699248	4699249	262
chr20	4699249	4699250	237
chr20	4699250	4699251	238
chr20	4699251	4699252	234
chr20	4699252	4699253	222
chr20	4699253	4699254	219
chr20	4699254	4699255	215
chr20	4699255	4699256	207
chr20	4699256	4699257	203
chr20	4699257	4699258	196
chr20	4699258	4699259	194
chr20	4699259	4699260	192
chr20	4699260	4699261	193
chr20	4699261	4699263	196
chr20	4699263	4699264	204
chr20	4699264	4699265	203
chr20	4699265	4699266	206
chr20	4699266	4699267	202
chr20	4699267	4699268	203
chr20	4699268	4699269	204
chr20	4699269	4699270	207
chr20	4699270	4699271	206
chr20	4699271	4699272	202
chr20	4699272	4699273	201
chr20	4699273	4699274	204
chr20	4699274	4699275	208
chr20	4699275	4699276	207
chr20	4699276	4699277	206
chr20	4699277	4699278	207
chr20	4699278	4699279	206
chr20	4699279	4699280	205
chr20	4699280	4699281	204
chr20	4699281	4699283	197
chr20	4699283	4699284	198
chr20	4699284	4699285	197
chr20	4699285	4699286	199
chr20	4699286	4699287	198
chr20	4699287	4699288	197
chr20	4699288	4699290	202
chr20	4699290	4699291	203
chr20	4699291	4699293	206
chr20	4699293	4699294	201
chr20	4699294	4699295	204
chr20	4699295	4699296	207
chr20	4699296	4699298	208
chr20	4699298	4699299	204
chr20	4699299	4699300	203
chr20	4699300	4699301	202
chr20	4699301	4699302	210
chr20	4699302	4699303	213
chr20	4699303	4699304	211
chr20	4699304	4699305	219
chr20	4699305	4699306	214
chr20	4699306	4699307	213
chr20	4699307	4699308	216
chr20	4699308	4699309	215
chr20	4699309	4699310	216
chr20	4699310	4699311	213
chr20	4699311	4699312	224
chr20	4699312	4699313	220
chr20	4699313	4699314	218
#bedGraph section chr20:4699314-4700416
chr20	4699314	4699315	219
chr20	4699315	4699317	225
chr20	4699317	4699318	229
chr20	4699318	4699319	228
chr20	4699319	4699320	230
chr20	4699320	4699321	218
chr20	4699321	4699322	215
chr20	4699322	4699323	208
chr20	4699323	4699324	194
chr20	4699324	4699325	193
chr20	4699325	4699326	190
chr20	4699326	4699327	187
chr20	4699327	4699328	188
chr20	4699328	4699329	197
chr20	4699329	4699331	194
chr20	4699331	4699332	195
chr20	4699332	4699333	194
chr20	4699333	4699334	197
chr20	4699334	4699335	201
chr20	4699335	4699336	206
chr20	4699336	4699337	207
chr20	4699337	4699338	208
chr20	4699338	4699339	204
chr20	4699339	4699340	200
chr20	4699340	4699341	199
chr20	4699341	4699342	202
chr20	4699342	4699343	209
chr20	4699343	4699344	208
chr20	4699344	4699348	205
chr20	4699348	4699349	204
chr20	4699349	4699350	201
chr20	4699350	4699351	196
chr20	4699351	4699352	194
chr20	4699352	4699353	195
chr20	4699353	4699354	191
chr20	4699354	4699355	189
chr20	4699355	4699356	190
chr20	4699356	4699357	191
chr20	4699357	4699358	194
chr20	4699358	4699360	199
chr20	4699360	4699361	207
chr20	4699361	4699363	200
chr20	4699363	4699364	204
chr20	4699364	4699365	198
chr20	4699365	4699366	195
chr20	4699366	4699367	194
chr20	4699367	4699369	191
chr20	4699369	4699370	192
chr20	4699370	4699372	190
chr20	4699372	4699373	189
chr20	4699373	4699374	191
chr20	4699374	4699375	187
chr20	4699375	4699376	188
chr20	4699376	4699377	181
chr20	4699377	4699378	179
chr20	4699378	4699380	176
chr20	4699380	4699381	169
chr20	4699381	4699382	166
chr20	4699382	4699383	164
chr20	4699383	4699384	166
chr20	4699384	4699385	163
chr20	4699385	4699386	164
chr20	4699386	4699387	169
chr20	4699387	4699390	168
chr20	4699390	4699391	167
chr20	4699391	4699392	163
chr20	4699392	4699393	160
chr20	4699393	4699394	156
chr20	4699394	4699396	152
chr20	4699396	4699397	156
chr20	4699397	4699398	159
chr20	4699398	4699399	164
chr20	4699399	4699402	163
chr20	4699402	4699403	162
chr20	4699403	4699404	161
chr20	4699404	4699405	154
chr20	4699405	4699407	152
chr20	4699407	4699408	150
chr20	4699408	4699410	146
chr20	4699410	4699411	142
chr20	4699411	4699413	147
chr20	4699413	4699414	141
chr20	4699414	4699416	138
chr20	4699416	4699417	136
chr20	4699417	4699418	133
chr20	4699418	4699420	128
chr20	4699420	4699421	127
chr20	4699421	4699422	123
chr20	4699422	4699423	131
chr20	4699423	4699424	134
chr20	4699424	4699426	136
chr20	4699426	4699427	137
chr20	4699427	4699428	140
chr20	4699428	4699430	139
chr20	4699430	4699431	141
chr20	4699431	4699432	143
chr20	4699432	4699433	137
chr20	4699433	4699434	135
chr20	4699434	4699435	138
chr20	4699435	4699436	148
chr20	4699436	4699437	139
chr20	4699437	4699438	138
chr20	4699438	4699440	141
chr20	4699440	4699442	139
chr20	4699442	4699444	137
chr20	4699444	4699445	141
chr20	4699445	4699446	140
chr20	4699446	4699447	143
chr20	4699447	4699448	140
chr20	4699448	4699450	144
chr20	4699450	4699451	146
chr20	4699451	4699452	149
chr20	4699452	4699453	163
chr20	4699453	4699455	161
chr20	4699455	4699456	162
chr20	4699456	4699457	163
chr20	4699457	4699458	168
chr20	4699458	4699459	169
chr20	4699459	4699460	187
chr20	4699460	4699462	192
chr20	4699462	4699463	200
chr20	4699463	4699464	201
chr20	4699464	4699465	205
chr20	4699465	4699466	206
chr20	4699466	4699467	209
chr20	4699467	4699468	208
chr20	4699468	4699470	214
chr20	4699470	4699471	215
chr20	4699471	4699472	214
chr20	4699472	4699473	213
chr20	4699473	4699474	214
chr20	4699474	4699475	209
chr20	4699475	4699476	210
chr20	4699476	4699478	213
chr20	4699478	4699479	216
chr20	4699479	4699480	219
chr20	4699480	4699481	218
chr20	4699481	4699482	222
chr20	4699482	4699483	228
chr20	4699483	4699484	243
chr20	4699484	4699485	250
chr20	4699485	4699486	249
chr20	4699486	4699487	251
chr20	4699487	4699488	249
chr20	4699488	4699489	253
chr20	4699489	4699490	255
chr20	4699490	4699491	264
chr20	4699491	4699492	271
chr20	4699492	4699493	274
chr20	4699493	4699494	286
chr20	4699494	4699495	282
chr20	4699495	4699496	280
chr20	4699496	4699497	287
chr20	4699497	4699498	295
chr20	4699498	4699499	291
chr20	4699499	4699500	295
chr20	4699500	4699501	293
chr20	4699501	4699503	303
chr20	4699503	4699504	340
chr20	4699504	4699505	349
chr20	4699505	4699506	362
chr20	4699506	4699507	360
chr20	4699507	4699508	361
chr20	4699508	4699509	363
chr20	4699509	4699510	362
chr20	4699510	4699511	356
chr20	4699511	4699512	352
chr20	4699512	4699513	357
chr20	4699513	4699514	363
chr20	4699514	4699515	368
chr20	4699515	4699516	375
chr20	4699516	4699517	378
chr20	4699517	4699518	379
chr20	4699518	4699519	378
chr20	4699519	4699520	383
chr20	4699520	4699522	382
chr20	4699522	4699523	406
chr20	4699523	4699525	410
chr20	4699525	4699526	419
chr20	4699526	4699528	418
chr20	4699528	4699529	403
chr20	4699529	4699530	404
chr20	4699530	4699531	403
chr20	4699531	4699532	405
chr20	4699532	4699533	442
chr20	4699533	4699534	488
chr20	4699534	4699535	489
chr20	4699535	4699536	479
chr20	4699536	4699537	477
chr20	4699537	4699538	475
chr20	4699538	4699539	461
chr20	4699539	4699540	459
chr20	4699540	4699541	454
chr20	4699541	4699542	455
chr20	4699542	4699543	453
chr20	4699543	4699544	457
chr20	4699544	4699545	455
chr20	4699545	4699546	459
chr20	4699546	4699547	460
chr20	4699547	4699549	464
chr20	4699549	4699550	469
chr20	4699550	4699551	481
chr20	4699551	4699552	483
chr20	4699552	4699553	491
chr20	4699553	4699554	490
chr20	4699554	4699555	489
chr20	4699555	4699556	496
chr20	4699556	4699557	500
chr20	4699557	4699558	501
chr20	4699558	4699559	502
chr20	4699559	4699560	492
chr20	4699560	4699561	488
chr20	4699561	4699563	487
chr20	4699563	4699564	483
chr20	4699564	4699566	478
chr20	4699566	4699567	469
chr20	4699567	4699568	465
chr20	4699568	4699569	466
chr20	4699569	4699570	472
chr20	4699570	4699571	476
chr20	4699571	4699572	479
chr20	4699572	4699573	489
chr20	4699573	4699574	477
chr20	4699574	4699577	481
chr20	4699577	4699578	472
chr20	4699578	4699579	474
chr20	4699579	4699580	436
chr20	4699580	4699581	429
chr20	4699581	4699582	418
chr20	4699582	4699583	441
chr20	4699583	4699584	451
chr20	4699584	4699585	452
chr20	4699585	4699586	466
chr20	4699586	4699587	468
chr20	4699587	4699588	480
chr20	4699588	4699589	481
chr20	4699589	4699590	477
chr20	4699590	4699591	487
chr20	4699591	4699592	479
chr20	4699592	4699593	493
chr20	4699593	4699594	494
chr20	4699594	4699595	493
chr20	4699595	4699597	492
chr20	4699597	4699598	504
chr20	4699598	4699599	489
chr20	4699599	4699600	482
chr20	4699600	4699601	483
chr20	4699601	4699602	475
chr20	4699602	4699603	474
chr20	4699603	4699604	476
chr20	4699604	4699605	475
chr20	4699605	4699606	478
chr20	4699606	4699607	483
chr20	4699607	4699608	510
chr20	4699608	4699609	477
chr20	4699609	4699610	438
chr20	4699610	4699611	440
chr20	4699611	4699612	432
chr20	4699612	4699613	430
chr20	4699613	4699614	434
chr20	4699614	4699615	437
chr20	4699615	4699616	434
chr20	4699616	4699617	455
chr20	4699617	4699618	470
chr20	4699618	4699619	479
chr20	4699619	4699620	477
chr20	4699620	4699621	488
chr20	4699621	4699622	495
chr20	4699622	4699623	500
chr20	4699623	4699624	498
chr20	4699624	4699625	497
chr20	4699625	4699626	489
chr20	4699626	4699627	484
chr20	4699627	4699628	487
chr20	4699628	4699629	480
chr20	4699629	4699630	482
chr20	4699630	4699632	486
chr20	4699632	4699633	481
chr20	4699633	4699634	486
chr20	4699634	4699635	482
chr20	4699635	4699636	502
chr20	4699636	4699637	503
chr20	4699637	4699638	520
chr20	4699638	4699639	530
chr20	4699639	4699640	534
chr20	4699640	4699641	541
chr20	4699641	4699642	544
chr20	4699642	4699643	556
chr20	4699643	4699644	560
chr20	4699644	4699645	553
chr20	4699645	4699646	536
chr20	4699646	4699647	542
chr20	4699647	4699648	544
chr20	4699648	4699649	541
chr20	4699649	4699650	540
chr20	4699650	4699651	536
chr20	4699651	4699652	543
chr20	4699652	4699653	554
chr20	4699653	4699654	562
chr20	4699654	4699655	575
chr20	4699655	4699656	596
chr20	4699656	4699657	612
chr20	4699657	4699658	619
chr20	4699658	4699659	612
chr20	4699659	4699660	608
chr20	4699660	4699661	618
chr20	4699661	4699662	634
chr20	4699662	4699663	649
chr20	4699663	4699664	641
chr20	4699664	4699665	638
chr20	4699665	4699666	634
chr20	4699666	4699667	621
chr20	4699667	4699668	620
chr20	4699668	4699669	608
chr20	4699669	4699670	605
chr20	4699670	4699671	616
chr20	4699671	4699672	636
chr20	4699672	4699673	660
chr20	4699673	4699674	659
chr20	4699674	4699675	671
chr20	4699675	4699676	679
chr20	4699676	4699678	687
chr20	4699678	4699679	691
chr20	4699679	4699680	688
chr20	4699680	4699681	691
chr20	4699681	4699682	692
chr20	4699682	4699683	707
chr20	4699683	4699684	678
chr20	4699684	4699685	677
chr20	4699685	4699686	691
chr20	4699686	4699687	690
chr20	4699687	4699688	689
chr20	4699688	4699689	688
chr20	4699689	4699690	685
chr20	4699690	4699691	702
chr20	4699691	4699692	708
chr20	4699692	4699693	699
chr20	4699693	4699694	687
chr20	4699694	4699695	688
chr20	4699695	4699696	700
chr20	4699696	4699697	687
chr20	4699697	4699698	688
chr20	4699698	4699699	681
chr20	4699699	4699700	693
chr20	4699700	4699701	721
chr20	4699701	4699702	723
chr20	4699702	4699703	730
chr20	4699703	4699704	723
chr20	4699704	4699705	724
chr20	4699705	4699706	737
chr20	4699706	4699707	734
chr20	4699707	4699708	732
chr20	4699708	4699709	748
chr20	4699709	4699710	755
chr20	4699710	4699711	760
chr20	4699711	4699712	738
chr20	4699712	4699713	741
chr20	4699713	4699714	735
chr20	4699714	4699715	726
chr20	4699715	4699716	721
chr20	4699716	4699717	717
chr20	4699717	4699718	721
chr20	4699718	4699719	720
chr20	4699719	4699720	729
chr20	4699720	4699721	730
chr20	4699721	4699722	736
chr20	4699722	4699723	731
chr20	4699723	4699724	725
chr20	4699724	4699725	716
chr20	4699725	4699726	718
chr20	4699726	4699727	775
chr20	4699727	4699728	776
chr20	4699728	4699729	773
chr20	4699729	4699730	779
chr20	4699730	4699731	781
chr20	4699731	4699732	774
chr20	4699732	4699733	786
chr20	4699733	4699734	790
chr20	4699734	4699735	774
chr20	4699735	4699736	781
chr20	4699736	4699737	770
chr20	4699737	4699738	748
chr20	4699738	4699739	752
chr20	4699739	4699740	746
chr20	4699740	4699741	760
chr20	4699741	4699742	772
chr20	4699742	4699743	776
chr20	4699743	4699744	780
chr20	4699744	4699745	787
chr20	4699745	4699746	798
chr20	4699746	4699747	800
chr20	4699747	4699748	782
chr20	4699748	4699749	753
chr20	4699749	4699750	748
chr20	4699750	4699751	751
chr20	4699751	4699752	779
chr20	4699752	4699754	765
chr20	4699754	4699755	759
chr20	4699755	4699756	758
chr20	4699756	4699757	785
chr20	4699757	4699758	806
chr20	4699758	4699759	791
chr20	4699759	4699760	795
chr20	4699760	4699761	792
chr20	4699761	4699762	787
chr20	4699762	4699763	797
chr20	4699763	4699764	807
chr20	4699764	4699765	813
chr20	4699765	4699766	846
chr20	4699766	4699767	831
chr20	4699767	4699768	835
chr20	4699768	4699769	834
chr20	4699769	4699770	843
chr20	4699770	4699771	837
chr20	4699771	4699772	824
chr20	4699772	4699773	836
chr20	4699773	4699774	827
chr20	4699774	4699775	829
chr20	4699775	4699776	827
chr20	4699776	4699777	798
chr20	4699777	4699778	821
chr20	4699778	4699779	829
chr20	4699779	4699780	840
chr20	4699780	4699781	851
chr20	4699781	4699782	843
chr20	4699782	4699783	844
chr20	4699783	4699784	848
chr20	4699784	4699785	844
chr20	4699785	4699786	830
chr20	4699786	4699787	825
chr20	4699787	4699788	830
chr20	4699788	4699789	840
chr20	4699789	4699790	837
chr20	4699790	4699791	834
chr20	4699791	4699792	854
chr20	4699792	4699793	852
chr20	4699793	4699794	866
chr20	4699794	4699795	861
chr20	4699795	4699796	860
chr20	4699796	4699797	858
chr20	4699797	4699798	854
chr20	4699798	4699799	848
chr20	4699799	4699800	846
chr20	4699800	4699801	845
chr20	4699801	4699802	852
chr20	4699802	4699804	797
chr20	4699804	4699805	801
chr20	4699805	4699806	803
chr20	4699806	4699807	791
chr20	4699807	4699808	781
chr20	4699808	4699809	754
chr20	4699809	4699810	747
chr20	4699810	4699811	755
chr20	4699811	4699812	752
chr20	4699812	4699813	761
chr20	4699813	4699814	860
chr20	4699814	4699815	858
chr20	4699815	4699816	904
chr20	4699816	4699817	897
chr20	4699817	4699818	889
chr20	4699818	4699819	888
chr20	4699819	4699820	891
chr20	4699820	4699821	879
chr20	4699821	4699822	873
chr20	4699822	4699823	870
chr20	4699823	4699824	872
chr20	4699824	4699825	877
chr20	4699825	4699826	896
chr20	4699826	4699827	889
chr20	4699827	4699828	873
chr20	4699828	4699829	875
chr20	4699829	4699830	879
chr20	4699830	4699831	893
chr20	4699831	4699832	894
chr20	4699832	4699833	863
chr20	4699833	4699834	852
chr20	4699834	4699835	849
chr20	4699835	4699836	846
chr20	4699836	4699837	858
chr20	4699837	4699838	851
chr20	4699838	4699839	844
chr20	4699839	4699841	836
chr20	4699841	4699842	820
chr20	4699842	4699843	832
chr20	4699843	4699844	823
chr20	4699844	4699845	814
chr20	4699845	4699847	803
chr20	4699847	4699848	804
chr20	4699848	4699849	792
chr20	4699849	4699850	795
chr20	4699850	4699851	798
chr20	4699851	4699852	799
chr20	4699852	4699853	803
chr20	4699853	4699854	817
chr20	4699854	4699856	792
chr20	4699856	4699858	784
chr20	4699858	4699859	780
chr20	4699859	4699860	771
chr20	4699860	4699861	762
chr20	4699861	4699862	763
chr20	4699862	4699863	776
chr20	4699863	4699864	765
chr20	4699864	4699865	759
chr20	4699865	4699866	752
chr20	4699866	4699867	756
chr20	4699867	4699868	737
chr20	4699868	4699869	733
chr20	4699869	4699870	709
chr20	4699870	4699871	707
chr20	4699871	4699872	701
chr20	4699872	4699873	707
chr20	4699873	4699874	717
chr20	4699874	4699875	714
chr20	4699875	4699877	712
chr20	4699877	4699878	706
chr20	4699878	4699879	739
chr20	4699879	4699880	746
chr20	4699880	4699881	747
chr20	4699881	4699882	727
chr20	4699882	4699883	725
chr20	4699883	4699884	726
chr20	4699884	4699885	743
chr20	4699885	4699886	739
chr20	4699886	4699887	737
chr20	4699887	4699888	727
chr20	4699888	4699889	713
chr20	4699889	4699890	603
chr20	4699890	4699891	589
chr20	4699891	4699892	544
chr20	4699892	4699893	541
chr20	4699893	4699894	544
chr20	4699894	4699895	546
chr20	4699895	4699896	543
chr20	4699896	4699898	547
chr20	4699898	4699899	539
chr20	4699899	4699900	538
chr20	4699900	4699901	522
chr20	4699901	4699902	527
chr20	4699902	4699903	517
chr20	4699903	4699904	511
chr20	4699904	4699905	519
chr20	4699905	4699907	525
chr20	4699907	4699908	527
chr20	4699908	4699909	558
chr20	4699909	4699910	555
chr20	4699910	4699911	550
chr20	4699911	4699912	562
chr20	4699912	4699913	553
chr20	4699913	4699914	544
chr20	4699914	4699915	542
chr20	4699915	4699916	546
chr20	4699916	4699917	557
chr20	4699917	4699918	543
chr20	4699918	4699919	549
chr20	4699919	4699920	557
chr20	4699920	4699921	559
chr20	4699921	4699922	565
chr20	4699922	4699923	571
chr20	4699923	4699924	572
chr20	4699924	4699926	584
chr20	4699926	4699927	585
chr20	4699927	4699928	597
chr20	4699928	4699929	593
chr20	4699929	4699930	557
chr20	4699930	4699931	556
chr20	4699931	4699933	552
chr20	4699933	4699934	543
chr20	4699934	4699935	542
chr20	4699935	4699937	552
chr20	4699937	4699938	557
chr20	4699938	4699940	547
chr20	4699940	4699941	539
chr20	4699941	4699942	538
chr20	4699942	4699943	534
chr20	4699943	4699944	549
chr20	4699944	4699945	579
chr20	4699945	4699946	591
chr20	4699946	4699947	644
chr20	4699947	4699949	642
chr20	4699949	4699950	646
chr20	4699950	4699951	656
chr20	4699951	4699952	675
chr20	4699952	4699953	676
chr20	4699953	4699954	684
chr20	4699954	4699955	654
chr20	4699955	4699956	639
chr20	4699956	4699957	635
chr20	4699957	4699958	641
chr20	4699958	4699959	642
chr20	4699959	4699960	637
chr20	4699960	4699961	635
chr20	4699961	4699962	634
chr20	4699962	4699963	635
chr20	4699963	4699964	649
chr20	4699964	4699965	648
chr20	4699965	4699966	644
chr20	4699966	4699967	645
chr20	4699967	4699970	650
chr20	4699970	4699971	651
chr20	4699971	4699972	654
chr20	4699972	4699973	651
chr20	4699973	4699974	657
chr20	4699974	4699975	654
chr20	4699975	4699976	661
chr20	4699976	4699977	685
chr20	4699977	4699978	658
chr20	4699978	4699981	655
chr20	4699981	4699982	646
chr20	4699982	4699983	683
chr20	4699983	4699984	687
chr20	4699984	4699985	663
chr20	4699985	4699986	672
chr20	4699986	4699987	680
chr20	4699987	4699988	670
chr20	4699988	4699989	667
chr20	4699989	4699990	672
chr20	4699990	4699991	697
chr20	4699991	4699992	705
chr20	4699992	4699993	698
chr20	4699993	4699994	704
chr20	4699994	4699995	682
chr20	4699995	4699996	677
chr20	4699996	4699997	669
chr20	4699997	4699998	661
chr20	4699998	4699999	657
chr20	4699999	4700000	658
chr20	4700000	4700001	645
chr20	4700001	4700002	641
chr20	4700002	4700003	631
chr20	4700003	4700005	609
chr20	4700005	4700006	612
chr20	4700006	4700007	620
chr20	4700007	4700008	629
chr20	4700008	4700009	638
chr20	4700009	4700010	642
chr20	4700010	4700011	645
chr20	4700011	4700012	636
chr20	4700012	4700013	635
chr20	4700013	4700014	634
chr20	4700014	4700015	638
chr20	4700015	4700016	663
chr20	4700016	4700018	670
chr20	4700018	4700019	672
chr20	4700019	4700020	661
chr20	4700020	4700021	629
chr20	4700021	4700022	624
chr20	4700022	4700023	600
chr20	4700023	4700024	595
chr20	4700024	4700025	599
chr20	4700025	4700026	589
chr20	4700026	4700027	572
chr20	4700027	4700028	563
chr20	4700028	4700029	569
chr20	4700029	4700030	555
chr20	4700030	4700031	559
chr20	4700031	4700032	561
chr20	4700032	4700033	556
chr20	4700033	4700034	555
chr20	4700034	4700035	556
chr20	4700035	4700036	586
chr20	4700036	4700037	579
chr20	4700037	4700038	593
chr20	4700038	4700039	588
chr20	4700039	4700040	579
chr20	4700040	4700041	581
chr20	4700041	4700042	589
chr20	4700042	4700043	600
chr20	4700043	4700044	609
chr20	4700044	4700045	607
chr20	4700045	4700048	625
chr20	4700048	4700049	628
chr20	4700049	4700050	627
chr20	4700050	4700051	633
chr20	4700051	4700052	645
chr20	4700052	4700053	627
chr20	4700053	4700054	630
chr20	4700054	4700055	666
chr20	4700055	4700056	675
chr20	4700056	4700057	692
chr20	4700057	4700058	695
chr20	4700058	4700059	649
chr20	4700059	4700060	640
chr20	4700060	4700061	639
chr20	4700061	4700063	632
chr20	4700063	4700064	643
chr20	4700064	4700065	644
chr20	4700065	4700066	656
chr20	4700066	4700067	637
chr20	4700067	4700068	622
chr20	4700068	4700069	640
chr20	4700069	4700070	652
chr20	4700070	4700071	692
chr20	4700071	4700072	699
chr20	4700072	4700073	704
chr20	4700073	4700074	710
chr20	4700074	4700075	721
chr20	4700075	4700076	719
chr20	4700076	4700077	746
chr20	4700077	4700079	749
chr20	4700079	4700080	750
chr20	4700080	4700081	749
chr20	4700081	4700082	748
chr20	4700082	4700083	745
chr20	4700083	4700084	737
chr20	4700084	4700085	725
chr20	4700085	4700086	728
chr20	4700086	4700087	732
chr20	4700087	4700088	736
chr20	4700088	4700089	749
chr20	4700089	4700090	747
chr20	4700090	4700091	742
chr20	4700091	4700092	727
chr20	4700092	4700093	723
chr20	4700093	4700094	787
chr20	4700094	4700095	795
chr20	4700095	4700096	812
chr20	4700096	4700097	841
chr20	4700097	4700098	835
chr20	4700098	4700099	823
chr20	4700099	4700100	821
chr20	4700100	4700101	819
chr20	4700101	4700102	829
chr20	4700102	4700103	831
chr20	4700103	4700104	854
chr20	4700104	4700105	842
chr20	4700105	4700106	862
chr20	4700106	4700107	863
chr20	4700107	4700108	856
chr20	4700108	4700110	878
chr20	4700110	4700111	873
chr20	4700111	4700112	844
chr20	4700112	4700113	839
chr20	4700113	4700114	828
chr20	4700114	4700115	834
chr20	4700115	4700116	839
chr20	4700116	4700117	829
chr20	4700117	4700118	818
chr20	4700118	4700119	811
chr20	4700119	4700120	807
chr20	4700120	4700121	810
chr20	4700121	4700122	786
chr20	4700122	4700123	812
chr20	4700123	4700125	809
chr20	4700125	4700126	806
chr20	4700126	4700127	796
chr20	4700127	4700128	803
chr20	4700128	4700129	805
chr20	4700129	4700130	799
chr20	4700130	4700131	763
chr20	4700131	4700132	734
chr20	4700132	4700133	724
chr20	4700133	4700134	739
chr20	4700134	4700135	772
chr20	4700135	4700136	841
chr20	4700136	4700137	860
chr20	4700137	4700138	864
chr20	4700138	4700139	863
chr20	4700139	4700140	859
chr20	4700140	4700141	863
chr20	4700141	4700142	850
chr20	4700142	4700143	853
chr20	4700143	4700144	846
chr20	4700144	4700145	819
chr20	4700145	4700146	796
chr20	4700146	4700147	801
chr20	4700147	4700148	794
chr20	4700148	4700149	790
chr20	4700149	4700152	783
chr20	4700152	4700153	791
chr20	4700153	4700154	788
chr20	4700154	4700156	799
chr20	4700156	4700157	814
chr20	4700157	4700158	820
chr20	4700158	4700159	822
chr20	4700159	4700160	831
chr20	4700160	4700161	842
chr20	4700161	4700162	833
chr20	4700162	4700163	836
chr20	4700163	4700164	833
chr20	4700164	4700165	815
chr20	4700165	4700166	819
chr20	4700166	4700167	820
chr20	4700167	4700168	811
chr20	4700168	4700169	810
chr20	4700169	4700170	759
chr20	4700170	4700171	750
chr20	4700171	4700172	731
chr20	4700172	4700173	697
chr20	4700173	4700174	730
chr20	4700174	4700175	722
chr20	4700175	4700176	723
chr20	4700176	4700177	722
chr20	4700177	4700178	714
chr20	4700178	4700179	734
chr20	4700179	4700180	733
chr20	4700180	4700181	737
chr20	4700181	4700182	717
chr20	4700182	4700183	714
chr20	4700183	4700184	736
chr20	4700184	4700185	713
chr20	4700185	4700186	718
chr20	4700186	4700187	724
chr20	4700187	4700188	728
chr20	4700188	4700190	739
chr20	4700190	4700191	730
chr20	4700191	4700192	729
chr20	4700192	4700193	728
chr20	4700193	4700194	729
chr20	4700194	4700195	743
chr20	4700195	4700196	745
chr20	4700196	4700197	747
chr20	4700197	4700198	748
chr20	4700198	4700199	720
chr20	4700199	4700200	726
chr20	4700200	4700201	735
chr20	4700201	4700202	745
chr20	4700202	4700203	750
chr20	4700203	4700204	729
chr20	4700204	4700205	725
chr20	4700205	4700206	740
chr20	4700206	4700207	753
chr20	4700207	4700208	760
chr20	4700208	4700209	771
chr20	4700209	4700210	759
chr20	4700210	4700211	783
chr20	4700211	4700212	727
chr20	4700212	4700213	709
chr20	4700213	4700214	699
chr20	4700214	4700215	691
chr20	4700215	4700217	709
chr20	4700217	4700218	716
chr20	4700218	4700219	721
chr20	4700219	4700220	729
chr20	4700220	4700221	735
chr20	4700221	4700222	750
chr20	4700222	4700223	717
chr20	4700223	4700224	736
chr20	4700224	4700225	739
chr20	4700225	4700226	740
chr20	4700226	4700227	754
chr20	4700227	4700228	772
chr20	4700228	4700229	753
chr20	4700229	4700230	755
chr20	4700230	4700231	766
chr20	4700231	4700232	758
chr20	4700232	4700233	743
chr20	4700233	4700234	735
chr20	4700234	4700235	737
chr20	4700235	4700236	730
chr20	4700236	4700237	722
chr20	4700237	4700238	726
chr20	4700238	4700239	723
chr20	4700239	4700241	724
chr20	4700241	4700242	722
chr20	4700242	4700243	738
chr20	4700243	4700244	751
chr20	4700244	4700245	753
chr20	4700245	4700246	743
chr20	4700246	4700247	753
chr20	4700247	4700248	751
chr20	4700248	4700249	775
chr20	4700249	4700250	758
chr20	4700250	4700251	760
chr20	4700251	4700252	767
chr20	4700252	4700253	778
chr20	4700253	4700254	782
chr20	4700254	4700255	772
chr20	4700255	4700256	755
chr20	4700256	4700257	751
chr20	4700257	4700258	753
chr20	4700258	4700259	759
chr20	4700259	4700260	744
chr20	4700260	4700261	756
chr20	4700261	4700262	753
chr20	4700262	4700263	760
chr20	4700263	4700264	752
chr20	4700264	4700265	741
chr20	4700265	4700266	742
chr20	4700266	4700267	740
chr20	4700267	4700268	734
chr20	4700268	4700269	735
chr20	4700269	4700270	734
chr20	4700270	4700271	732
chr20	4700271	4700272	722
chr20	4700272	4700273	720
chr20	4700273	4700274	729
chr20	4700274	4700275	736
chr20	4700275	4700276	733
chr20	4700276	4700277	730
chr20	4700277	4700278	714
chr20	4700278	4700279	711
chr20	4700279	4700281	724
chr20	4700281	4700282	708
chr20	4700282	4700283	699
chr20	4700283	4700284	692
chr20	4700284	4700285	703
chr20	4700285	4700286	697
chr20	4700286	4700287	684
chr20	4700287	4700288	673
chr20	4700288	4700289	676
chr20	4700289	4700290	682
chr20	4700290	4700291	716
chr20	4700291	4700292	700
chr20	4700292	4700293	713
chr20	4700293	4700294	716
chr20	4700294	4700295	720
chr20	4700295	4700296	721
chr20	4700296	4700297	724
chr20	4700297	4700298	729
chr20	4700298	4700299	748
chr20	4700299	4700300	738
chr20	4700300	4700301	741
chr20	4700301	4700302	740
chr20	4700302	4700303	717
chr20	4700303	4700304	699
chr20	4700304	4700305	692
chr20	4700305	4700306	695
chr20	4700306	4700308	700
chr20	4700308	4700309	725
chr20	4700309	4700310	729
chr20	4700310	4700311	758
chr20	4700311	4700312	763
chr20	4700312	4700313	782
chr20	4700313	4700314	780
chr20	4700314	4700315	777
chr20	4700315	4700316	786
chr20	4700316	4700317	792
chr20	4700317	4700318	825
chr20	4700318	4700319	804
chr20	4700319	4700320	790
chr20	4700320	4700321	787
chr20	4700321	4700322	790
chr20	4700322	4700323	802
chr20	4700323	4700324	808
chr20	4700324	4700325	788
chr20	4700325	4700326	789
chr20	4700326	4700327	788
chr20	4700327	4700328	787
chr20	4700328	4700329	784
chr20	4700329	4700330	780
chr20	4700330	4700331	790
chr20	4700331	4700332	815
chr20	4700332	4700333	830
chr20	4700333	4700334	844
chr20	4700334	4700335	840
chr20	4700335	4700336	831
chr20	4700336	4700337	818
chr20	4700337	4700338	821
chr20	4700338	4700340	807
chr20	4700340	4700341	806
chr20	4700341	4700342	802
chr20	4700342	4700343	800
chr20	4700343	4700344	803
chr20	4700344	4700345	807
chr20	4700345	4700346	808
chr20	4700346	4700347	802
chr20	4700347	4700348	794
chr20	4700348	4700349	792
chr20	4700349	4700350	787
chr20	4700350	4700351	777
chr20	4700351	4700352	796
chr20	4700352	4700353	801
chr20	4700353	4700354	809
chr20	4700354	4700355	839
chr20	4700355	4700356	846
chr20	4700356	4700357	881
chr20	4700357	4700358	882
chr20	4700358	4700359	880
chr20	4700359	4700360	881
chr20	4700360	4700361	848
chr20	4700361	4700362	847
chr20	4700362	4700363	808
chr20	4700363	4700364	807
chr20	4700364	4700366	821
chr20	4700366	4700367	836
chr20	4700367	4700368	830
chr20	4700368	4700369	811
chr20	4700369	4700370	812
chr20	4700370	4700371	819
chr20	4700371	4700372	823
chr20	4700372	4700373	816
chr20	4700373	4700374	769
chr20	4700374	4700375	764
chr20	4700375	4700376	769
chr20	4700376	4700377	771
chr20	4700377	4700378	776
chr20	4700378	4700379	774
chr20	4700379	4700380	782
chr20	4700380	4700381	785
chr20	4700381	4700382	794
chr20	4700382	4700383	812
chr20	4700383	4700384	825
chr20	4700384	4700385	823
chr20	4700385	4700386	832
chr20	4700386	4700387	831
chr20	4700387	4700388	878
chr20	4700388	4700389	876
chr20	4700389	4700390	878
chr20	4700390	4700391	882
chr20	4700391	4700392	868
chr20	4700392	4700393	862
chr20	4700393	4700394	831
chr20	4700394	4700395	841
chr20	4700395	4700396	843
chr20	4700396	4700397	837
chr20	4700397	4700398	843
chr20	4700398	4700399	832
chr20	4700399	4700400	824
chr20	4700400	4700401	821
chr20	4700401	4700402	801
chr20	4700402	4700403	798
chr20	4700403	4700404	783
chr20	4700404	4700405	781
chr20	4700405	4700406	775
chr20	4700406	4700407	751
chr20	4700407	4700408	727
chr20	4700408	4700409	738
chr20	4700409	4700410	722
chr20	4700410	4700411	743
chr20	4700411	4700412	750
chr20	4700412	4700413	761
chr20	4700413	4700414	758
chr20	4700414	4700415	776
chr20	4700415	4700416	801
#bedGraph section chr20:4700416-4701484
chr20	4700416	4700417	803
chr20	4700417	4700418	804
chr20	4700418	4700419	805
chr20	4700419	4700420	802
chr20	4700420	4700421	807
chr20	4700421	4700422	814
chr20	4700422	4700423	815
chr20	4700423	4700424	822
chr20	4700424	4700425	823
chr20	4700425	4700426	812
chr20	4700426	4700427	814
chr20	4700427	4700428	792
chr20	4700428	4700429	827
chr20	4700429	4700430	820
chr20	4700430	4700431	779
chr20	4700431	4700432	782
chr20	4700432	4700433	759
chr20	4700433	4700434	755
chr20	4700434	4700435	757
chr20	4700435	4700436	791
chr20	4700436	4700437	820
chr20	4700437	4700438	835
chr20	4700438	4700439	845
chr20	4700439	4700440	848
chr20	4700440	4700441	840
chr20	4700441	4700442	853
chr20	4700442	4700443	814
chr20	4700443	4700444	831
chr20	4700444	4700445	824
chr20	4700445	4700446	814
chr20	4700446	4700447	810
chr20	4700447	4700448	803
chr20	4700448	4700449	806
chr20	4700449	4700450	812
chr20	4700450	4700451	827
chr20	4700451	4700452	818
chr20	4700452	4700453	825
chr20	4700453	4700454	829
chr20	4700454	4700455	840
chr20	4700455	4700456	839
chr20	4700456	4700457	833
chr20	4700457	4700458	818
chr20	4700458	4700459	791
chr20	4700459	4700460	807
chr20	4700460	4700461	793
chr20	4700461	4700462	773
chr20	4700462	4700463	749
chr20	4700463	4700464	707
chr20	4700464	4700465	701
chr20	4700465	4700467	702
chr20	4700467	4700468	712
chr20	4700468	4700469	719
chr20	4700469	4700470	771
chr20	4700470	4700471	773
chr20	4700471	4700472	772
chr20	4700472	4700473	779
chr20	4700473	4700474	773
chr20	4700474	4700475	765
chr20	4700475	4700476	779
chr20	4700476	4700477	778
chr20	4700477	4700478	789
chr20	4700478	4700479	788
chr20	4700479	4700480	789
chr20	4700480	4700481	797
chr20	4700481	4700482	802
chr20	4700482	4700483	865
chr20	4700483	4700484	884
chr20	4700484	4700485	867
chr20	4700485	4700486	870
chr20	4700486	4700487	850
chr20	4700487	4700488	844
chr20	4700488	4700489	848
chr20	4700489	4700490	845
chr20	4700490	4700491	828
chr20	4700491	4700492	808
chr20	4700492	4700493	807
chr20	4700493	4700494	808
chr20	4700494	4700495	855
chr20	4700495	4700496	854
chr20	4700496	4700497	846
chr20	4700497	4700498	836
chr20	4700498	4700499	834
chr20	4700499	4700500	841
chr20	4700500	4700501	847
chr20	4700501	4700502	886
chr20	4700502	4700504	890
chr20	4700504	4700505	851
chr20	4700505	4700506	846
chr20	4700506	4700507	842
chr20	4700507	4700508	833
chr20	4700508	4700509	831
chr20	4700509	4700510	857
chr20	4700510	4700511	875
chr20	4700511	4700512	847
chr20	4700512	4700513	826
chr20	4700513	4700514	822
chr20	4700514	4700515	842
chr20	4700515	4700516	837
chr20	4700516	4700517	838
chr20	4700517	4700518	821
chr20	4700518	4700519	836
chr20	4700519	4700520	827
chr20	4700520	4700521	860
chr20	4700521	4700522	853
chr20	4700522	4700523	847
chr20	4700523	4700524	856
chr20	4700524	4700525	847
chr20	4700525	4700526	855
chr20	4700526	4700527	837
chr20	4700527	4700528	846
chr20	4700528	4700529	835
chr20	4700529	4700530	842
chr20	4700530	4700531	837
chr20	4700531	4700532	835
chr20	4700532	4700533	853
chr20	4700533	4700534	847
chr20	4700534	4700535	871
chr20	4700535	4700536	843
chr20	4700536	4700537	834
chr20	4700537	4700538	830
chr20	4700538	4700539	825
chr20	4700539	4700540	839
chr20	4700540	4700541	834
chr20	4700541	4700542	830
chr20	4700542	4700543	827
chr20	4700543	4700544	826
chr20	4700544	4700545	823
chr20	4700545	4700546	783
chr20	4700546	4700547	790
chr20	4700547	4700549	817
chr20	4700549	4700550	821
chr20	4700550	4700551	825
chr20	4700551	4700552	812
chr20	4700552	4700553	808
chr20	4700553	4700554	815
chr20	4700554	4700555	814
chr20	4700555	4700556	816
chr20	4700556	4700557	819
chr20	4700557	4700558	814
chr20	4700558	4700559	759
chr20	4700559	4700560	735
chr20	4700560	4700561	737
chr20	4700561	4700562	733
chr20	4700562	4700563	751
chr20	4700563	4700564	787
chr20	4700564	4700565	802
chr20	4700565	4700567	815
chr20	4700567	4700568	818
chr20	4700568	4700569	831
chr20	4700569	4700570	853
chr20	4700570	4700572	819
chr20	4700572	4700573	818
chr20	4700573	4700574	817
chr20	4700574	4700575	820
chr20	4700575	4700576	808
chr20	4700576	4700577	801
chr20	4700577	4700578	762
chr20	4700578	4700579	760
chr20	4700579	4700580	758
chr20	4700580	4700581	771
chr20	4700581	4700582	781
chr20	4700582	4700583	792
chr20	4700583	4700584	790
chr20	4700584	4700585	789
chr20	4700585	4700586	781
chr20	4700586	4700587	774
chr20	4700587	4700588	791
chr20	4700588	4700589	802
chr20	4700589	4700590	788
chr20	4700590	4700591	767
chr20	4700591	4700592	774
chr20	4700592	4700593	778
chr20	4700593	4700594	801
chr20	4700594	4700595	792
chr20	4700595	4700596	787
chr20	4700596	4700597	762
chr20	4700597	4700598	756
chr20	4700598	4700599	778
chr20	4700599	4700600	771
chr20	4700600	4700601	766
chr20	4700601	4700602	765
chr20	4700602	4700603	773
chr20	4700603	4700604	765
chr20	4700604	4700605	771
chr20	4700605	4700606	754
chr20	4700606	4700607	743
chr20	4700607	4700608	740
chr20	4700608	4700609	729
chr20	4700609	4700610	777
chr20	4700610	4700611	742
chr20	4700611	4700612	764
chr20	4700612	4700613	777
chr20	4700613	4700614	785
chr20	4700614	4700615	801
chr20	4700615	4700616	811
chr20	4700616	4700617	844
chr20	4700617	4700618	880
chr20	4700618	4700619	920
chr20	4700619	4700620	943
chr20	4700620	4700621	956
chr20	4700621	4700622	945
chr20	4700622	4700623	943
chr20	4700623	4700624	914
chr20	4700624	4700625	907
chr20	4700625	4700626	904
chr20	4700626	4700627	902
chr20	4700627	4700628	918
chr20	4700628	4700629	919
chr20	4700629	4700630	907
chr20	4700630	4700631	902
chr20	4700631	4700632	906
chr20	4700632	4700633	900
chr20	4700633	4700634	892
chr20	4700634	4700635	890
chr20	4700635	4700636	898
chr20	4700636	4700637	906
chr20	4700637	4700638	929
chr20	4700638	4700639	914
chr20	4700639	4700640	908
chr20	4700640	4700641	890
chr20	4700641	4700643	885
chr20	4700643	4700644	881
chr20	4700644	4700645	877
chr20	4700645	4700646	855
chr20	4700646	4700647	852
chr20	4700647	4700648	874
chr20	4700648	4700649	875
chr20	4700649	4700650	878
chr20	4700650	4700651	879
chr20	4700651	4700652	906
chr20	4700652	4700653	916
chr20	4700653	4700654	917
chr20	4700654	4700656	915
chr20	4700656	4700658	904
chr20	4700658	4700659	888
chr20	4700659	4700660	890
chr20	4700660	4700661	881
chr20	4700661	4700662	861
chr20	4700662	4700663	866
chr20	4700663	4700664	853
chr20	4700664	4700665	839
chr20	4700665	4700666	832
chr20	4700666	4700668	820
chr20	4700668	4700669	810
chr20	4700669	4700670	796
chr20	4700670	4700671	778
chr20	4700671	4700672	784
chr20	4700672	4700673	782
chr20	4700673	4700674	791
chr20	4700674	4700675	771
chr20	4700675	4700676	770
chr20	4700676	4700677	771
chr20	4700677	4700678	768
chr20	4700678	4700679	773
chr20	4700679	4700680	796
chr20	4700680	4700681	803
chr20	4700681	4700682	821
chr20	4700682	4700684	869
chr20	4700684	4700685	864
chr20	4700685	4700686	829
chr20	4700686	4700687	830
chr20	4700687	4700688	806
chr20	4700688	4700689	801
chr20	4700689	4700690	812
chr20	4700690	4700691	795
chr20	4700691	4700692	781
chr20	4700692	4700693	751
chr20	4700693	4700694	718
chr20	4700694	4700695	662
chr20	4700695	4700696	657
chr20	4700696	4700697	653
chr20	4700697	4700698	692
chr20	4700698	4700699	686
chr20	4700699	4700700	692
chr20	4700700	4700701	694
chr20	4700701	4700702	698
chr20	4700702	4700703	696
chr20	4700703	4700704	702
chr20	4700704	4700706	703
chr20	4700706	4700707	708
chr20	4700707	4700708	701
chr20	4700708	4700709	714
chr20	4700709	4700710	719
chr20	4700710	4700711	711
chr20	4700711	4700712	710
chr20	4700712	4700713	719
chr20	4700713	4700714	732
chr20	4700714	4700715	728
chr20	4700715	4700716	691
chr20	4700716	4700717	682
chr20	4700717	4700718	703
chr20	4700718	4700719	710
chr20	4700719	4700720	720
chr20	4700720	4700721	712
chr20	4700721	4700722	718
chr20	4700722	4700723	711
chr20	4700723	4700724	694
chr20	4700724	4700725	754
chr20	4700725	4700726	752
chr20	4700726	4700727	743
chr20	4700727	4700728	741
chr20	4700728	4700729	780
chr20	4700729	4700730	813
chr20	4700730	4700731	828
chr20	4700731	4700732	840
chr20	4700732	4700733	875
chr20	4700733	4700734	884
chr20	4700734	4700735	889
chr20	4700735	4700736	891
chr20	4700736	4700737	901
chr20	4700737	4700738	903
chr20	4700738	4700739	895
chr20	4700739	4700741	903
chr20	4700741	4700742	912
chr20	4700742	4700743	917
chr20	4700743	4700745	919
chr20	4700745	4700746	908
chr20	4700746	4700747	911
chr20	4700747	4700748	905
chr20	4700748	4700750	902
chr20	4700750	4700752	944
chr20	4700752	4700754	948
chr20	4700754	4700755	950
chr20	4700755	4700756	930
chr20	4700756	4700757	915
chr20	4700757	4700758	901
chr20	4700758	4700759	858
chr20	4700759	4700760	859
chr20	4700760	4700761	858
chr20	4700761	4700762	867
chr20	4700762	4700763	869
chr20	4700763	4700764	870
chr20	4700764	4700765	864
chr20	4700765	4700766	850
chr20	4700766	4700767	847
chr20	4700767	4700768	838
chr20	4700768	4700769	852
chr20	4700769	4700770	858
chr20	4700770	4700771	863
chr20	4700771	4700772	854
chr20	4700772	4700773	845
chr20	4700773	4700774	805
chr20	4700774	4700775	808
chr20	4700775	4700776	809
chr20	4700776	4700777	812
chr20	4700777	4700778	838
chr20	4700778	4700779	839
chr20	4700779	4700780	822
chr20	4700780	4700781	824
chr20	4700781	4700783	843
chr20	4700783	4700784	848
chr20	4700784	4700785	832
chr20	4700785	4700786	828
chr20	4700786	4700787	826
chr20	4700787	4700788	824
chr20	4700788	4700789	805
chr20	4700789	4700790	771
chr20	4700790	4700791	772
chr20	4700791	4700792	782
chr20	4700792	4700793	785
chr20	4700793	4700794	781
chr20	4700794	4700795	779
chr20	4700795	4700796	765
chr20	4700796	4700797	788
chr20	4700797	4700798	847
chr20	4700798	4700799	872
chr20	4700799	4700800	874
chr20	4700800	4700801	819
chr20	4700801	4700802	814
chr20	4700802	4700803	839
chr20	4700803	4700804	820
chr20	4700804	4700805	786
chr20	4700805	4700806	746
chr20	4700806	4700807	738
chr20	4700807	4700808	792
chr20	4700808	4700809	768
chr20	4700809	4700810	801
chr20	4700810	4700811	795
chr20	4700811	4700812	799
chr20	4700812	4700813	792
chr20	4700813	4700814	798
chr20	4700814	4700815	818
chr20	4700815	4700816	814
chr20	4700816	4700817	837
chr20	4700817	4700818	833
chr20	4700818	4700819	876
chr20	4700819	4700820	869
chr20	4700820	4700821	882
chr20	4700821	4700822	888
chr20	4700822	4700823	884
chr20	4700823	4700825	892
chr20	4700825	4700826	896
chr20	4700826	4700827	857
chr20	4700827	4700828	859
chr20	4700828	4700829	861
chr20	4700829	4700830	862
chr20	4700830	4700831	848
chr20	4700831	4700832	853
chr20	4700832	4700833	860
chr20	4700833	4700834	884
chr20	4700834	4700835	917
chr20	4700835	4700836	951
chr20	4700836	4700837	972
chr20	4700837	4700838	971
chr20	4700838	4700839	1017
chr20	4700839	4700840	1018
chr20	4700840	4700841	1049
chr20	4700841	4700842	1057
chr20	4700842	4700843	1053
chr20	4700843	4700844	1055
chr20	4700844	4700845	1036
chr20	4700845	4700846	1055
chr20	4700846	4700847	1061
chr20	4700847	4700848	1067
chr20	4700848	4700849	1072
chr20	4700849	4700850	1069
chr20	4700850	4700851	1063
chr20	4700851	4700852	1068
chr20	4700852	4700853	1075
chr20	4700853	4700855	1045
chr20	4700855	4700856	1047
chr20	4700856	4700857	1046
chr20	4700857	4700858	1032
chr20	4700858	4700859	1026
chr20	4700859	4700860	1023
chr20	4700860	4700861	1022
chr20	4700861	4700862	1025
chr20	4700862	4700863	1058
chr20	4700863	4700864	1060
chr20	4700864	4700865	1068
chr20	4700865	4700866	1066
chr20	4700866	4700867	1068
chr20	4700867	4700868	1075
chr20	4700868	4700869	1085
chr20	4700869	4700870	1079
chr20	4700870	4700871	1110
chr20	4700871	4700872	1119
chr20	4700872	4700873	1114
chr20	4700873	4700874	1048
chr20	4700874	4700875	1057
chr20	4700875	4700876	1067
chr20	4700876	4700877	1088
chr20	4700877	4700878	1112
chr20	4700878	4700879	1143
chr20	4700879	4700881	1139
chr20	4700881	4700882	1144
chr20	4700882	4700883	1158
chr20	4700883	4700884	1088
chr20	4700884	4700885	1072
chr20	4700885	4700886	1045
chr20	4700886	4700887	1046
chr20	4700887	4700888	1045
chr20	4700888	4700889	1051
chr20	4700889	4700892	1054
chr20	4700892	4700893	1028
chr20	4700893	4700894	1035
chr20	4700894	4700895	995
chr20	4700895	4700896	1003
chr20	4700896	4700897	1030
chr20	4700897	4700898	1046
chr20	4700898	4700899	1077
chr20	4700899	4700900	1090
chr20	4700900	4700901	1093
chr20	4700901	4700902	1092
chr20	4700902	4700903	1086
chr20	4700903	4700904	1107
chr20	4700904	4700906	1117
chr20	4700906	4700907	1139
chr20	4700907	4700908	1154
chr20	4700908	4700909	1158
chr20	4700909	4700910	1130
chr20	4700910	4700911	1093
chr20	4700911	4700912	1069
chr20	4700912	4700913	1046
chr20	4700913	4700914	1039
chr20	4700914	4700915	992
chr20	4700915	4700916	1020
chr20	4700916	4700917	1006
chr20	4700917	4700918	1005
chr20	4700918	4700919	1011
chr20	4700919	4700920	1008
chr20	4700920	4700921	1009
chr20	4700921	4700922	985
chr20	4700922	4700923	977
chr20	4700923	4700924	968
chr20	4700924	4700925	962
chr20	4700925	4700926	954
chr20	4700926	4700927	979
chr20	4700927	4700928	974
chr20	4700928	4700930	959
chr20	4700930	4700931	958
chr20	4700931	4700932	963
chr20	4700932	4700933	977
chr20	4700933	4700934	978
chr20	4700934	4700935	992
chr20	4700935	4700936	996
chr20	4700936	4700937	1003
chr20	4700937	4700938	1068
chr20	4700938	4700939	1069
chr20	4700939	4700940	1092
chr20	4700940	4700941	1086
chr20	4700941	4700942	1095
chr20	4700942	4700943	1092
chr20	4700943	4700944	1100
chr20	4700944	4700945	1115
chr20	4700945	4700946	1101
chr20	4700946	4700947	1064
chr20	4700947	4700948	1056
chr20	4700948	4700949	1031
chr20	4700949	4700950	1045
chr20	4700950	4700951	1032
chr20	4700951	4700952	1019
chr20	4700952	4700953	985
chr20	4700953	4700954	972
chr20	4700954	4700956	936
chr20	4700956	4700957	925
chr20	4700957	4700958	934
chr20	4700958	4700959	931
chr20	4700959	4700960	940
chr20	4700960	4700961	963
chr20	4700961	4700962	1013
chr20	4700962	4700963	1039
chr20	4700963	4700964	1054
chr20	4700964	4700965	1051
chr20	4700965	4700966	1048
chr20	4700966	4700968	1018
chr20	4700968	4700969	1040
chr20	4700969	4700970	1032
chr20	4700970	4700971	1050
chr20	4700971	4700972	1051
chr20	4700972	4700973	1010
chr20	4700973	4700974	995
chr20	4700974	4700975	975
chr20	4700975	4700976	956
chr20	4700976	4700977	957
chr20	4700977	4700978	953
chr20	4700978	4700979	951
chr20	4700979	4700980	927
chr20	4700980	4700981	934
chr20	4700981	4700982	933
chr20	4700982	4700983	923
chr20	4700983	4700984	1001
chr20	4700984	4700985	1002
chr20	4700985	4700986	1007
chr20	4700986	4700988	1010
chr20	4700988	4700989	1031
chr20	4700989	4700990	1042
chr20	4700990	4700991	1064
chr20	4700991	4700992	1044
chr20	4700992	4700993	1084
chr20	4700993	4700994	1112
chr20	4700994	4700995	1118
chr20	4700995	4700996	1125
chr20	4700996	4700997	1126
chr20	4700997	4700998	1134
chr20	4700998	4700999	1136
chr20	4700999	4701001	1134
chr20	4701001	4701002	1142
chr20	4701002	4701003	1128
chr20	4701003	4701004	1164
chr20	4701004	4701005	1168
chr20	4701005	4701006	1167
chr20	4701006	4701007	1164
chr20	4701007	4701008	1157
chr20	4701008	4701009	1137
chr20	4701009	4701010	1142
chr20	4701010	4701011	1129
chr20	4701011	4701012	1123
chr20	4701012	4701013	1121
chr20	4701013	4701014	1045
chr20	4701014	4701015	1037
chr20	4701015	4701016	1011
chr20	4701016	4701017	1010
chr20	4701017	4701018	1002
chr20	4701018	4701019	1016
chr20	4701019	4701020	1028
chr20	4701020	4701021	1018
chr20	4701021	4701022	1043
chr20	4701022	4701023	1045
chr20	4701023	4701024	1043
chr20	4701024	4701025	1056
chr20	4701025	4701027	1101
chr20	4701027	4701028	1130
chr20	4701028	4701029	1141
chr20	4701029	4701030	1138
chr20	4701030	4701031	1135
chr20	4701031	4701032	1141
chr20	4701032	4701033	1134
chr20	4701033	4701034	1119
chr20	4701034	4701035	1110
chr20	4701035	4701036	1119
chr20	4701036	4701037	1088
chr20	4701037	4701038	1033
chr20	4701038	4701039	1001
chr20	4701039	4701040	983
chr20	4701040	4701041	977
chr20	4701041	4701042	972
chr20	4701042	4701043	976
chr20	4701043	4701044	977
chr20	4701044	4701045	957
chr20	4701045	4701046	988
chr20	4701046	4701047	1023
chr20	4701047	4701048	1015
chr20	4701048	4701049	1007
chr20	4701049	4701050	1041
chr20	4701050	4701051	1079
chr20	4701051	4701052	1133
chr20	4701052	4701053	1137
chr20	4701053	4701054	1133
chr20	4701054	4701055	1144
chr20	4701055	4701056	1154
chr20	4701056	4701057	1131
chr20	4701057	4701058	1132
chr20	4701058	4701059	1123
chr20	4701059	4701060	1014
chr20	4701060	4701062	1008
chr20	4701062	4701063	1000
chr20	4701063	4701064	1023
chr20	4701064	4701065	1008
chr20	4701065	4701066	990
chr20	4701066	4701067	1033
chr20	4701067	4701068	1018
chr20	4701068	4701069	971
chr20	4701069	4701070	961
chr20	4701070	4701071	956
chr20	4701071	4701072	952
chr20	4701072	4701074	947
chr20	4701074	4701075	943
chr20	4701075	4701076	961
chr20	4701076	4701077	967
chr20	4701077	4701078	970
chr20	4701078	4701079	957
chr20	4701079	4701080	933
chr20	4701080	4701083	931
chr20	4701083	4701084	935
chr20	4701084	4701085	955
chr20	4701085	4701086	953
chr20	4701086	4701087	954
chr20	4701087	4701088	958
chr20	4701088	4701089	956
chr20	4701089	4701090	969
chr20	4701090	4701091	971
chr20	4701091	4701092	984
chr20	4701092	4701093	990
chr20	4701093	4701094	1012
chr20	4701094	4701095	1070
chr20	4701095	4701096	1056
chr20	4701096	4701097	1044
chr20	4701097	4701098	1025
chr20	4701098	4701099	1029
chr20	4701099	4701100	1026
chr20	4701100	4701101	1101
chr20	4701101	4701102	1037
chr20	4701102	4701103	1061
chr20	4701103	4701104	1035
chr20	4701104	4701105	1026
chr20	4701105	4701106	1046
chr20	4701106	4701107	1045
chr20	4701107	4701108	1048
chr20	4701108	4701109	1051
chr20	4701109	4701110	1077
chr20	4701110	4701111	1117
chr20	4701111	4701112	1126
chr20	4701112	4701113	1153
chr20	4701113	4701114	1170
chr20	4701114	4701115	1194
chr20	4701115	4701116	1203
chr20	4701116	4701117	1208
chr20	4701117	4701118	1211
chr20	4701118	4701119	1212
chr20	4701119	4701120	1219
chr20	4701120	4701121	1232
chr20	4701121	4701122	1202
chr20	4701122	4701123	1156
chr20	4701123	4701124	1163
chr20	4701124	4701125	1162
chr20	4701125	4701126	1091
chr20	4701126	4701127	1045
chr20	4701127	4701128	1031
chr20	4701128	4701129	1056
chr20	4701129	4701130	1088
chr20	4701130	4701131	1099
chr20	4701131	4701132	1106
chr20	4701132	4701133	1108
chr20	4701133	4701134	1114
chr20	4701134	4701135	1118
chr20	4701135	4701136	1116
chr20	4701136	4701137	1122
chr20	4701137	4701138	1116
chr20	4701138	4701139	1134
chr20	4701139	4701140	1101
chr20	4701140	4701141	1093
chr20	4701141	4701142	1085
chr20	4701142	4701144	1004
chr20	4701144	4701145	1003
chr20	4701145	4701146	993
chr20	4701146	4701147	1002
chr20	4701147	4701148	1013
chr20	4701148	4701149	1033
chr20	4701149	4701150	1042
chr20	4701150	4701151	1045
chr20	4701151	4701152	1028
chr20	4701152	4701153	1047
chr20	4701153	4701154	1054
chr20	4701154	4701155	1096
chr20	4701155	4701156	1101
chr20	4701156	4701157	1110
chr20	4701157	4701158	1131
chr20	4701158	4701159	1146
chr20	4701159	4701160	1152
chr20	4701160	4701161	1151
chr20	4701161	4701162	1146
chr20	4701162	4701163	1151
chr20	4701163	4701164	1152
chr20	4701164	4701165	1181
chr20	4701165	4701166	1179
chr20	4701166	4701167	1200
chr20	4701167	4701168	1210
chr20	4701168	4701170	1213
chr20	4701170	4701171	1136
chr20	4701171	4701172	1124
chr20	4701172	4701174	1118
chr20	4701174	4701175	1152
chr20	4701175	4701176	1161
chr20	4701176	4701177	1074
chr20	4701177	4701178	1070
chr20	4701178	4701179	1051
chr20	4701179	4701180	1047
chr20	4701180	4701181	1051
chr20	4701181	4701182	1039
chr20	4701182	4701183	1042
chr20	4701183	4701184	1032
chr20	4701184	4701185	1050
chr20	4701185	4701186	1017
chr20	4701186	4701187	984
chr20	4701187	4701188	962
chr20	4701188	4701189	934
chr20	4701189	4701190	916
chr20	4701190	4701191	891
chr20	4701191	4701192	884
chr20	4701192	4701193	886
chr20	4701193	4701194	890
chr20	4701194	4701195	880
chr20	4701195	4701196	872
chr20	4701196	4701197	860
chr20	4701197	4701198	862
chr20	4701198	4701199	853
chr20	4701199	4701200	848
chr20	4701200	4701202	847
chr20	4701202	4701203	850
chr20	4701203	4701204	854
chr20	4701204	4701205	828
chr20	4701205	4701206	795
chr20	4701206	4701207	852
chr20	4701207	4701208	838
chr20	4701208	4701209	839
chr20	4701209	4701210	829
chr20	4701210	4701211	830
chr20	4701211	4701212	840
chr20	4701212	4701213	841
chr20	4701213	4701214	836
chr20	4701214	4701215	814
chr20	4701215	4701216	815
chr20	4701216	4701217	814
chr20	4701217	4701218	822
chr20	4701218	4701220	826
chr20	4701220	4701221	822
chr20	4701221	4701222	831
chr20	4701222	4701223	823
chr20	4701223	4701224	814
chr20	4701224	4701225	819
chr20	4701225	4701226	813
chr20	4701226	4701227	851
chr20	4701227	4701228	859
chr20	4701228	4701229	857
chr20	4701229	4701230	862
chr20	4701230	4701231	811
chr20	4701231	4701232	810
chr20	4701232	4701233	808
chr20	4701233	4701234	796
chr20	4701234	4701235	779
chr20	4701235	4701236	782
chr20	4701236	4701237	774
chr20	4701237	4701238	769
chr20	4701238	4701239	772
chr20	4701239	4701240	787
chr20	4701240	4701241	784
chr20	4701241	4701242	775
chr20	4701242	4701243	739
chr20	4701243	4701244	735
chr20	4701244	4701245	705
chr20	4701245	4701246	733
chr20	4701246	4701247	735
chr20	4701247	4701248	751
chr20	4701248	4701249	752
chr20	4701249	4701250	746
chr20	4701250	4701251	709
chr20	4701251	4701252	695
chr20	4701252	4701253	700
chr20	4701253	4701254	712
chr20	4701254	4701255	715
chr20	4701255	4701256	746
chr20	4701256	4701257	747
chr20	4701257	4701258	740
chr20	4701258	4701259	731
chr20	4701259	4701260	726
chr20	4701260	4701261	703
chr20	4701261	4701262	713
chr20	4701262	4701263	720
chr20	4701263	4701264	727
chr20	4701264	4701265	733
chr20	4701265	4701266	736
chr20	4701266	4701267	743
chr20	4701267	4701268	745
chr20	4701268	4701269	742
chr20	4701269	4701270	732
chr20	4701270	4701271	738
chr20	4701271	4701272	734
chr20	4701272	4701273	738
chr20	4701273	4701274	729
chr20	4701274	4701275	728
chr20	4701275	4701276	725
chr20	4701276	4701277	732
chr20	4701277	4701279	739
chr20	4701279	4701280	731
chr20	4701280	4701281	729
chr20	4701281	4701282	744
chr20	4701282	4701283	677
chr20	4701283	4701284	682
chr20	4701284	4701285	687
chr20	4701285	4701286	695
chr20	4701286	4701287	690
chr20	4701287	4701288	682
chr20	4701288	4701289	678
chr20	4701289	4701290	688
chr20	4701290	4701291	714
chr20	4701291	4701292	715
chr20	4701292	4701293	748
chr20	4701293	4701294	746
chr20	4701294	4701295	742
chr20	4701295	4701296	737
chr20	4701296	4701297	797
chr20	4701297	4701298	801
chr20	4701298	4701299	811
chr20	4701299	4701300	809
chr20	4701300	4701301	820
chr20	4701301	4701302	804
chr20	4701302	4701303	779
chr20	4701303	4701304	845
chr20	4701304	4701305	861
chr20	4701305	4701306	859
chr20	4701306	4701307	861
chr20	4701307	4701308	853
chr20	4701308	4701309	878
chr20	4701309	4701310	869
chr20	4701310	4701311	870
chr20	4701311	4701312	862
chr20	4701312	4701313	860
chr20	4701313	4701314	869
chr20	4701314	4701315	868
chr20	4701315	4701316	860
chr20	4701316	4701317	839
chr20	4701317	4701318	856
chr20	4701318	4701319	869
chr20	4701319	4701320	871
chr20	4701320	4701321	896
chr20	4701321	4701322	879
chr20	4701322	4701323	884
chr20	4701323	4701324	870
chr20	4701324	4701325	878
chr20	4701325	4701326	887
chr20	4701326	4701327	928
chr20	4701327	4701328	971
chr20	4701328	4701329	975
chr20	4701329	4701330	961
chr20	4701330	4701331	962
chr20	4701331	4701332	934
chr20	4701332	4701333	927
chr20	4701333	4701334	937
chr20	4701334	4701335	939
chr20	4701335	4701336	951
chr20	4701336	4701337	958
chr20	4701337	4701339	967
chr20	4701339	4701340	976
chr20	4701340	4701341	1022
chr20	4701341	4701342	1052
chr20	4701342	4701343	1068
chr20	4701343	4701344	1070
chr20	4701344	4701345	1079
chr20	4701345	4701346	1088
chr20	4701346	4701347	1083
chr20	4701347	4701348	1129
chr20	4701348	4701349	1120
chr20	4701349	4701350	1125
chr20	4701350	4701351	1129
chr20	4701351	4701352	1138
chr20	4701352	4701353	1150
chr20	4701353	4701354	1140
chr20	4701354	4701355	1138
chr20	4701355	4701356	1137
chr20	4701356	4701357	1140
chr20	4701357	4701358	1124
chr20	4701358	4701359	1106
chr20	4701359	4701360	1098
chr20	4701360	4701361	1112
chr20	4701361	4701362	1125
chr20	4701362	4701363	1131
chr20	4701363	4701364	1132
chr20	4701364	4701365	1133
chr20	4701365	4701366	1125
chr20	4701366	4701367	1104
chr20	4701367	4701368	1116
chr20	4701368	4701369	1101
chr20	4701369	4701370	1105
chr20	4701370	4701372	1107
chr20	4701372	4701373	1076
chr20	4701373	4701374	1084
chr20	4701374	4701375	1129
chr20	4701375	4701376	1130
chr20	4701376	4701377	1112
chr20	4701377	4701378	1124
chr20	4701378	4701379	1108
chr20	4701379	4701380	1066
chr20	4701380	4701381	1034
chr20	4701381	4701382	1027
chr20	4701382	4701383	1029
chr20	4701383	4701384	1076
chr20	4701384	4701385	1109
chr20	4701385	4701386	1159
chr20	4701386	4701387	1187
chr20	4701387	4701388	1200
chr20	4701388	4701389	1214
chr20	4701389	4701390	1213
chr20	4701390	4701391	1206
chr20	4701391	4701392	1196
chr20	4701392	4701393	1205
chr20	4701393	4701394	1179
chr20	4701394	4701395	1187
chr20	4701395	4701396	1178
chr20	4701396	4701397	1173
chr20	4701397	4701398	1187
chr20	4701398	4701399	1206
chr20	4701399	4701400	1236
chr20	4701400	4701401	1261
chr20	4701401	4701402	1274
chr20	4701402	4701403	1253
chr20	4701403	4701405	1221
chr20	4701405	4701406	1215
chr20	4701406	4701407	1212
chr20	4701407	4701408	1216
chr20	4701408	4701409	1214
chr20	4701409	4701410	1198
chr20	4701410	4701411	1193
chr20	4701411	4701412	1180
chr20	4701412	4701413	1173
chr20	4701413	4701414	1152
chr20	4701414	4701415	1144
chr20	4701415	4701416	1128
chr20	4701416	4701417	1070
chr20	4701417	4701418	1054
chr20	4701418	4701419	1032
chr20	4701419	4701420	1027
chr20	4701420	4701421	1022
chr20	4701421	4701422	1018
chr20	4701422	4701423	1017
chr20	4701423	4701424	970
chr20	4701424	4701425	977
chr20	4701425	4701426	976
chr20	4701426	4701427	967
chr20	4701427	4701428	960
chr20	4701428	4701429	940
chr20	4701429	4701430	939
chr20	4701430	4701431	933
chr20	4701431	4701432	934
chr20	4701432	4701433	942
chr20	4701433	4701434	948
chr20	4701434	4701435	954
chr20	4701435	4701436	957
chr20	4701436	4701437	942
chr20	4701437	4701438	923
chr20	4701438	4701439	914
chr20	4701439	4701441	915
chr20	4701441	4701442	918
chr20	4701442	4701443	914
chr20	4701443	4701444	903
chr20	4701444	4701445	892
chr20	4701445	4701446	878
chr20	4701446	4701447	882
chr20	4701447	4701448	878
chr20	4701448	4701449	843
chr20	4701449	4701450	829
chr20	4701450	4701451	772
chr20	4701451	4701452	764
chr20	4701452	4701453	760
chr20	4701453	4701454	746
chr20	4701454	4701455	743
chr20	4701455	4701456	720
chr20	4701456	4701457	715
chr20	4701457	4701458	705
chr20	4701458	4701459	707
chr20	4701459	4701460	656
chr20	4701460	4701461	597
chr20	4701461	4701462	553
chr20	4701462	4701463	508
chr20	4701463	4701464	500
chr20	4701464	4701466	496
chr20	4701466	4701467	492
chr20	4701467	4701468	490
chr20	4701468	4701469	470
chr20	4701469	4701470	476
chr20	4701470	4701471	456
chr20	4701471	4701472	442
chr20	4701472	4701473	413
chr20	4701473	4701474	402
chr20	4701474	4701475	386
chr20	4701475	4701476	348
chr20	4701476	4701477	305
chr20	4701477	4701478	284
chr20	4701478	4701479	278
chr20	4701479	4701480	267
chr20	4701480	4701481	266
chr20	4701481	4701482	308
chr20	4701482	4701483	302
chr20	4701483	4701484	355
#bedGraph section chr20:4701484-4780226
chr20	4701484	4701485	357
chr20	4701485	4701487	361
chr20	4701487	4701488	362
chr20	4701488	4701489	364
chr20	4701489	4701490	375
chr20	4701490	4701491	377
chr20	4701491	4701492	376
chr20	4701492	4701493	369
chr20	4701493	4701494	368
chr20	4701494	4701495	393
chr20	4701495	4701496	394
chr20	4701496	4701497	388
chr20	4701497	4701498	405
chr20	4701498	4701499	411
chr20	4701499	4701500	451
chr20	4701500	4701501	453
chr20	4701501	4701502	457
chr20	4701502	4701503	504
chr20	4701503	4701504	505
chr20	4701504	4701505	508
chr20	4701505	4701506	509
chr20	4701506	4701507	513
chr20	4701507	4701508	565
chr20	4701508	4701509	589
chr20	4701509	4701510	614
chr20	4701510	4701511	615
chr20	4701511	4701512	616
chr20	4701512	4701513	643
chr20	4701513	4701514	648
chr20	4701514	4701515	647
chr20	4701515	4701516	642
chr20	4701516	4701517	640
chr20	4701517	4701518	632
chr20	4701518	4701520	631
chr20	4701520	4701521	626
chr20	4701521	4701522	628
chr20	4701522	4701523	619
chr20	4701523	4701525	616
chr20	4701525	4701526	611
chr20	4701526	4701527	610
chr20	4701527	4701528	612
chr20	4701528	4701529	606
chr20	4701529	4701530	603
chr20	4701530	4701531	595
chr20	4701531	4701532	596
chr20	4701532	4701533	593
chr20	4701533	4701534	591
chr20	4701534	4701535	587
chr20	4701535	4701536	583
chr20	4701536	4701537	582
chr20	4701537	4701538	578
chr20	4701538	4701539	572
chr20	4701539	4701540	566
chr20	4701540	4701541	560
chr20	4701541	4701543	559
chr20	4701543	4701544	558
chr20	4701544	4701545	557
chr20	4701545	4701546	547
chr20	4701546	4701548	543
chr20	4701548	4701549	535
chr20	4701549	4701550	534
chr20	4701550	4701551	522
chr20	4701551	4701552	521
chr20	4701552	4701553	518
chr20	4701553	4701554	517
chr20	4701554	4701556	516
chr20	4701556	4701557	507
chr20	4701557	4701559	454
chr20	4701559	4701561	396
chr20	4701561	4701562	391
chr20	4701562	4701563	389
chr20	4701563	4701564	387
chr20	4701564	4701565	383
chr20	4701565	4701566	371
chr20	4701566	4701569	369
chr20	4701569	4701570	361
chr20	4701570	4701573	327
chr20	4701573	4701574	305
chr20	4701574	4701575	297
chr20	4701575	4701576	254
chr20	4701576	4701577	248
chr20	4701577	4701578	241
chr20	4701578	4701579	194
chr20	4701579	4701580	189
chr20	4701580	4701581	187
chr20	4701581	4701582	184
chr20	4701582	4701583	181
chr20	4701583	4701584	126
chr20	4701584	4701585	80
chr20	4701585	4701586	56
chr20	4701586	4701587	48
chr20	4701587	4701588	26
chr20	4701588	4701590	2
chr20	4701590	4706960	0
