track type=wiggle_0 name="Brain Subst nigr" description="Brain Substantia nigra"
#bedGraph section chr20:4618789-4700061
chr20	4686103	4686112	2
chr20	4686112	4686211	1
chr20	4686211	4686287	2
chr20	4686287	4686306	1
chr20	4686306	4686307	2
chr20	4686307	4686331	3
chr20	4686331	4686365	2
chr20	4686365	4686369	3
chr20	4686369	4686381	4
chr20	4686381	4686382	3
chr20	4686382	4686383	4
chr20	4686383	4686392	3
chr20	4686392	4686402	4
chr20	4686402	4686406	5
chr20	4686406	4686412	6
chr20	4686412	4686418	7
chr20	4686418	4686426	8
chr20	4686426	4686433	11
chr20	4686433	4686434	13
chr20	4686434	4686436	15
chr20	4686436	4686438	16
chr20	4686438	4686439	17
chr20	4686439	4686441	18
chr20	4686441	4686443	17
chr20	4686443	4686449	18
chr20	4686449	4686451	26
chr20	4686451	4686452	27
chr20	4686452	4686455	30
chr20	4686455	4686458	36
chr20	4686458	4686459	35
chr20	4686459	4686461	38
chr20	4686461	4686462	42
chr20	4686462	4686463	43
chr20	4686463	4686468	53
chr20	4686468	4686469	52
chr20	4686469	4686470	54
chr20	4686470	4686471	59
chr20	4686471	4686472	91
chr20	4686472	4686473	95
chr20	4686473	4686474	103
chr20	4686474	4686475	124
chr20	4686475	4686476	128
chr20	4686476	4686477	133
chr20	4686477	4686478	136
chr20	4686478	4686479	152
chr20	4686479	4686480	162
chr20	4686480	4686481	171
chr20	4686481	4686482	180
chr20	4686482	4686484	181
chr20	4686484	4686485	182
chr20	4686485	4686486	191
chr20	4686486	4686488	193
chr20	4686488	4686489	196
chr20	4686489	4686490	197
chr20	4686490	4686491	204
chr20	4686491	4686493	208
chr20	4686493	4686494	213
chr20	4686494	4686496	212
chr20	4686496	4686497	216
chr20	4686497	4686498	219
chr20	4686498	4686500	228
chr20	4686500	4686502	230
chr20	4686502	4686503	227
chr20	4686503	4686504	240
chr20	4686504	4686505	244
chr20	4686505	4686506	245
chr20	4686506	4686507	247
chr20	4686507	4686508	248
chr20	4686508	4686510	153
chr20	4686510	4686511	154
chr20	4686511	4686512	164
chr20	4686512	4686676	0
chr20	4686676	4686733	1
chr20	4686733	4686734	2
chr20	4686734	4686736	3
chr20	4686736	4686752	1
chr20	4686752	4686812	0
chr20	4686812	4686888	1
chr20	4686888	4686978	0
chr20	4686978	4687054	1
chr20	4687054	4687075	0
chr20	4687075	4687151	1
chr20	4687151	4688150	0
chr20	4688150	4688189	1
chr20	4688189	4688226	2
chr20	4688226	4688265	1
chr20	4688265	4688353	0
chr20	4688353	4688429	1
chr20	4688429	4688437	0
chr20	4688437	4688513	1
chr20	4688513	4688660	0
chr20	4688660	4688672	1
chr20	4688672	4689128	0
chr20	4689128	4689172	1
chr20	4689172	4689204	2
chr20	4689204	4689248	1
chr20	4689248	4695217	0
chr20	4695217	4695292	1
chr20	4695292	4695407	0
chr20	4695407	4695483	1
chr20	4695483	4695529	0
chr20	4695529	4695563	1
chr20	4695563	4695605	2
chr20	4695605	4695639	1
chr20	4695639	4696037	0
chr20	4696037	4696109	1
chr20	4696109	4696253	0
chr20	4696253	4696266	1
chr20	4696266	4696328	2
chr20	4696328	4696342	1
chr20	4696342	4696440	0
chr20	4696440	4696516	1
chr20	4696516	4696522	0
chr20	4696522	4696585	1
chr20	4696585	4696597	2
chr20	4696597	4696624	1
chr20	4696624	4696661	2
chr20	4696661	4696689	1
chr20	4696689	4696700	2
chr20	4696700	4696765	1
chr20	4696765	4696792	0
chr20	4696792	4696868	1
chr20	4696868	4696919	0
chr20	4696919	4696957	1
chr20	4696957	4696995	2
chr20	4696995	4697033	1
chr20	4697033	4697055	0
chr20	4697055	4697122	1
chr20	4697122	4697127	2
chr20	4697127	4697131	3
chr20	4697131	4697198	2
chr20	4697198	4697202	1
chr20	4697202	4697256	0
chr20	4697256	4697319	1
chr20	4697319	4697332	2
chr20	4697332	4697395	1
chr20	4697395	4697467	0
chr20	4697467	4697525	2
chr20	4697525	4697526	3
chr20	4697526	4697543	4
chr20	4697543	4697591	2
chr20	4697591	4697593	3
chr20	4697593	4697601	4
chr20	4697601	4697643	2
chr20	4697643	4697667	5
chr20	4697667	4697669	4
chr20	4697669	4697707	3
chr20	4697707	4697713	4
chr20	4697713	4697719	5
chr20	4697719	4697765	2
chr20	4697765	4697789	3
chr20	4697789	4697838	2
chr20	4697838	4697841	3
chr20	4697841	4697854	2
chr20	4697854	4697858	3
chr20	4697858	4697863	2
chr20	4697863	4697914	3
chr20	4697914	4697930	2
chr20	4697930	4697939	1
chr20	4697939	4697946	0
chr20	4697946	4698022	2
chr20	4698022	4698091	0
chr20	4698091	4698112	1
chr20	4698112	4698166	2
chr20	4698166	4698183	1
chr20	4698183	4698188	2
chr20	4698188	4698201	1
chr20	4698201	4698242	2
chr20	4698242	4698259	3
chr20	4698259	4698277	2
chr20	4698277	4698300	1
chr20	4698300	4698318	2
chr20	4698318	4698350	1
chr20	4698350	4698375	2
chr20	4698375	4698468	1
chr20	4698468	4698502	2
chr20	4698502	4698544	1
chr20	4698544	4698554	0
chr20	4698554	4698577	1
chr20	4698577	4698578	2
chr20	4698578	4698630	3
chr20	4698630	4698637	2
chr20	4698637	4698653	3
chr20	4698653	4698654	2
chr20	4698654	4698659	1
chr20	4698659	4698675	2
chr20	4698675	4698713	3
chr20	4698713	4698734	2
chr20	4698734	4698735	3
chr20	4698735	4698750	2
chr20	4698750	4698764	1
chr20	4698764	4698777	2
chr20	4698777	4698791	3
chr20	4698791	4698810	4
chr20	4698810	4698817	3
chr20	4698817	4698840	4
chr20	4698840	4698852	3
chr20	4698852	4698865	2
chr20	4698865	4698867	3
chr20	4698867	4698893	2
chr20	4698893	4698895	1
chr20	4698895	4698911	2
chr20	4698911	4698940	3
chr20	4698940	4698941	4
chr20	4698941	4698969	3
chr20	4698969	4698971	4
chr20	4698971	4698986	3
chr20	4698986	4698988	2
chr20	4698988	4698999	3
chr20	4698999	4699010	4
chr20	4699010	4699016	5
chr20	4699016	4699045	4
chr20	4699045	4699064	3
chr20	4699064	4699074	2
chr20	4699074	4699080	1
chr20	4699080	4699086	2
chr20	4699086	4699114	1
chr20	4699114	4699131	2
chr20	4699131	4699156	4
chr20	4699156	4699159	3
chr20	4699159	4699161	4
chr20	4699161	4699179	5
chr20	4699179	4699180	6
chr20	4699180	4699181	7
chr20	4699181	4699182	9
chr20	4699182	4699189	10
chr20	4699189	4699197	9
chr20	4699197	4699204	10
chr20	4699204	4699207	11
chr20	4699207	4699210	9
chr20	4699210	4699211	262
chr20	4699211	4699212	260
chr20	4699212	4699213	257
chr20	4699213	4699214	261
chr20	4699214	4699215	260
chr20	4699215	4699218	273
chr20	4699218	4699219	275
chr20	4699219	4699220	279
chr20	4699220	4699221	283
chr20	4699221	4699222	286
chr20	4699222	4699223	299
chr20	4699223	4699224	298
chr20	4699224	4699225	304
chr20	4699225	4699226	305
chr20	4699226	4699228	304
chr20	4699228	4699229	305
chr20	4699229	4699230	318
chr20	4699230	4699231	321
chr20	4699231	4699232	325
chr20	4699232	4699233	332
chr20	4699233	4699234	326
chr20	4699234	4699235	327
chr20	4699235	4699237	325
chr20	4699237	4699238	323
chr20	4699238	4699240	324
chr20	4699240	4699241	328
chr20	4699241	4699242	325
chr20	4699242	4699244	326
chr20	4699244	4699245	336
chr20	4699245	4699246	327
chr20	4699246	4699247	328
chr20	4699247	4699248	335
chr20	4699248	4699249	326
chr20	4699249	4699250	313
chr20	4699250	4699251	310
chr20	4699251	4699252	306
chr20	4699252	4699253	294
chr20	4699253	4699254	288
chr20	4699254	4699255	279
chr20	4699255	4699256	270
chr20	4699256	4699257	263
chr20	4699257	4699258	256
chr20	4699258	4699259	253
chr20	4699259	4699260	246
chr20	4699260	4699261	243
chr20	4699261	4699262	252
chr20	4699262	4699263	254
chr20	4699263	4699264	255
chr20	4699264	4699265	259
chr20	4699265	4699266	258
chr20	4699266	4699267	257
chr20	4699267	4699268	253
chr20	4699268	4699269	250
chr20	4699269	4699270	252
chr20	4699270	4699272	250
chr20	4699272	4699274	241
chr20	4699274	4699275	246
chr20	4699275	4699276	247
chr20	4699276	4699277	246
chr20	4699277	4699278	243
chr20	4699278	4699280	240
chr20	4699280	4699281	238
chr20	4699281	4699282	233
chr20	4699282	4699285	230
chr20	4699285	4699287	247
chr20	4699287	4699288	250
chr20	4699288	4699289	262
chr20	4699289	4699290	263
chr20	4699290	4699291	254
chr20	4699291	4699292	260
chr20	4699292	4699293	265
chr20	4699293	4699294	268
chr20	4699294	4699295	272
chr20	4699295	4699296	271
chr20	4699296	4699297	269
chr20	4699297	4699298	266
chr20	4699298	4699299	254
chr20	4699299	4699300	251
chr20	4699300	4699302	250
chr20	4699302	4699303	252
chr20	4699303	4699305	253
chr20	4699305	4699306	238
chr20	4699306	4699307	237
chr20	4699307	4699308	235
chr20	4699308	4699309	227
chr20	4699309	4699310	226
chr20	4699310	4699311	227
chr20	4699311	4699312	231
chr20	4699312	4699314	232
chr20	4699314	4699315	233
chr20	4699315	4699316	238
chr20	4699316	4699317	237
chr20	4699317	4699319	239
chr20	4699319	4699320	238
chr20	4699320	4699321	223
chr20	4699321	4699322	218
chr20	4699322	4699323	216
chr20	4699323	4699324	202
chr20	4699324	4699325	201
chr20	4699325	4699326	200
chr20	4699326	4699327	201
chr20	4699327	4699330	203
chr20	4699330	4699331	201
chr20	4699331	4699332	202
chr20	4699332	4699333	203
chr20	4699333	4699334	208
chr20	4699334	4699335	212
chr20	4699335	4699336	214
chr20	4699336	4699337	215
chr20	4699337	4699339	205
chr20	4699339	4699340	202
chr20	4699340	4699342	198
chr20	4699342	4699344	201
chr20	4699344	4699345	200
chr20	4699345	4699346	197
chr20	4699346	4699347	196
chr20	4699347	4699348	197
chr20	4699348	4699349	196
chr20	4699349	4699350	194
chr20	4699350	4699351	192
chr20	4699351	4699352	188
chr20	4699352	4699353	190
chr20	4699353	4699356	189
chr20	4699356	4699358	195
chr20	4699358	4699359	194
chr20	4699359	4699360	192
chr20	4699360	4699361	195
chr20	4699361	4699362	177
chr20	4699362	4699364	175
chr20	4699364	4699365	163
chr20	4699365	4699366	159
chr20	4699366	4699367	162
chr20	4699367	4699368	157
chr20	4699368	4699369	151
chr20	4699369	4699370	149
chr20	4699370	4699372	145
chr20	4699372	4699374	140
chr20	4699374	4699375	139
chr20	4699375	4699376	137
chr20	4699376	4699377	135
chr20	4699377	4699378	134
chr20	4699378	4699380	131
chr20	4699380	4699381	134
chr20	4699381	4699382	133
chr20	4699382	4699384	132
chr20	4699384	4699386	133
chr20	4699386	4699387	134
chr20	4699387	4699390	129
chr20	4699390	4699391	126
chr20	4699391	4699392	123
chr20	4699392	4699393	121
chr20	4699393	4699394	120
chr20	4699394	4699397	117
chr20	4699397	4699398	116
chr20	4699398	4699399	115
chr20	4699399	4699402	113
chr20	4699402	4699403	112
chr20	4699403	4699404	108
chr20	4699404	4699407	103
chr20	4699407	4699408	104
chr20	4699408	4699409	101
chr20	4699409	4699410	96
chr20	4699410	4699411	92
chr20	4699411	4699414	100
chr20	4699414	4699415	98
chr20	4699415	4699417	97
chr20	4699417	4699418	100
chr20	4699418	4699419	99
chr20	4699419	4699420	101
chr20	4699420	4699421	103
chr20	4699421	4699422	104
chr20	4699422	4699423	108
chr20	4699423	4699425	107
chr20	4699425	4699426	108
chr20	4699426	4699427	110
chr20	4699427	4699428	111
chr20	4699428	4699431	110
chr20	4699431	4699432	111
chr20	4699432	4699434	103
chr20	4699434	4699435	108
chr20	4699435	4699436	112
chr20	4699436	4699437	110
chr20	4699437	4699438	112
chr20	4699438	4699439	119
chr20	4699439	4699440	117
chr20	4699440	4699441	121
chr20	4699441	4699442	122
chr20	4699442	4699443	119
chr20	4699443	4699444	118
chr20	4699444	4699445	120
chr20	4699445	4699446	119
chr20	4699446	4699447	120
chr20	4699447	4699448	117
chr20	4699448	4699449	118
chr20	4699449	4699451	121
chr20	4699451	4699452	122
chr20	4699452	4699453	129
chr20	4699453	4699454	130
chr20	4699454	4699455	132
chr20	4699455	4699456	133
chr20	4699456	4699457	130
chr20	4699457	4699458	133
chr20	4699458	4699459	134
chr20	4699459	4699460	155
chr20	4699460	4699461	161
chr20	4699461	4699462	164
chr20	4699462	4699463	175
chr20	4699463	4699464	178
chr20	4699464	4699465	181
chr20	4699465	4699466	184
chr20	4699466	4699467	185
chr20	4699467	4699468	183
chr20	4699468	4699469	186
chr20	4699469	4699470	187
chr20	4699470	4699471	196
chr20	4699471	4699473	195
chr20	4699473	4699474	199
chr20	4699474	4699475	201
chr20	4699475	4699476	205
chr20	4699476	4699477	207
chr20	4699477	4699478	206
chr20	4699478	4699479	209
chr20	4699479	4699481	210
chr20	4699481	4699482	217
chr20	4699482	4699483	223
chr20	4699483	4699484	243
chr20	4699484	4699485	247
chr20	4699485	4699486	260
chr20	4699486	4699487	262
chr20	4699487	4699489	252
chr20	4699489	4699490	251
chr20	4699490	4699491	273
chr20	4699491	4699492	277
chr20	4699492	4699493	275
chr20	4699493	4699494	285
chr20	4699494	4699495	284
chr20	4699495	4699496	283
chr20	4699496	4699497	282
chr20	4699497	4699498	293
chr20	4699498	4699499	291
chr20	4699499	4699500	301
chr20	4699500	4699501	304
chr20	4699501	4699502	319
chr20	4699502	4699503	316
chr20	4699503	4699504	336
chr20	4699504	4699505	350
chr20	4699505	4699510	362
chr20	4699510	4699511	363
chr20	4699511	4699512	361
chr20	4699512	4699513	371
chr20	4699513	4699514	377
chr20	4699514	4699515	372
chr20	4699515	4699517	373
chr20	4699517	4699521	374
chr20	4699521	4699522	378
chr20	4699522	4699523	406
chr20	4699523	4699524	415
chr20	4699524	4699525	420
chr20	4699525	4699526	425
chr20	4699526	4699527	426
chr20	4699527	4699528	437
chr20	4699528	4699529	431
chr20	4699529	4699530	433
chr20	4699530	4699531	428
chr20	4699531	4699532	433
chr20	4699532	4699533	462
chr20	4699533	4699534	513
chr20	4699534	4699535	517
chr20	4699535	4699536	509
chr20	4699536	4699537	504
chr20	4699537	4699538	500
chr20	4699538	4699539	489
chr20	4699539	4699540	490
chr20	4699540	4699541	488
chr20	4699541	4699542	484
chr20	4699542	4699543	482
chr20	4699543	4699544	485
chr20	4699544	4699545	482
chr20	4699545	4699546	484
chr20	4699546	4699547	483
chr20	4699547	4699548	484
chr20	4699548	4699549	486
chr20	4699549	4699550	490
chr20	4699550	4699551	498
chr20	4699551	4699552	500
chr20	4699552	4699553	507
chr20	4699553	4699554	514
chr20	4699554	4699555	516
chr20	4699555	4699556	530
chr20	4699556	4699558	532
chr20	4699558	4699559	526
chr20	4699559	4699560	509
chr20	4699560	4699561	505
chr20	4699561	4699562	498
chr20	4699562	4699563	503
chr20	4699563	4699565	506
chr20	4699565	4699566	509
chr20	4699566	4699567	492
chr20	4699567	4699568	495
chr20	4699568	4699569	498
chr20	4699569	4699570	508
chr20	4699570	4699572	512
chr20	4699572	4699573	525
chr20	4699573	4699574	513
chr20	4699574	4699575	518
chr20	4699575	4699576	514
chr20	4699576	4699577	516
chr20	4699577	4699578	502
chr20	4699578	4699579	501
chr20	4699579	4699580	482
chr20	4699580	4699581	474
chr20	4699581	4699582	465
chr20	4699582	4699583	494
chr20	4699583	4699584	512
chr20	4699584	4699585	513
chr20	4699585	4699586	531
chr20	4699586	4699587	539
chr20	4699587	4699588	568
chr20	4699588	4699590	564
chr20	4699590	4699591	575
chr20	4699591	4699592	572
chr20	4699592	4699593	599
chr20	4699593	4699595	602
chr20	4699595	4699596	607
chr20	4699596	4699597	611
chr20	4699597	4699598	624
chr20	4699598	4699599	604
chr20	4699599	4699600	601
chr20	4699600	4699601	598
chr20	4699601	4699602	605
chr20	4699602	4699603	604
chr20	4699603	4699604	603
chr20	4699604	4699605	599
chr20	4699605	4699606	600
chr20	4699606	4699607	609
chr20	4699607	4699608	634
chr20	4699608	4699609	607
chr20	4699609	4699610	573
chr20	4699610	4699611	569
chr20	4699611	4699612	559
chr20	4699612	4699613	558
chr20	4699613	4699614	564
chr20	4699614	4699615	574
chr20	4699615	4699616	570
chr20	4699616	4699617	593
chr20	4699617	4699618	610
chr20	4699618	4699619	619
chr20	4699619	4699620	622
chr20	4699620	4699621	629
chr20	4699621	4699622	635
chr20	4699622	4699623	644
chr20	4699623	4699624	651
chr20	4699624	4699626	666
chr20	4699626	4699627	663
chr20	4699627	4699628	669
chr20	4699628	4699629	662
chr20	4699629	4699630	660
chr20	4699630	4699631	659
chr20	4699631	4699632	648
chr20	4699632	4699633	647
chr20	4699633	4699634	646
chr20	4699634	4699635	647
chr20	4699635	4699636	661
chr20	4699636	4699637	667
chr20	4699637	4699638	675
chr20	4699638	4699639	683
chr20	4699639	4699640	688
chr20	4699640	4699641	695
chr20	4699641	4699642	703
chr20	4699642	4699643	711
chr20	4699643	4699644	709
chr20	4699644	4699645	706
chr20	4699645	4699646	689
chr20	4699646	4699647	693
chr20	4699647	4699648	694
chr20	4699648	4699649	701
chr20	4699649	4699650	703
chr20	4699650	4699651	701
chr20	4699651	4699652	700
chr20	4699652	4699653	701
chr20	4699653	4699654	712
chr20	4699654	4699655	715
chr20	4699655	4699656	725
chr20	4699656	4699657	735
chr20	4699657	4699658	737
chr20	4699658	4699659	715
chr20	4699659	4699660	711
chr20	4699660	4699661	725
chr20	4699661	4699663	763
chr20	4699663	4699664	738
chr20	4699664	4699665	736
chr20	4699665	4699666	726
chr20	4699666	4699667	728
chr20	4699667	4699668	724
chr20	4699668	4699669	699
chr20	4699669	4699670	697
chr20	4699670	4699671	708
chr20	4699671	4699672	733
chr20	4699672	4699673	775
chr20	4699673	4699674	768
chr20	4699674	4699675	786
chr20	4699675	4699676	785
chr20	4699676	4699677	800
chr20	4699677	4699678	785
chr20	4699678	4699679	797
chr20	4699679	4699680	788
chr20	4699680	4699681	792
chr20	4699681	4699682	795
chr20	4699682	4699683	804
chr20	4699683	4699684	783
chr20	4699684	4699685	781
chr20	4699685	4699686	796
chr20	4699686	4699687	807
chr20	4699687	4699689	810
chr20	4699689	4699690	806
chr20	4699690	4699692	821
chr20	4699692	4699693	813
chr20	4699693	4699694	805
chr20	4699694	4699695	802
chr20	4699695	4699696	811
chr20	4699696	4699697	798
chr20	4699697	4699698	801
chr20	4699698	4699699	793
chr20	4699699	4699700	801
chr20	4699700	4699701	809
chr20	4699701	4699702	803
chr20	4699702	4699703	814
chr20	4699703	4699704	803
chr20	4699704	4699705	813
chr20	4699705	4699706	832
chr20	4699706	4699707	838
chr20	4699707	4699708	846
chr20	4699708	4699709	861
chr20	4699709	4699710	865
chr20	4699710	4699711	871
chr20	4699711	4699712	854
chr20	4699712	4699713	860
chr20	4699713	4699714	875
chr20	4699714	4699715	870
chr20	4699715	4699716	866
chr20	4699716	4699717	872
chr20	4699717	4699718	863
chr20	4699718	4699719	860
chr20	4699719	4699721	871
chr20	4699721	4699722	874
chr20	4699722	4699723	879
chr20	4699723	4699724	880
chr20	4699724	4699725	859
chr20	4699725	4699726	861
chr20	4699726	4699727	918
chr20	4699727	4699728	924
chr20	4699728	4699729	921
chr20	4699729	4699730	917
chr20	4699730	4699731	924
chr20	4699731	4699732	936
chr20	4699732	4699733	952
chr20	4699733	4699734	958
chr20	4699734	4699735	948
chr20	4699735	4699736	966
chr20	4699736	4699737	950
chr20	4699737	4699738	901
chr20	4699738	4699739	917
chr20	4699739	4699740	919
chr20	4699740	4699741	948
chr20	4699741	4699744	960
chr20	4699744	4699745	967
chr20	4699745	4699746	980
chr20	4699746	4699747	979
chr20	4699747	4699748	953
chr20	4699748	4699749	923
chr20	4699749	4699750	928
chr20	4699750	4699751	923
chr20	4699751	4699752	937
chr20	4699752	4699753	922
chr20	4699753	4699754	925
chr20	4699754	4699755	913
chr20	4699755	4699756	914
chr20	4699756	4699757	963
chr20	4699757	4699758	989
chr20	4699758	4699759	965
chr20	4699759	4699760	972
chr20	4699760	4699761	964
chr20	4699761	4699762	948
chr20	4699762	4699763	957
chr20	4699763	4699764	970
chr20	4699764	4699765	980
chr20	4699765	4699766	1011
chr20	4699766	4699767	994
chr20	4699767	4699768	1001
chr20	4699768	4699769	988
chr20	4699769	4699770	990
chr20	4699770	4699772	989
chr20	4699772	4699773	1005
chr20	4699773	4699774	1004
chr20	4699774	4699775	1002
chr20	4699775	4699776	1001
chr20	4699776	4699777	981
chr20	4699777	4699778	1001
chr20	4699778	4699779	1018
chr20	4699779	4699780	1029
chr20	4699780	4699781	1039
chr20	4699781	4699782	1026
chr20	4699782	4699783	1025
chr20	4699783	4699784	1030
chr20	4699784	4699785	1034
chr20	4699785	4699786	1029
chr20	4699786	4699787	1028
chr20	4699787	4699788	1038
chr20	4699788	4699789	1051
chr20	4699789	4699790	1036
chr20	4699790	4699791	1033
chr20	4699791	4699792	1050
chr20	4699792	4699793	1043
chr20	4699793	4699794	1059
chr20	4699794	4699795	1053
chr20	4699795	4699797	1051
chr20	4699797	4699798	1053
chr20	4699798	4699799	1040
chr20	4699799	4699800	1035
chr20	4699800	4699801	1033
chr20	4699801	4699802	1064
chr20	4699802	4699803	1005
chr20	4699803	4699804	1016
chr20	4699804	4699805	1024
chr20	4699805	4699806	1027
chr20	4699806	4699807	1030
chr20	4699807	4699808	1013
chr20	4699808	4699809	991
chr20	4699809	4699810	990
chr20	4699810	4699811	995
chr20	4699811	4699812	972
chr20	4699812	4699813	993
chr20	4699813	4699814	1117
chr20	4699814	4699815	1124
chr20	4699815	4699816	1191
chr20	4699816	4699817	1170
chr20	4699817	4699818	1161
chr20	4699818	4699820	1157
chr20	4699820	4699821	1147
chr20	4699821	4699822	1142
chr20	4699822	4699823	1138
chr20	4699823	4699824	1133
chr20	4699824	4699825	1132
chr20	4699825	4699826	1146
chr20	4699826	4699827	1139
chr20	4699827	4699829	1134
chr20	4699829	4699830	1131
chr20	4699830	4699831	1139
chr20	4699831	4699832	1132
chr20	4699832	4699833	1087
chr20	4699833	4699834	1062
chr20	4699834	4699835	1058
chr20	4699835	4699836	1050
chr20	4699836	4699837	1070
chr20	4699837	4699838	1071
chr20	4699838	4699839	1062
chr20	4699839	4699840	1051
chr20	4699840	4699841	1038
chr20	4699841	4699842	1026
chr20	4699842	4699843	1037
chr20	4699843	4699844	1030
chr20	4699844	4699845	1034
chr20	4699845	4699846	1024
chr20	4699846	4699847	1022
chr20	4699847	4699848	1021
chr20	4699848	4699849	1008
chr20	4699849	4699850	1014
chr20	4699850	4699851	1016
chr20	4699851	4699852	1002
chr20	4699852	4699853	1008
chr20	4699853	4699854	994
chr20	4699854	4699856	965
chr20	4699856	4699857	940
chr20	4699857	4699858	947
chr20	4699858	4699859	939
chr20	4699859	4699860	922
chr20	4699860	4699861	923
chr20	4699861	4699862	912
chr20	4699862	4699863	920
chr20	4699863	4699865	899
chr20	4699865	4699866	895
chr20	4699866	4699867	906
chr20	4699867	4699868	883
chr20	4699868	4699869	887
chr20	4699869	4699870	869
chr20	4699870	4699871	877
chr20	4699871	4699872	866
chr20	4699872	4699873	872
chr20	4699873	4699876	889
chr20	4699876	4699877	888
chr20	4699877	4699878	863
chr20	4699878	4699879	908
chr20	4699879	4699880	917
chr20	4699880	4699881	918
chr20	4699881	4699882	893
chr20	4699882	4699883	894
chr20	4699883	4699884	914
chr20	4699884	4699885	947
chr20	4699885	4699886	937
chr20	4699886	4699887	944
chr20	4699887	4699888	938
chr20	4699888	4699889	907
chr20	4699889	4699890	766
chr20	4699890	4699891	745
chr20	4699891	4699892	679
chr20	4699892	4699893	673
chr20	4699893	4699894	679
chr20	4699894	4699895	687
chr20	4699895	4699896	688
chr20	4699896	4699897	684
chr20	4699897	4699898	678
chr20	4699898	4699899	673
chr20	4699899	4699900	674
chr20	4699900	4699901	655
chr20	4699901	4699903	659
chr20	4699903	4699904	647
chr20	4699904	4699905	653
chr20	4699905	4699906	663
chr20	4699906	4699907	668
chr20	4699907	4699908	670
chr20	4699908	4699909	715
chr20	4699909	4699910	714
chr20	4699910	4699911	711
chr20	4699911	4699912	720
chr20	4699912	4699913	698
chr20	4699913	4699915	689
chr20	4699915	4699916	691
chr20	4699916	4699917	715
chr20	4699917	4699918	708
chr20	4699918	4699919	726
chr20	4699919	4699920	739
chr20	4699920	4699921	743
chr20	4699921	4699922	754
chr20	4699922	4699923	763
chr20	4699923	4699924	766
chr20	4699924	4699925	790
chr20	4699925	4699926	801
chr20	4699926	4699927	804
chr20	4699927	4699928	827
chr20	4699928	4699929	820
chr20	4699929	4699931	803
chr20	4699931	4699932	800
chr20	4699932	4699933	803
chr20	4699933	4699934	793
chr20	4699934	4699935	791
chr20	4699935	4699936	809
chr20	4699936	4699937	800
chr20	4699937	4699938	808
chr20	4699938	4699939	799
chr20	4699939	4699940	802
chr20	4699940	4699941	784
chr20	4699941	4699942	786
chr20	4699942	4699943	769
chr20	4699943	4699944	783
chr20	4699944	4699945	812
chr20	4699945	4699946	827
chr20	4699946	4699947	887
chr20	4699947	4699948	889
chr20	4699948	4699949	887
chr20	4699949	4699950	881
chr20	4699950	4699951	891
chr20	4699951	4699952	900
chr20	4699952	4699953	898
chr20	4699953	4699954	912
chr20	4699954	4699955	869
chr20	4699955	4699956	853
chr20	4699956	4699957	855
chr20	4699957	4699958	860
chr20	4699958	4699959	846
chr20	4699959	4699960	825
chr20	4699960	4699961	813
chr20	4699961	4699962	816
chr20	4699962	4699963	817
chr20	4699963	4699964	836
chr20	4699964	4699965	842
chr20	4699965	4699966	843
chr20	4699966	4699967	846
chr20	4699967	4699969	856
chr20	4699969	4699970	855
chr20	4699970	4699971	862
chr20	4699971	4699972	864
chr20	4699972	4699973	865
chr20	4699973	4699974	877
chr20	4699974	4699975	872
chr20	4699975	4699976	878
chr20	4699976	4699977	894
chr20	4699977	4699978	864
chr20	4699978	4699980	861
chr20	4699980	4699981	868
chr20	4699981	4699982	867
chr20	4699982	4699983	918
chr20	4699983	4699984	935
chr20	4699984	4699985	906
chr20	4699985	4699986	923
chr20	4699986	4699987	929
chr20	4699987	4699988	928
chr20	4699988	4699989	926
chr20	4699989	4699990	930
chr20	4699990	4699992	943
chr20	4699992	4699993	935
chr20	4699993	4699994	938
chr20	4699994	4699995	906
chr20	4699995	4699996	899
chr20	4699996	4699997	885
chr20	4699997	4699998	877
chr20	4699998	4699999	865
chr20	4699999	4700000	854
chr20	4700000	4700001	828
chr20	4700001	4700002	810
chr20	4700002	4700003	804
chr20	4700003	4700004	777
chr20	4700004	4700005	782
chr20	4700005	4700006	784
chr20	4700006	4700007	795
chr20	4700007	4700008	800
chr20	4700008	4700009	811
chr20	4700009	4700010	812
chr20	4700010	4700011	815
chr20	4700011	4700012	796
chr20	4700012	4700013	801
chr20	4700013	4700014	800
chr20	4700014	4700015	806
chr20	4700015	4700016	840
chr20	4700016	4700017	855
chr20	4700017	4700018	856
chr20	4700018	4700019	857
chr20	4700019	4700020	847
chr20	4700020	4700021	809
chr20	4700021	4700022	804
chr20	4700022	4700023	756
chr20	4700023	4700024	764
chr20	4700024	4700025	763
chr20	4700025	4700026	755
chr20	4700026	4700027	744
chr20	4700027	4700029	736
chr20	4700029	4700030	721
chr20	4700030	4700031	724
chr20	4700031	4700032	729
chr20	4700032	4700033	716
chr20	4700033	4700034	719
chr20	4700034	4700035	730
chr20	4700035	4700036	749
chr20	4700036	4700037	740
chr20	4700037	4700038	757
chr20	4700038	4700039	746
chr20	4700039	4700040	729
chr20	4700040	4700041	725
chr20	4700041	4700042	739
chr20	4700042	4700043	750
chr20	4700043	4700044	755
chr20	4700044	4700045	756
chr20	4700045	4700046	777
chr20	4700046	4700048	772
chr20	4700048	4700049	771
chr20	4700049	4700050	773
chr20	4700050	4700051	777
chr20	4700051	4700052	789
chr20	4700052	4700054	783
chr20	4700054	4700055	818
chr20	4700055	4700056	841
chr20	4700056	4700057	855
chr20	4700057	4700058	851
chr20	4700058	4700059	799
chr20	4700059	4700060	778
chr20	4700060	4700061	775
#bedGraph section chr20:4700061-4701113
chr20	4700061	4700062	758
chr20	4700062	4700063	762
chr20	4700063	4700064	767
chr20	4700064	4700065	759
chr20	4700065	4700066	777
chr20	4700066	4700067	766
chr20	4700067	4700068	757
chr20	4700068	4700069	763
chr20	4700069	4700070	787
chr20	4700070	4700071	845
chr20	4700071	4700072	844
chr20	4700072	4700073	854
chr20	4700073	4700074	858
chr20	4700074	4700075	888
chr20	4700075	4700076	886
chr20	4700076	4700077	930
chr20	4700077	4700078	938
chr20	4700078	4700079	939
chr20	4700079	4700080	933
chr20	4700080	4700081	930
chr20	4700081	4700082	944
chr20	4700082	4700083	942
chr20	4700083	4700084	935
chr20	4700084	4700085	922
chr20	4700085	4700086	920
chr20	4700086	4700087	919
chr20	4700087	4700088	929
chr20	4700088	4700089	951
chr20	4700089	4700090	946
chr20	4700090	4700091	940
chr20	4700091	4700092	912
chr20	4700092	4700093	897
chr20	4700093	4700094	977
chr20	4700094	4700095	1008
chr20	4700095	4700096	1030
chr20	4700096	4700097	1078
chr20	4700097	4700098	1079
chr20	4700098	4700099	1073
chr20	4700099	4700101	1079
chr20	4700101	4700102	1101
chr20	4700102	4700103	1108
chr20	4700103	4700104	1133
chr20	4700104	4700105	1124
chr20	4700105	4700106	1143
chr20	4700106	4700107	1141
chr20	4700107	4700108	1137
chr20	4700108	4700109	1162
chr20	4700109	4700110	1163
chr20	4700110	4700111	1156
chr20	4700111	4700112	1135
chr20	4700112	4700113	1131
chr20	4700113	4700114	1110
chr20	4700114	4700115	1132
chr20	4700115	4700116	1149
chr20	4700116	4700117	1137
chr20	4700117	4700118	1126
chr20	4700118	4700119	1120
chr20	4700119	4700120	1117
chr20	4700120	4700121	1123
chr20	4700121	4700122	1097
chr20	4700122	4700123	1129
chr20	4700123	4700124	1127
chr20	4700124	4700125	1132
chr20	4700125	4700126	1120
chr20	4700126	4700127	1129
chr20	4700127	4700128	1124
chr20	4700128	4700129	1125
chr20	4700129	4700130	1134
chr20	4700130	4700131	1098
chr20	4700131	4700132	1064
chr20	4700132	4700133	1059
chr20	4700133	4700134	1062
chr20	4700134	4700135	1133
chr20	4700135	4700136	1243
chr20	4700136	4700137	1268
chr20	4700137	4700138	1272
chr20	4700138	4700139	1266
chr20	4700139	4700140	1261
chr20	4700140	4700141	1275
chr20	4700141	4700142	1271
chr20	4700142	4700143	1270
chr20	4700143	4700144	1265
chr20	4700144	4700145	1242
chr20	4700145	4700146	1217
chr20	4700146	4700148	1228
chr20	4700148	4700149	1219
chr20	4700149	4700150	1217
chr20	4700150	4700151	1193
chr20	4700151	4700152	1195
chr20	4700152	4700154	1217
chr20	4700154	4700155	1227
chr20	4700155	4700156	1232
chr20	4700156	4700157	1262
chr20	4700157	4700158	1258
chr20	4700158	4700159	1271
chr20	4700159	4700160	1280
chr20	4700160	4700161	1286
chr20	4700161	4700162	1281
chr20	4700162	4700163	1286
chr20	4700163	4700164	1284
chr20	4700164	4700165	1259
chr20	4700165	4700166	1270
chr20	4700166	4700167	1265
chr20	4700167	4700168	1264
chr20	4700168	4700169	1266
chr20	4700169	4700170	1185
chr20	4700170	4700171	1154
chr20	4700171	4700172	1127
chr20	4700172	4700173	1082
chr20	4700173	4700174	1145
chr20	4700174	4700175	1129
chr20	4700175	4700176	1128
chr20	4700176	4700177	1125
chr20	4700177	4700178	1110
chr20	4700178	4700179	1127
chr20	4700179	4700180	1137
chr20	4700180	4700181	1134
chr20	4700181	4700182	1111
chr20	4700182	4700183	1107
chr20	4700183	4700184	1130
chr20	4700184	4700185	1103
chr20	4700185	4700186	1098
chr20	4700186	4700188	1100
chr20	4700188	4700189	1119
chr20	4700189	4700190	1128
chr20	4700190	4700191	1110
chr20	4700191	4700192	1108
chr20	4700192	4700193	1107
chr20	4700193	4700194	1108
chr20	4700194	4700195	1120
chr20	4700195	4700196	1126
chr20	4700196	4700197	1140
chr20	4700197	4700198	1142
chr20	4700198	4700199	1106
chr20	4700199	4700200	1110
chr20	4700200	4700201	1118
chr20	4700201	4700202	1136
chr20	4700202	4700203	1134
chr20	4700203	4700204	1119
chr20	4700204	4700205	1118
chr20	4700205	4700206	1128
chr20	4700206	4700207	1138
chr20	4700207	4700208	1156
chr20	4700208	4700209	1161
chr20	4700209	4700210	1150
chr20	4700210	4700211	1157
chr20	4700211	4700212	1057
chr20	4700212	4700213	1040
chr20	4700213	4700214	1039
chr20	4700214	4700215	1035
chr20	4700215	4700216	1050
chr20	4700216	4700217	1044
chr20	4700217	4700218	1045
chr20	4700218	4700219	1067
chr20	4700219	4700220	1069
chr20	4700220	4700221	1076
chr20	4700221	4700222	1083
chr20	4700222	4700223	1019
chr20	4700223	4700224	1037
chr20	4700224	4700225	1041
chr20	4700225	4700226	1047
chr20	4700226	4700227	1067
chr20	4700227	4700228	1092
chr20	4700228	4700230	1054
chr20	4700230	4700231	1067
chr20	4700231	4700232	1064
chr20	4700232	4700233	1047
chr20	4700233	4700234	1039
chr20	4700234	4700235	1040
chr20	4700235	4700236	1035
chr20	4700236	4700237	1037
chr20	4700237	4700238	1038
chr20	4700238	4700239	1042
chr20	4700239	4700240	1058
chr20	4700240	4700241	1053
chr20	4700241	4700242	1045
chr20	4700242	4700243	1061
chr20	4700243	4700244	1065
chr20	4700244	4700245	1062
chr20	4700245	4700246	1060
chr20	4700246	4700247	1071
chr20	4700247	4700248	1078
chr20	4700248	4700249	1108
chr20	4700249	4700251	1056
chr20	4700251	4700252	1071
chr20	4700252	4700253	1079
chr20	4700253	4700254	1071
chr20	4700254	4700255	1047
chr20	4700255	4700256	1030
chr20	4700256	4700257	1038
chr20	4700257	4700258	1045
chr20	4700258	4700259	1047
chr20	4700259	4700260	1041
chr20	4700260	4700261	1061
chr20	4700261	4700262	1057
chr20	4700262	4700264	1066
chr20	4700264	4700265	1037
chr20	4700265	4700266	1027
chr20	4700266	4700267	1038
chr20	4700267	4700268	1025
chr20	4700268	4700269	1027
chr20	4700269	4700270	1025
chr20	4700270	4700271	1016
chr20	4700271	4700272	993
chr20	4700272	4700273	980
chr20	4700273	4700274	988
chr20	4700274	4700275	1004
chr20	4700275	4700276	1000
chr20	4700276	4700277	998
chr20	4700277	4700278	972
chr20	4700278	4700279	970
chr20	4700279	4700280	983
chr20	4700280	4700281	979
chr20	4700281	4700282	969
chr20	4700282	4700283	961
chr20	4700283	4700284	937
chr20	4700284	4700285	965
chr20	4700285	4700286	958
chr20	4700286	4700287	936
chr20	4700287	4700289	924
chr20	4700289	4700290	931
chr20	4700290	4700291	979
chr20	4700291	4700292	962
chr20	4700292	4700293	989
chr20	4700293	4700294	994
chr20	4700294	4700295	1001
chr20	4700295	4700296	1004
chr20	4700296	4700297	1009
chr20	4700297	4700298	1034
chr20	4700298	4700299	1062
chr20	4700299	4700300	1074
chr20	4700300	4700301	1071
chr20	4700301	4700302	1070
chr20	4700302	4700303	1031
chr20	4700303	4700304	1009
chr20	4700304	4700305	992
chr20	4700305	4700306	1011
chr20	4700306	4700307	1023
chr20	4700307	4700308	1007
chr20	4700308	4700309	1044
chr20	4700309	4700310	1053
chr20	4700310	4700311	1103
chr20	4700311	4700312	1124
chr20	4700312	4700313	1148
chr20	4700313	4700314	1155
chr20	4700314	4700315	1144
chr20	4700315	4700316	1136
chr20	4700316	4700317	1157
chr20	4700317	4700318	1185
chr20	4700318	4700319	1170
chr20	4700319	4700320	1161
chr20	4700320	4700321	1166
chr20	4700321	4700322	1169
chr20	4700322	4700323	1177
chr20	4700323	4700324	1186
chr20	4700324	4700325	1148
chr20	4700325	4700326	1147
chr20	4700326	4700327	1149
chr20	4700327	4700328	1139
chr20	4700328	4700329	1129
chr20	4700329	4700330	1124
chr20	4700330	4700331	1141
chr20	4700331	4700332	1139
chr20	4700332	4700333	1148
chr20	4700333	4700334	1175
chr20	4700334	4700335	1177
chr20	4700335	4700336	1169
chr20	4700336	4700337	1146
chr20	4700337	4700338	1149
chr20	4700338	4700339	1133
chr20	4700339	4700340	1136
chr20	4700340	4700341	1146
chr20	4700341	4700342	1141
chr20	4700342	4700343	1127
chr20	4700343	4700344	1130
chr20	4700344	4700345	1142
chr20	4700345	4700346	1140
chr20	4700346	4700347	1145
chr20	4700347	4700349	1146
chr20	4700349	4700350	1152
chr20	4700350	4700351	1142
chr20	4700351	4700352	1168
chr20	4700352	4700353	1178
chr20	4700353	4700354	1193
chr20	4700354	4700355	1230
chr20	4700355	4700356	1242
chr20	4700356	4700357	1264
chr20	4700357	4700359	1262
chr20	4700359	4700360	1266
chr20	4700360	4700361	1217
chr20	4700361	4700362	1201
chr20	4700362	4700363	1159
chr20	4700363	4700364	1155
chr20	4700364	4700365	1164
chr20	4700365	4700366	1162
chr20	4700366	4700367	1206
chr20	4700367	4700368	1211
chr20	4700368	4700369	1174
chr20	4700369	4700370	1168
chr20	4700370	4700371	1185
chr20	4700371	4700372	1188
chr20	4700372	4700373	1174
chr20	4700373	4700374	1105
chr20	4700374	4700375	1089
chr20	4700375	4700376	1096
chr20	4700376	4700377	1102
chr20	4700377	4700378	1120
chr20	4700378	4700379	1124
chr20	4700379	4700380	1129
chr20	4700380	4700381	1139
chr20	4700381	4700382	1124
chr20	4700382	4700383	1146
chr20	4700383	4700384	1147
chr20	4700384	4700385	1142
chr20	4700385	4700386	1150
chr20	4700386	4700387	1137
chr20	4700387	4700389	1161
chr20	4700389	4700390	1154
chr20	4700390	4700391	1166
chr20	4700391	4700392	1146
chr20	4700392	4700393	1137
chr20	4700393	4700394	1112
chr20	4700394	4700395	1126
chr20	4700395	4700396	1125
chr20	4700396	4700397	1116
chr20	4700397	4700398	1118
chr20	4700398	4700399	1120
chr20	4700399	4700400	1105
chr20	4700400	4700401	1103
chr20	4700401	4700402	1087
chr20	4700402	4700403	1086
chr20	4700403	4700404	1081
chr20	4700404	4700405	1090
chr20	4700405	4700406	1093
chr20	4700406	4700407	1079
chr20	4700407	4700408	1072
chr20	4700408	4700409	1083
chr20	4700409	4700410	1073
chr20	4700410	4700411	1089
chr20	4700411	4700412	1092
chr20	4700412	4700413	1103
chr20	4700413	4700414	1102
chr20	4700414	4700415	1125
chr20	4700415	4700416	1160
chr20	4700416	4700418	1161
chr20	4700418	4700419	1162
chr20	4700419	4700420	1159
chr20	4700420	4700421	1152
chr20	4700421	4700422	1159
chr20	4700422	4700423	1149
chr20	4700423	4700424	1147
chr20	4700424	4700425	1138
chr20	4700425	4700426	1119
chr20	4700426	4700427	1115
chr20	4700427	4700428	1082
chr20	4700428	4700429	1137
chr20	4700429	4700430	1129
chr20	4700430	4700431	1078
chr20	4700431	4700432	1092
chr20	4700432	4700433	1060
chr20	4700433	4700434	1057
chr20	4700434	4700435	1062
chr20	4700435	4700436	1099
chr20	4700436	4700437	1122
chr20	4700437	4700438	1148
chr20	4700438	4700439	1160
chr20	4700439	4700440	1180
chr20	4700440	4700441	1169
chr20	4700441	4700442	1184
chr20	4700442	4700443	1110
chr20	4700443	4700444	1124
chr20	4700444	4700445	1122
chr20	4700445	4700446	1108
chr20	4700446	4700447	1099
chr20	4700447	4700448	1101
chr20	4700448	4700449	1108
chr20	4700449	4700450	1120
chr20	4700450	4700451	1125
chr20	4700451	4700452	1105
chr20	4700452	4700453	1108
chr20	4700453	4700454	1094
chr20	4700454	4700455	1093
chr20	4700455	4700456	1097
chr20	4700456	4700457	1082
chr20	4700457	4700458	1062
chr20	4700458	4700459	1042
chr20	4700459	4700460	1054
chr20	4700460	4700461	1031
chr20	4700461	4700462	999
chr20	4700462	4700463	971
chr20	4700463	4700465	939
chr20	4700465	4700466	940
chr20	4700466	4700468	936
chr20	4700468	4700469	946
chr20	4700469	4700470	1020
chr20	4700470	4700471	1010
chr20	4700471	4700472	1009
chr20	4700472	4700473	1016
chr20	4700473	4700474	1002
chr20	4700474	4700475	990
chr20	4700475	4700476	1017
chr20	4700476	4700477	1026
chr20	4700477	4700478	1054
chr20	4700478	4700479	1073
chr20	4700479	4700480	1075
chr20	4700480	4700481	1072
chr20	4700481	4700482	1075
chr20	4700482	4700483	1145
chr20	4700483	4700484	1173
chr20	4700484	4700485	1140
chr20	4700485	4700486	1128
chr20	4700486	4700487	1107
chr20	4700487	4700488	1103
chr20	4700488	4700489	1110
chr20	4700489	4700490	1103
chr20	4700490	4700491	1082
chr20	4700491	4700492	1050
chr20	4700492	4700493	1047
chr20	4700493	4700494	1052
chr20	4700494	4700495	1153
chr20	4700495	4700496	1154
chr20	4700496	4700497	1150
chr20	4700497	4700498	1144
chr20	4700498	4700499	1143
chr20	4700499	4700500	1173
chr20	4700500	4700501	1193
chr20	4700501	4700502	1264
chr20	4700502	4700503	1273
chr20	4700503	4700504	1268
chr20	4700504	4700505	1213
chr20	4700505	4700506	1205
chr20	4700506	4700507	1201
chr20	4700507	4700508	1192
chr20	4700508	4700509	1197
chr20	4700509	4700510	1227
chr20	4700510	4700511	1252
chr20	4700511	4700512	1225
chr20	4700512	4700513	1209
chr20	4700513	4700514	1199
chr20	4700514	4700515	1215
chr20	4700515	4700516	1206
chr20	4700516	4700517	1207
chr20	4700517	4700518	1185
chr20	4700518	4700519	1213
chr20	4700519	4700520	1204
chr20	4700520	4700521	1231
chr20	4700521	4700522	1230
chr20	4700522	4700523	1222
chr20	4700523	4700524	1226
chr20	4700524	4700525	1220
chr20	4700525	4700526	1221
chr20	4700526	4700527	1210
chr20	4700527	4700528	1219
chr20	4700528	4700529	1216
chr20	4700529	4700530	1226
chr20	4700530	4700531	1235
chr20	4700531	4700532	1234
chr20	4700532	4700533	1241
chr20	4700533	4700534	1230
chr20	4700534	4700535	1256
chr20	4700535	4700536	1239
chr20	4700536	4700537	1255
chr20	4700537	4700538	1258
chr20	4700538	4700539	1250
chr20	4700539	4700540	1279
chr20	4700540	4700541	1283
chr20	4700541	4700542	1279
chr20	4700542	4700543	1277
chr20	4700543	4700544	1287
chr20	4700544	4700545	1271
chr20	4700545	4700546	1217
chr20	4700546	4700547	1233
chr20	4700547	4700548	1285
chr20	4700548	4700549	1291
chr20	4700549	4700550	1293
chr20	4700550	4700551	1294
chr20	4700551	4700552	1269
chr20	4700552	4700553	1253
chr20	4700553	4700554	1254
chr20	4700554	4700555	1231
chr20	4700555	4700556	1234
chr20	4700556	4700557	1239
chr20	4700557	4700558	1242
chr20	4700558	4700559	1175
chr20	4700559	4700560	1170
chr20	4700560	4700561	1169
chr20	4700561	4700562	1168
chr20	4700562	4700563	1211
chr20	4700563	4700564	1239
chr20	4700564	4700565	1265
chr20	4700565	4700566	1316
chr20	4700566	4700567	1319
chr20	4700567	4700568	1327
chr20	4700568	4700569	1343
chr20	4700569	4700570	1351
chr20	4700570	4700571	1273
chr20	4700571	4700573	1276
chr20	4700573	4700575	1283
chr20	4700575	4700576	1252
chr20	4700576	4700577	1233
chr20	4700577	4700579	1153
chr20	4700579	4700580	1152
chr20	4700580	4700581	1181
chr20	4700581	4700582	1188
chr20	4700582	4700583	1189
chr20	4700583	4700584	1182
chr20	4700584	4700585	1177
chr20	4700585	4700586	1159
chr20	4700586	4700587	1137
chr20	4700587	4700588	1152
chr20	4700588	4700589	1179
chr20	4700589	4700590	1164
chr20	4700590	4700591	1146
chr20	4700591	4700592	1155
chr20	4700592	4700593	1162
chr20	4700593	4700594	1209
chr20	4700594	4700595	1183
chr20	4700595	4700596	1180
chr20	4700596	4700597	1151
chr20	4700597	4700598	1140
chr20	4700598	4700599	1183
chr20	4700599	4700600	1180
chr20	4700600	4700601	1173
chr20	4700601	4700602	1168
chr20	4700602	4700603	1174
chr20	4700603	4700604	1160
chr20	4700604	4700605	1177
chr20	4700605	4700606	1169
chr20	4700606	4700608	1153
chr20	4700608	4700609	1154
chr20	4700609	4700610	1249
chr20	4700610	4700611	1217
chr20	4700611	4700612	1257
chr20	4700612	4700613	1253
chr20	4700613	4700614	1283
chr20	4700614	4700615	1314
chr20	4700615	4700616	1309
chr20	4700616	4700617	1346
chr20	4700617	4700618	1387
chr20	4700618	4700619	1431
chr20	4700619	4700620	1460
chr20	4700620	4700621	1474
chr20	4700621	4700622	1471
chr20	4700622	4700623	1483
chr20	4700623	4700624	1433
chr20	4700624	4700625	1424
chr20	4700625	4700626	1432
chr20	4700626	4700627	1436
chr20	4700627	4700628	1463
chr20	4700628	4700629	1465
chr20	4700629	4700630	1457
chr20	4700630	4700631	1453
chr20	4700631	4700632	1463
chr20	4700632	4700633	1482
chr20	4700633	4700634	1472
chr20	4700634	4700635	1471
chr20	4700635	4700636	1461
chr20	4700636	4700637	1483
chr20	4700637	4700638	1512
chr20	4700638	4700639	1477
chr20	4700639	4700640	1487
chr20	4700640	4700641	1447
chr20	4700641	4700642	1421
chr20	4700642	4700643	1420
chr20	4700643	4700644	1418
chr20	4700644	4700645	1414
chr20	4700645	4700646	1400
chr20	4700646	4700647	1398
chr20	4700647	4700648	1411
chr20	4700648	4700649	1409
chr20	4700649	4700650	1418
chr20	4700650	4700651	1420
chr20	4700651	4700652	1461
chr20	4700652	4700653	1467
chr20	4700653	4700654	1475
chr20	4700654	4700655	1474
chr20	4700655	4700656	1473
chr20	4700656	4700657	1448
chr20	4700657	4700658	1449
chr20	4700658	4700659	1440
chr20	4700659	4700660	1438
chr20	4700660	4700661	1434
chr20	4700661	4700662	1418
chr20	4700662	4700663	1430
chr20	4700663	4700664	1409
chr20	4700664	4700665	1384
chr20	4700665	4700666	1376
chr20	4700666	4700667	1362
chr20	4700667	4700668	1359
chr20	4700668	4700669	1334
chr20	4700669	4700670	1310
chr20	4700670	4700672	1296
chr20	4700672	4700673	1305
chr20	4700673	4700674	1309
chr20	4700674	4700675	1271
chr20	4700675	4700676	1269
chr20	4700676	4700677	1278
chr20	4700677	4700678	1274
chr20	4700678	4700679	1278
chr20	4700679	4700680	1318
chr20	4700680	4700681	1324
chr20	4700681	4700682	1362
chr20	4700682	4700683	1412
chr20	4700683	4700684	1407
chr20	4700684	4700685	1416
chr20	4700685	4700686	1319
chr20	4700686	4700687	1316
chr20	4700687	4700688	1270
chr20	4700688	4700689	1262
chr20	4700689	4700690	1270
chr20	4700690	4700691	1255
chr20	4700691	4700692	1226
chr20	4700692	4700693	1194
chr20	4700693	4700694	1157
chr20	4700694	4700695	1092
chr20	4700695	4700696	1120
chr20	4700696	4700697	1126
chr20	4700697	4700698	1154
chr20	4700698	4700699	1144
chr20	4700699	4700700	1143
chr20	4700700	4700701	1144
chr20	4700701	4700702	1146
chr20	4700702	4700703	1134
chr20	4700703	4700704	1119
chr20	4700704	4700705	1139
chr20	4700705	4700706	1140
chr20	4700706	4700707	1160
chr20	4700707	4700708	1139
chr20	4700708	4700709	1134
chr20	4700709	4700710	1139
chr20	4700710	4700711	1138
chr20	4700711	4700712	1142
chr20	4700712	4700713	1145
chr20	4700713	4700714	1140
chr20	4700714	4700715	1138
chr20	4700715	4700716	1094
chr20	4700716	4700717	1084
chr20	4700717	4700718	1099
chr20	4700718	4700719	1109
chr20	4700719	4700720	1135
chr20	4700720	4700721	1134
chr20	4700721	4700722	1150
chr20	4700722	4700723	1149
chr20	4700723	4700724	1146
chr20	4700724	4700725	1268
chr20	4700725	4700726	1269
chr20	4700726	4700727	1264
chr20	4700727	4700728	1277
chr20	4700728	4700729	1322
chr20	4700729	4700730	1386
chr20	4700730	4700731	1411
chr20	4700731	4700732	1420
chr20	4700732	4700733	1460
chr20	4700733	4700734	1478
chr20	4700734	4700735	1484
chr20	4700735	4700736	1487
chr20	4700736	4700737	1491
chr20	4700737	4700738	1495
chr20	4700738	4700739	1487
chr20	4700739	4700740	1495
chr20	4700740	4700741	1497
chr20	4700741	4700742	1521
chr20	4700742	4700743	1524
chr20	4700743	4700744	1575
chr20	4700744	4700745	1573
chr20	4700745	4700746	1559
chr20	4700746	4700748	1562
chr20	4700748	4700749	1553
chr20	4700749	4700750	1549
chr20	4700750	4700751	1598
chr20	4700751	4700752	1601
chr20	4700752	4700753	1603
chr20	4700753	4700754	1606
chr20	4700754	4700755	1621
chr20	4700755	4700756	1576
chr20	4700756	4700757	1557
chr20	4700757	4700758	1525
chr20	4700758	4700759	1486
chr20	4700759	4700760	1487
chr20	4700760	4700761	1463
chr20	4700761	4700762	1475
chr20	4700762	4700764	1477
chr20	4700764	4700765	1467
chr20	4700765	4700766	1438
chr20	4700766	4700767	1403
chr20	4700767	4700768	1395
chr20	4700768	4700769	1419
chr20	4700769	4700770	1440
chr20	4700770	4700771	1448
chr20	4700771	4700772	1392
chr20	4700772	4700773	1381
chr20	4700773	4700774	1351
chr20	4700774	4700775	1365
chr20	4700775	4700776	1368
chr20	4700776	4700777	1377
chr20	4700777	4700778	1435
chr20	4700778	4700779	1446
chr20	4700779	4700780	1430
chr20	4700780	4700781	1414
chr20	4700781	4700782	1444
chr20	4700782	4700783	1436
chr20	4700783	4700784	1449
chr20	4700784	4700785	1425
chr20	4700785	4700786	1415
chr20	4700786	4700787	1409
chr20	4700787	4700788	1399
chr20	4700788	4700789	1372
chr20	4700789	4700790	1342
chr20	4700790	4700791	1343
chr20	4700791	4700792	1347
chr20	4700792	4700793	1352
chr20	4700793	4700794	1366
chr20	4700794	4700795	1356
chr20	4700795	4700796	1325
chr20	4700796	4700797	1350
chr20	4700797	4700798	1443
chr20	4700798	4700799	1477
chr20	4700799	4700800	1472
chr20	4700800	4700801	1366
chr20	4700801	4700802	1362
chr20	4700802	4700803	1397
chr20	4700803	4700804	1351
chr20	4700804	4700805	1316
chr20	4700805	4700806	1253
chr20	4700806	4700807	1246
chr20	4700807	4700808	1386
chr20	4700808	4700809	1395
chr20	4700809	4700810	1445
chr20	4700810	4700811	1444
chr20	4700811	4700812	1460
chr20	4700812	4700813	1468
chr20	4700813	4700814	1489
chr20	4700814	4700815	1560
chr20	4700815	4700816	1563
chr20	4700816	4700817	1614
chr20	4700817	4700818	1609
chr20	4700818	4700819	1680
chr20	4700819	4700820	1636
chr20	4700820	4700821	1649
chr20	4700821	4700822	1665
chr20	4700822	4700823	1663
chr20	4700823	4700824	1702
chr20	4700824	4700825	1703
chr20	4700825	4700826	1712
chr20	4700826	4700827	1682
chr20	4700827	4700828	1693
chr20	4700828	4700829	1690
chr20	4700829	4700830	1691
chr20	4700830	4700831	1661
chr20	4700831	4700832	1717
chr20	4700832	4700833	1731
chr20	4700833	4700834	1788
chr20	4700834	4700835	1862
chr20	4700835	4700836	1948
chr20	4700836	4700837	1979
chr20	4700837	4700838	1987
chr20	4700838	4700839	2104
chr20	4700839	4700840	2123
chr20	4700840	4700841	2187
chr20	4700841	4700842	2200
chr20	4700842	4700843	2204
chr20	4700843	4700844	2209
chr20	4700844	4700845	2176
chr20	4700845	4700846	2196
chr20	4700846	4700847	2202
chr20	4700847	4700848	2224
chr20	4700848	4700849	2232
chr20	4700849	4700850	2224
chr20	4700850	4700851	2210
chr20	4700851	4700852	2215
chr20	4700852	4700853	2216
chr20	4700853	4700854	2153
chr20	4700854	4700856	2147
chr20	4700856	4700857	2132
chr20	4700857	4700858	2108
chr20	4700858	4700859	2096
chr20	4700859	4700860	2087
chr20	4700860	4700861	2084
chr20	4700861	4700862	2081
chr20	4700862	4700863	2158
chr20	4700863	4700864	2179
chr20	4700864	4700865	2217
chr20	4700865	4700866	2214
chr20	4700866	4700867	2223
chr20	4700867	4700868	2273
chr20	4700868	4700869	2291
chr20	4700869	4700870	2307
chr20	4700870	4700871	2347
chr20	4700871	4700873	2357
chr20	4700873	4700874	2243
chr20	4700874	4700875	2247
chr20	4700875	4700876	2253
chr20	4700876	4700877	2282
chr20	4700877	4700878	2333
chr20	4700878	4700879	2397
chr20	4700879	4700880	2404
chr20	4700880	4700881	2397
chr20	4700881	4700882	2389
chr20	4700882	4700883	2387
chr20	4700883	4700884	2244
chr20	4700884	4700885	2197
chr20	4700885	4700886	2170
chr20	4700886	4700887	2168
chr20	4700887	4700888	2161
chr20	4700888	4700889	2157
chr20	4700889	4700890	2147
chr20	4700890	4700891	2127
chr20	4700891	4700892	2129
chr20	4700892	4700893	2071
chr20	4700893	4700894	2081
chr20	4700894	4700895	2008
chr20	4700895	4700896	2016
chr20	4700896	4700897	2065
chr20	4700897	4700898	2075
chr20	4700898	4700899	2127
chr20	4700899	4700900	2121
chr20	4700900	4700901	2129
chr20	4700901	4700902	2117
chr20	4700902	4700903	2105
chr20	4700903	4700904	2142
chr20	4700904	4700905	2190
chr20	4700905	4700906	2195
chr20	4700906	4700907	2237
chr20	4700907	4700908	2217
chr20	4700908	4700909	2214
chr20	4700909	4700910	2149
chr20	4700910	4700911	2101
chr20	4700911	4700912	2040
chr20	4700912	4700913	2012
chr20	4700913	4700914	2008
chr20	4700914	4700915	1928
chr20	4700915	4700916	1951
chr20	4700916	4700917	1924
chr20	4700917	4700919	1929
chr20	4700919	4700920	1917
chr20	4700920	4700921	1924
chr20	4700921	4700922	1899
chr20	4700922	4700923	1893
chr20	4700923	4700924	1872
chr20	4700924	4700925	1858
chr20	4700925	4700926	1839
chr20	4700926	4700927	1908
chr20	4700927	4700928	1902
chr20	4700928	4700929	1886
chr20	4700929	4700930	1885
chr20	4700930	4700931	1890
chr20	4700931	4700932	1912
chr20	4700932	4700933	1948
chr20	4700933	4700934	1958
chr20	4700934	4700935	2001
chr20	4700935	4700936	2006
chr20	4700936	4700937	2032
chr20	4700937	4700938	2131
chr20	4700938	4700939	2113
chr20	4700939	4700940	2175
chr20	4700940	4700941	2173
chr20	4700941	4700942	2204
chr20	4700942	4700943	2208
chr20	4700943	4700944	2222
chr20	4700944	4700945	2221
chr20	4700945	4700946	2187
chr20	4700946	4700947	2143
chr20	4700947	4700948	2138
chr20	4700948	4700949	2103
chr20	4700949	4700950	2134
chr20	4700950	4700951	2117
chr20	4700951	4700952	2094
chr20	4700952	4700953	2051
chr20	4700953	4700954	2012
chr20	4700954	4700955	1938
chr20	4700955	4700956	1943
chr20	4700956	4700958	1947
chr20	4700958	4700959	1935
chr20	4700959	4700960	1937
chr20	4700960	4700961	1996
chr20	4700961	4700962	2114
chr20	4700962	4700963	2192
chr20	4700963	4700964	2224
chr20	4700964	4700965	2221
chr20	4700965	4700966	2227
chr20	4700966	4700967	2172
chr20	4700967	4700968	2175
chr20	4700968	4700969	2208
chr20	4700969	4700970	2188
chr20	4700970	4700971	2220
chr20	4700971	4700972	2250
chr20	4700972	4700973	2203
chr20	4700973	4700974	2184
chr20	4700974	4700975	2146
chr20	4700975	4700976	2132
chr20	4700976	4700977	2129
chr20	4700977	4700978	2128
chr20	4700978	4700979	2121
chr20	4700979	4700980	2067
chr20	4700980	4700981	2089
chr20	4700981	4700982	2100
chr20	4700982	4700983	2093
chr20	4700983	4700984	2334
chr20	4700984	4700985	2378
chr20	4700985	4700986	2399
chr20	4700986	4700987	2386
chr20	4700987	4700988	2390
chr20	4700988	4700989	2408
chr20	4700989	4700990	2399
chr20	4700990	4700991	2400
chr20	4700991	4700992	2370
chr20	4700992	4700993	2400
chr20	4700993	4700994	2421
chr20	4700994	4700995	2430
chr20	4700995	4700996	2431
chr20	4700996	4700997	2429
chr20	4700997	4700998	2426
chr20	4700998	4700999	2421
chr20	4700999	4701000	2413
chr20	4701000	4701001	2415
chr20	4701001	4701002	2432
chr20	4701002	4701003	2380
chr20	4701003	4701004	2538
chr20	4701004	4701005	2566
chr20	4701005	4701006	2567
chr20	4701006	4701007	2569
chr20	4701007	4701008	2542
chr20	4701008	4701009	2501
chr20	4701009	4701010	2538
chr20	4701010	4701011	2513
chr20	4701011	4701012	2506
chr20	4701012	4701013	2486
chr20	4701013	4701014	2366
chr20	4701014	4701015	2354
chr20	4701015	4701016	2277
chr20	4701016	4701017	2246
chr20	4701017	4701018	2220
chr20	4701018	4701019	2232
chr20	4701019	4701020	2257
chr20	4701020	4701021	2289
chr20	4701021	4701022	2360
chr20	4701022	4701023	2347
chr20	4701023	4701024	2366
chr20	4701024	4701025	2379
chr20	4701025	4701026	2498
chr20	4701026	4701027	2510
chr20	4701027	4701028	2570
chr20	4701028	4701029	2598
chr20	4701029	4701030	2591
chr20	4701030	4701031	2581
chr20	4701031	4701032	2591
chr20	4701032	4701033	2576
chr20	4701033	4701034	2563
chr20	4701034	4701035	2561
chr20	4701035	4701036	2637
chr20	4701036	4701037	2562
chr20	4701037	4701038	2434
chr20	4701038	4701039	2362
chr20	4701039	4701040	2331
chr20	4701040	4701042	2321
chr20	4701042	4701043	2326
chr20	4701043	4701044	2325
chr20	4701044	4701045	2293
chr20	4701045	4701046	2341
chr20	4701046	4701047	2434
chr20	4701047	4701048	2425
chr20	4701048	4701049	2420
chr20	4701049	4701050	2458
chr20	4701050	4701051	2578
chr20	4701051	4701052	2668
chr20	4701052	4701053	2689
chr20	4701053	4701054	2683
chr20	4701054	4701055	2703
chr20	4701055	4701056	2716
chr20	4701056	4701057	2669
chr20	4701057	4701058	2661
chr20	4701058	4701059	2631
chr20	4701059	4701060	2314
chr20	4701060	4701061	2298
chr20	4701061	4701062	2277
chr20	4701062	4701063	2275
chr20	4701063	4701064	2313
chr20	4701064	4701065	2298
chr20	4701065	4701066	2285
chr20	4701066	4701067	2418
chr20	4701067	4701068	2429
chr20	4701068	4701069	2382
chr20	4701069	4701070	2370
chr20	4701070	4701072	2372
chr20	4701072	4701073	2368
chr20	4701073	4701074	2381
chr20	4701074	4701075	2376
chr20	4701075	4701076	2410
chr20	4701076	4701077	2417
chr20	4701077	4701078	2450
chr20	4701078	4701079	2441
chr20	4701079	4701080	2329
chr20	4701080	4701082	2306
chr20	4701082	4701083	2302
chr20	4701083	4701084	2319
chr20	4701084	4701085	2390
chr20	4701085	4701086	2383
chr20	4701086	4701087	2375
chr20	4701087	4701088	2377
chr20	4701088	4701089	2385
chr20	4701089	4701090	2424
chr20	4701090	4701091	2439
chr20	4701091	4701092	2453
chr20	4701092	4701093	2463
chr20	4701093	4701094	2472
chr20	4701094	4701095	2531
chr20	4701095	4701096	2485
chr20	4701096	4701097	2412
chr20	4701097	4701098	2358
chr20	4701098	4701099	2364
chr20	4701099	4701100	2336
chr20	4701100	4701101	2513
chr20	4701101	4701102	2357
chr20	4701102	4701103	2421
chr20	4701103	4701104	2400
chr20	4701104	4701105	2384
chr20	4701105	4701106	2452
chr20	4701106	4701107	2465
chr20	4701107	4701108	2476
chr20	4701108	4701109	2484
chr20	4701109	4701110	2556
chr20	4701110	4701111	2657
chr20	4701111	4701112	2647
chr20	4701112	4701113	2725
#bedGraph section chr20:4701113-4780303
chr20	4701113	4701114	2755
chr20	4701114	4701115	2780
chr20	4701115	4701116	2799
chr20	4701116	4701117	2812
chr20	4701117	4701118	2797
chr20	4701118	4701120	2787
chr20	4701120	4701121	2808
chr20	4701121	4701122	2747
chr20	4701122	4701123	2614
chr20	4701123	4701124	2612
chr20	4701124	4701125	2609
chr20	4701125	4701126	2478
chr20	4701126	4701127	2354
chr20	4701127	4701128	2316
chr20	4701128	4701129	2348
chr20	4701129	4701130	2375
chr20	4701130	4701131	2391
chr20	4701131	4701132	2396
chr20	4701132	4701133	2390
chr20	4701133	4701134	2408
chr20	4701134	4701135	2407
chr20	4701135	4701136	2385
chr20	4701136	4701137	2403
chr20	4701137	4701138	2413
chr20	4701138	4701139	2443
chr20	4701139	4701140	2385
chr20	4701140	4701141	2377
chr20	4701141	4701142	2352
chr20	4701142	4701143	2189
chr20	4701143	4701144	2168
chr20	4701144	4701145	2174
chr20	4701145	4701146	2163
chr20	4701146	4701147	2175
chr20	4701147	4701148	2239
chr20	4701148	4701149	2274
chr20	4701149	4701150	2306
chr20	4701150	4701151	2303
chr20	4701151	4701152	2268
chr20	4701152	4701153	2304
chr20	4701153	4701154	2274
chr20	4701154	4701155	2341
chr20	4701155	4701156	2340
chr20	4701156	4701157	2353
chr20	4701157	4701158	2388
chr20	4701158	4701159	2412
chr20	4701159	4701160	2411
chr20	4701160	4701161	2392
chr20	4701161	4701162	2367
chr20	4701162	4701163	2365
chr20	4701163	4701164	2383
chr20	4701164	4701165	2487
chr20	4701165	4701166	2484
chr20	4701166	4701167	2514
chr20	4701167	4701168	2565
chr20	4701168	4701169	2627
chr20	4701169	4701170	2643
chr20	4701170	4701171	2554
chr20	4701171	4701172	2543
chr20	4701172	4701173	2536
chr20	4701173	4701174	2530
chr20	4701174	4701175	2640
chr20	4701175	4701176	2619
chr20	4701176	4701177	2463
chr20	4701177	4701178	2445
chr20	4701178	4701179	2377
chr20	4701179	4701180	2341
chr20	4701180	4701181	2333
chr20	4701181	4701182	2289
chr20	4701182	4701183	2274
chr20	4701183	4701184	2270
chr20	4701184	4701185	2310
chr20	4701185	4701186	2197
chr20	4701186	4701187	2114
chr20	4701187	4701188	2037
chr20	4701188	4701189	1969
chr20	4701189	4701190	1941
chr20	4701190	4701191	1911
chr20	4701191	4701192	1896
chr20	4701192	4701193	1882
chr20	4701193	4701194	1893
chr20	4701194	4701195	1884
chr20	4701195	4701196	1877
chr20	4701196	4701197	1852
chr20	4701197	4701198	1864
chr20	4701198	4701199	1852
chr20	4701199	4701200	1843
chr20	4701200	4701201	1842
chr20	4701201	4701202	1838
chr20	4701202	4701203	1850
chr20	4701203	4701204	1848
chr20	4701204	4701205	1811
chr20	4701205	4701206	1777
chr20	4701206	4701207	1904
chr20	4701207	4701209	1901
chr20	4701209	4701210	1878
chr20	4701210	4701211	1877
chr20	4701211	4701212	1896
chr20	4701212	4701213	1887
chr20	4701213	4701214	1866
chr20	4701214	4701215	1831
chr20	4701215	4701216	1832
chr20	4701216	4701217	1829
chr20	4701217	4701218	1841
chr20	4701218	4701219	1851
chr20	4701219	4701220	1860
chr20	4701220	4701221	1859
chr20	4701221	4701222	1864
chr20	4701222	4701223	1852
chr20	4701223	4701224	1778
chr20	4701224	4701226	1797
chr20	4701226	4701227	1863
chr20	4701227	4701228	1879
chr20	4701228	4701229	1846
chr20	4701229	4701230	1872
chr20	4701230	4701231	1776
chr20	4701231	4701232	1779
chr20	4701232	4701233	1777
chr20	4701233	4701234	1755
chr20	4701234	4701235	1732
chr20	4701235	4701236	1740
chr20	4701236	4701237	1689
chr20	4701237	4701238	1688
chr20	4701238	4701239	1700
chr20	4701239	4701240	1722
chr20	4701240	4701241	1643
chr20	4701241	4701242	1614
chr20	4701242	4701243	1542
chr20	4701243	4701244	1530
chr20	4701244	4701245	1421
chr20	4701245	4701246	1475
chr20	4701246	4701247	1478
chr20	4701247	4701248	1512
chr20	4701248	4701249	1522
chr20	4701249	4701250	1513
chr20	4701250	4701251	1406
chr20	4701251	4701252	1397
chr20	4701252	4701253	1406
chr20	4701253	4701254	1424
chr20	4701254	4701255	1452
chr20	4701255	4701256	1523
chr20	4701256	4701257	1543
chr20	4701257	4701258	1524
chr20	4701258	4701259	1504
chr20	4701259	4701260	1486
chr20	4701260	4701261	1452
chr20	4701261	4701262	1484
chr20	4701262	4701263	1498
chr20	4701263	4701264	1509
chr20	4701264	4701265	1520
chr20	4701265	4701266	1525
chr20	4701266	4701267	1528
chr20	4701267	4701269	1521
chr20	4701269	4701270	1507
chr20	4701270	4701271	1528
chr20	4701271	4701272	1519
chr20	4701272	4701273	1534
chr20	4701273	4701274	1515
chr20	4701274	4701276	1528
chr20	4701276	4701277	1552
chr20	4701277	4701278	1583
chr20	4701278	4701279	1580
chr20	4701279	4701280	1579
chr20	4701280	4701281	1580
chr20	4701281	4701282	1598
chr20	4701282	4701283	1493
chr20	4701283	4701284	1488
chr20	4701284	4701285	1504
chr20	4701285	4701286	1521
chr20	4701286	4701287	1527
chr20	4701287	4701288	1521
chr20	4701288	4701289	1517
chr20	4701289	4701290	1540
chr20	4701290	4701291	1594
chr20	4701291	4701292	1593
chr20	4701292	4701293	1698
chr20	4701293	4701294	1719
chr20	4701294	4701295	1711
chr20	4701295	4701296	1696
chr20	4701296	4701297	1874
chr20	4701297	4701298	1889
chr20	4701298	4701299	1920
chr20	4701299	4701300	1919
chr20	4701300	4701301	1944
chr20	4701301	4701302	1907
chr20	4701302	4701303	1876
chr20	4701303	4701304	2100
chr20	4701304	4701305	2166
chr20	4701305	4701306	2190
chr20	4701306	4701307	2189
chr20	4701307	4701308	2186
chr20	4701308	4701309	2342
chr20	4701309	4701310	2338
chr20	4701310	4701311	2342
chr20	4701311	4701312	2328
chr20	4701312	4701313	2326
chr20	4701313	4701314	2350
chr20	4701314	4701315	2368
chr20	4701315	4701316	2352
chr20	4701316	4701317	2323
chr20	4701317	4701318	2390
chr20	4701318	4701319	2436
chr20	4701319	4701320	2448
chr20	4701320	4701321	2473
chr20	4701321	4701322	2452
chr20	4701322	4701323	2444
chr20	4701323	4701324	2416
chr20	4701324	4701325	2436
chr20	4701325	4701326	2459
chr20	4701326	4701327	2600
chr20	4701327	4701328	2685
chr20	4701328	4701329	2691
chr20	4701329	4701330	2660
chr20	4701330	4701331	2642
chr20	4701331	4701332	2582
chr20	4701332	4701333	2553
chr20	4701333	4701334	2586
chr20	4701334	4701335	2598
chr20	4701335	4701336	2654
chr20	4701336	4701337	2665
chr20	4701337	4701338	2686
chr20	4701338	4701339	2691
chr20	4701339	4701340	2740
chr20	4701340	4701341	2846
chr20	4701341	4701342	2898
chr20	4701342	4701343	2951
chr20	4701343	4701344	2964
chr20	4701344	4701345	2979
chr20	4701345	4701346	3000
chr20	4701346	4701347	2990
chr20	4701347	4701348	3225
chr20	4701348	4701349	3215
chr20	4701349	4701350	3224
chr20	4701350	4701351	3221
chr20	4701351	4701352	3219
chr20	4701352	4701353	3239
chr20	4701353	4701354	3211
chr20	4701354	4701355	3208
chr20	4701355	4701356	3207
chr20	4701356	4701357	3210
chr20	4701357	4701358	3185
chr20	4701358	4701359	3140
chr20	4701359	4701360	3127
chr20	4701360	4701361	3167
chr20	4701361	4701362	3200
chr20	4701362	4701363	3206
chr20	4701363	4701364	3205
chr20	4701364	4701365	3207
chr20	4701365	4701366	3181
chr20	4701366	4701367	3151
chr20	4701367	4701368	3204
chr20	4701368	4701369	3167
chr20	4701369	4701370	3181
chr20	4701370	4701371	3188
chr20	4701371	4701372	3158
chr20	4701372	4701373	3070
chr20	4701373	4701374	3091
chr20	4701374	4701375	3228
chr20	4701375	4701376	3272
chr20	4701376	4701377	3238
chr20	4701377	4701378	3300
chr20	4701378	4701379	3260
chr20	4701379	4701380	3114
chr20	4701380	4701381	3035
chr20	4701381	4701382	3059
chr20	4701382	4701383	3074
chr20	4701383	4701384	3159
chr20	4701384	4701385	3116
chr20	4701385	4701386	3225
chr20	4701386	4701387	3326
chr20	4701387	4701388	3360
chr20	4701388	4701389	3379
chr20	4701389	4701390	3371
chr20	4701390	4701391	3349
chr20	4701391	4701392	3334
chr20	4701392	4701393	3492
chr20	4701393	4701394	3444
chr20	4701394	4701395	3493
chr20	4701395	4701396	3491
chr20	4701396	4701397	3610
chr20	4701397	4701398	3642
chr20	4701398	4701399	3718
chr20	4701399	4701400	3757
chr20	4701400	4701402	3802
chr20	4701402	4701403	3699
chr20	4701403	4701405	3629
chr20	4701405	4701406	3614
chr20	4701406	4701407	3612
chr20	4701407	4701408	3614
chr20	4701408	4701409	3609
chr20	4701409	4701410	3577
chr20	4701410	4701411	3552
chr20	4701411	4701412	3497
chr20	4701412	4701413	3486
chr20	4701413	4701414	3427
chr20	4701414	4701415	3410
chr20	4701415	4701416	3357
chr20	4701416	4701417	3220
chr20	4701417	4701418	3194
chr20	4701418	4701419	3156
chr20	4701419	4701420	3151
chr20	4701420	4701421	3142
chr20	4701421	4701422	3151
chr20	4701422	4701423	3109
chr20	4701423	4701424	2901
chr20	4701424	4701425	2932
chr20	4701425	4701427	2936
chr20	4701427	4701428	2930
chr20	4701428	4701429	2876
chr20	4701429	4701430	2879
chr20	4701430	4701431	2874
chr20	4701431	4701432	2876
chr20	4701432	4701433	2893
chr20	4701433	4701434	2906
chr20	4701434	4701435	2917
chr20	4701435	4701436	2919
chr20	4701436	4701437	2855
chr20	4701437	4701438	2810
chr20	4701438	4701439	2792
chr20	4701439	4701440	2799
chr20	4701440	4701441	2789
chr20	4701441	4701442	2787
chr20	4701442	4701443	2760
chr20	4701443	4701444	2696
chr20	4701444	4701445	2650
chr20	4701445	4701446	2605
chr20	4701446	4701447	2602
chr20	4701447	4701448	2606
chr20	4701448	4701449	2517
chr20	4701449	4701450	2470
chr20	4701450	4701451	2297
chr20	4701451	4701452	2260
chr20	4701452	4701453	2246
chr20	4701453	4701454	2170
chr20	4701454	4701455	2157
chr20	4701455	4701456	2086
chr20	4701456	4701457	2074
chr20	4701457	4701458	1996
chr20	4701458	4701459	1991
chr20	4701459	4701460	1873
chr20	4701460	4701461	1757
chr20	4701461	4701462	1654
chr20	4701462	4701463	1521
chr20	4701463	4701464	1510
chr20	4701464	4701465	1519
chr20	4701465	4701466	1513
chr20	4701466	4701467	1507
chr20	4701467	4701468	1495
chr20	4701468	4701469	1298
chr20	4701469	4701470	1299
chr20	4701470	4701471	1212
chr20	4701471	4701472	1159
chr20	4701472	4701473	1000
chr20	4701473	4701474	990
chr20	4701474	4701475	943
chr20	4701475	4701476	880
chr20	4701476	4701477	807
chr20	4701477	4701478	776
chr20	4701478	4701479	770
chr20	4701479	4701480	743
chr20	4701480	4701481	744
chr20	4701481	4701482	873
chr20	4701482	4701483	891
chr20	4701483	4701484	981
chr20	4701484	4701485	992
chr20	4701485	4701486	994
chr20	4701486	4701487	998
chr20	4701487	4701488	1005
chr20	4701488	4701489	1000
chr20	4701489	4701490	1032
chr20	4701490	4701491	1033
chr20	4701491	4701492	1030
chr20	4701492	4701493	1032
chr20	4701493	4701494	1024
chr20	4701494	4701495	1078
chr20	4701495	4701496	1077
chr20	4701496	4701497	1061
chr20	4701497	4701498	1079
chr20	4701498	4701499	1094
chr20	4701499	4701500	1154
chr20	4701500	4701501	1130
chr20	4701501	4701502	1124
chr20	4701502	4701503	1237
chr20	4701503	4701504	1267
chr20	4701504	4701505	1284
chr20	4701505	4701506	1289
chr20	4701506	4701507	1294
chr20	4701507	4701508	1471
chr20	4701508	4701509	1527
chr20	4701509	4701510	1566
chr20	4701510	4701511	1568
chr20	4701511	4701512	1570
chr20	4701512	4701513	1609
chr20	4701513	4701514	1621
chr20	4701514	4701515	1625
chr20	4701515	4701516	1611
chr20	4701516	4701517	1607
chr20	4701517	4701518	1599
chr20	4701518	4701519	1598
chr20	4701519	4701521	1603
chr20	4701521	4701522	1605
chr20	4701522	4701523	1598
chr20	4701523	4701524	1591
chr20	4701524	4701525	1588
chr20	4701525	4701527	1578
chr20	4701527	4701528	1574
chr20	4701528	4701529	1559
chr20	4701529	4701530	1552
chr20	4701530	4701531	1540
chr20	4701531	4701532	1541
chr20	4701532	4701533	1531
chr20	4701533	4701534	1526
chr20	4701534	4701535	1518
chr20	4701535	4701536	1498
chr20	4701536	4701537	1494
chr20	4701537	4701538	1478
chr20	4701538	4701539	1459
chr20	4701539	4701540	1445
chr20	4701540	4701541	1426
chr20	4701541	4701542	1422
chr20	4701542	4701543	1420
chr20	4701543	4701544	1413
chr20	4701544	4701545	1404
chr20	4701545	4701546	1380
chr20	4701546	4701547	1370
chr20	4701547	4701548	1366
chr20	4701548	4701549	1345
chr20	4701549	4701550	1329
chr20	4701550	4701551	1290
chr20	4701551	4701552	1286
chr20	4701552	4701553	1271
chr20	4701553	4701554	1269
chr20	4701554	4701555	1263
chr20	4701555	4701556	1258
chr20	4701556	4701557	1242
chr20	4701557	4701558	1079
chr20	4701558	4701559	1076
chr20	4701559	4701560	975
chr20	4701560	4701561	974
chr20	4701561	4701562	971
chr20	4701562	4701563	964
chr20	4701563	4701564	959
chr20	4701564	4701565	940
chr20	4701565	4701566	909
chr20	4701566	4701567	905
chr20	4701567	4701568	904
chr20	4701568	4701569	897
chr20	4701569	4701570	870
chr20	4701570	4701572	807
chr20	4701572	4701573	806
chr20	4701573	4701574	758
chr20	4701574	4701575	741
chr20	4701575	4701576	669
chr20	4701576	4701577	660
chr20	4701577	4701578	653
chr20	4701578	4701579	500
chr20	4701579	4701580	488
chr20	4701580	4701581	478
chr20	4701581	4701582	470
chr20	4701582	4701583	460
chr20	4701583	4701584	245
chr20	4701584	4701585	151
chr20	4701585	4701586	120
chr20	4701586	4701587	108
chr20	4701587	4701588	78
chr20	4701588	4701589	16
chr20	4701589	4701590	13
chr20	4701590	4704767	0
